-29.97
-0.34
-13.56
-30.13
-0.33
-13.55
-29.96
-0.42
-13.97
-30.24
-0.41
-13.96
-29.98
-0.49
-14.67
-30.34
-0.53
-14.66
-30.03
-0.53
-15.54
-30.48
-0.61
-15.55
-30.81
-0.51
-15.90
-30.06
-0.54
-16.47
-30.47
-0.68
-16.49
-30.84
-0.54
-16.58
-30.11
-0.54
-17.34
-30.48
-0.68
-17.34
-30.85
-0.54
-17.38
-30.18
-0.49
-18.05
-30.50
-0.62
-18.06
-30.82
-0.50
-18.09
-30.26
-0.41
-18.50
-30.51
-0.45
-18.57
-30.76
-0.42
-18.54
-29.86
-0.03
-13.35
-30.19
0.02
-13.33
-29.69
-0.12
-13.87
-30.54
-0.03
-13.84
-30.88
0.20
-14.13
-29.63
-0.16
-14.63
-30.67
-0.30
-14.58
-30.99
0.06
-14.72
-29.63
-0.16
-15.52
-30.75
-0.43
-15.22
-31.05
-0.15
-15.58
-29.66
-0.13
-16.47
-31.17
-0.15
-16.52
-29.76
-0.12
-17.37
-31.18
-0.14
-17.41
-29.91
-0.09
-18.14
-31.11
-0.12
-18.20
-30.14
-0.05
-18.71
-30.52
-0.06
-18.97
-30.92
-0.08
-18.81
-31.87
0.48
-21.23
-32.14
0.52
-21.31
-31.88
0.43
-21.78
-32.35
0.47
-21.84
-32.70
0.54
-22.17
-31.90
0.39
-22.53
-32.36
0.35
-22.58
-32.75
0.50
-22.69
-31.95
0.43
-23.28
-32.39
0.36
-23.28
-32.77
0.52
-23.33
-32.06
0.50
-23.85
-32.42
0.47
-23.89
-32.74
0.57
-23.87
-29.29
1.52
-11.59
-29.57
1.44
-11.54
-29.86
1.45
-11.57
-29.19
1.35
-12.02
-29.58
1.09
-12.04
-30.01
1.19
-12.00
-29.11
1.13
-12.75
-29.62
0.62
-12.87
-30.25
0.74
-12.78
-29.00
1.02
-13.59
-29.38
0.42
-13.69
-30.70
0.61
-13.39
-31.06
0.73
-13.92
-28.95
1.00
-14.50
-29.29
0.37
-14.56
-31.31
0.68
-14.69
-28.97
1.01
-15.39
-29.28
0.40
-15.48
-31.44
0.53
-15.58
-29.02
1.03
-16.12
-29.28
0.55
-16.48
-31.52
0.46
-16.52
-29.45
0.49
-17.44
-31.54
0.43
-17.46
-29.64
0.52
-18.29
-31.47
0.43
-18.38
-29.95
0.58
-19.05
-30.51
0.54
-19.61
-31.27
0.49
-19.37
-30.77
0.80
-20.61
-31.58
0.66
-20.64
-32.20
0.79
-20.94
-30.83
0.90
-21.53
-31.42
0.61
-21.60
-32.59
0.82
-21.47
-32.92
0.87
-22.02
-30.88
0.98
-22.39
-31.40
0.64
-22.48
-33.08
0.89
-22.70
-30.94
1.07
-23.10
-31.42
0.78
-23.40
-33.10
0.94
-23.48
-31.82
0.84
-24.31
-32.42
0.77
-24.46
-32.95
0.99
-24.33
-31.94
1.14
-25.21
-32.45
1.05
-25.23
-32.95
1.26
-25.25
-32.04
1.36
-25.81
-32.47
1.30
-25.86
-32.88
1.38
-25.84
-29.18
1.97
-11.45
-29.59
1.94
-11.28
-30.02
1.90
-11.41
-28.89
1.90
-11.95
-30.35
1.69
-11.87
-28.73
1.75
-12.69
-30.70
1.49
-12.55
-31.09
1.85
-12.87
-28.65
1.70
-13.55
-30.91
1.19
-13.14
-31.30
1.55
-13.59
-28.64
1.73
-14.49
-31.70
1.54
-14.61
-32.10
2.03
-14.99
-28.71
1.70
-15.47
-31.82
1.24
-15.59
-32.22
1.86
-15.69
-28.85
1.61
-16.49
-29.09
1.08
-16.85
-31.90
1.11
-16.54
-32.33
1.73
-16.57
-28.91
1.80
-17.49
-29.18
1.14
-17.57
-31.93
1.04
-17.49
-32.39
1.63
-17.51
-29.02
1.90
-18.39
-29.33
1.23
-18.45
-31.92
1.01
-18.43
-32.42
1.54
-18.46
-29.15
1.97
-19.13
-29.56
1.42
-19.51
-30.08
1.04
-19.94
-31.89
0.98
-19.34
-32.45
1.44
-19.41
-29.71
1.66
-20.57
-30.21
1.19
-20.66
-31.98
0.96
-20.12
-32.51
1.25
-20.38
-29.81
1.82
-21.49
-30.30
1.32
-21.53
-32.89
1.28
-21.15
-33.25
1.37
-21.81
-29.90
1.95
-22.38
-30.39
1.44
-22.45
-33.46
1.46
-22.65
-30.04
2.01
-23.11
-30.54
1.58
-23.47
-31.06
1.18
-23.81
-33.52
1.58
-23.56
-30.73
1.77
-24.47
-31.25
1.29
-24.50
-33.45
1.69
-24.49
-30.91
1.99
-25.33
-31.45
1.52
-25.35
-33.43
1.87
-25.51
-33.67
2.22
-26.03
-31.15
2.14
-26.00
-31.74
1.83
-26.25
-32.49
1.67
-26.42
-33.14
1.79
-26.31
-33.60
2.24
-26.53
-32.00
2.19
-27.07
-32.58
2.01
-27.09
-33.14
2.08
-27.07
-33.56
2.36
-27.11
-32.20
2.42
-27.51
-32.63
2.37
-27.57
-33.14
2.40
-27.55
-33.48
2.50
-27.49
-29.07
2.72
-11.25
-29.62
2.68
-11.04
-30.24
2.71
-11.20
-30.68
3.10
-11.35
-28.26
3.11
-12.20
-28.59
2.72
-11.88
-30.62
2.32
-11.74
-30.95
2.90
-11.82
-28.15
3.05
-12.72
-28.41
2.45
-12.67
-30.87
2.11
-12.25
-31.24
2.58
-12.56
-28.09
3.04
-13.42
-28.34
2.42
-13.51
-31.69
2.55
-13.50
-32.10
2.96
-13.98
-28.09
3.08
-14.03
-28.30
2.61
-14.47
-31.93
2.26
-14.26
-32.36
2.74
-14.73
-32.80
3.18
-15.14
-28.44
2.53
-15.52
-32.62
2.49
-15.68
-33.04
3.09
-15.76
-28.56
2.51
-16.51
-32.82
2.34
-16.60
-33.40
3.02
-16.66
-33.88
3.30
-17.09
-28.64
2.58
-17.49
-32.92
2.18
-17.54
-33.52
2.70
-17.60
-34.08
3.16
-17.70
-28.75
2.64
-18.46
-33.00
2.05
-18.49
-33.66
2.52
-18.54
-34.44
3.04
-18.60
-35.13
3.30
-19.06
-35.52
3.48
-19.34
-28.92
2.62
-19.49
-29.25
2.09
-19.87
-33.05
1.91
-19.43
-33.72
2.33
-19.49
-34.45
2.71
-19.58
-35.12
3.03
-19.75
-35.60
3.38
-19.86
-28.96
2.88
-20.49
-29.31
2.25
-20.61
-33.12
1.77
-20.31
-33.75
2.15
-20.44
-34.47
2.54
-20.52
-35.14
2.89
-20.59
-35.66
3.31
-20.63
-29.02
3.01
-21.39
-29.37
2.41
-21.49
-33.23
1.68
-20.97
-33.73
1.95
-21.45
-34.50
2.45
-21.48
-35.16
2.85
-21.49
-35.67
3.28
-21.49
-29.06
3.08
-22.11
-29.42
2.61
-22.46
-33.95
2.07
-22.54
-34.58
2.55
-22.46
-35.18
2.90
-22.37
-35.65
3.30
-22.34
-29.70
2.54
-23.47
-30.15
2.13
-23.83
-34.03
2.37
-23.62
-34.64
2.84
-23.38
-35.20
3.07
-23.13
-35.60
3.37
-23.04
-29.77
2.79
-24.36
-30.25
2.32
-24.53
-33.87
2.48
-24.54
-34.87
3.22
-23.74
-35.24
3.34
-23.59
-35.53
3.45
-23.45
-29.87
2.98
-25.01
-30.37
2.65
-25.42
-33.80
2.60
-25.40
-33.85
2.68
-26.01
-30.85
2.68
-26.33
-31.35
2.37
-26.64
-33.85
2.80
-26.58
-31.05
2.97
-26.97
-31.53
2.70
-27.22
-33.77
2.87
-27.17
-31.99
2.86
-27.68
-32.57
2.89
-27.86
-33.14
2.91
-27.82
-33.56
2.92
-27.60
-29.19
4.15
-10.48
-29.56
4.13
-10.37
-29.94
4.18
-10.39
-28.98
3.69
-10.91
-29.59
3.52
-10.70
-30.21
3.74
-10.76
-30.77
3.76
-11.19
-28.16
3.64
-12.10
-28.47
3.61
-11.57
-31.16
3.68
-11.77
-27.98
3.71
-12.70
-31.51
3.56
-12.48
-27.90
3.70
-13.46
-31.86
3.47
-13.19
-32.21
3.65
-13.76
-27.94
3.63
-14.21
-28.09
3.37
-14.83
-32.57
3.66
-14.41
-32.96
3.78
-15.00
-28.21
3.31
-15.64
-33.31
3.79
-15.65
-28.31
3.33
-16.55
-33.69
3.78
-16.36
-34.12
3.82
-16.97
-28.39
3.38
-17.50
-34.45
3.70
-17.57
-28.48
3.47
-18.47
-34.81
3.65
-18.18
-35.28
3.82
-18.66
-35.67
3.92
-19.18
-28.58
3.59
-19.47
-35.88
3.92
-19.84
-28.67
3.68
-20.48
-35.98
3.89
-20.63
-28.74
3.73
-21.45
-35.99
3.87
-21.50
-28.80
3.69
-22.46
-29.12
3.16
-22.83
-35.93
3.84
-22.34
-28.41
4.36
-23.92
-28.68
3.98
-23.52
-29.18
3.24
-23.56
-34.23
2.93
-24.05
-34.51
3.09
-23.88
-35.80
3.83
-23.07
-28.43
4.36
-24.32
-28.75
3.99
-24.43
-29.28
3.37
-24.40
-34.22
3.33
-24.66
-34.71
3.55
-24.15
-35.24
3.78
-23.87
-35.59
3.79
-23.55
-28.97
3.97
-25.05
-29.48
3.53
-25.23
-30.00
3.34
-25.83
-34.02
3.47
-25.57
-33.97
3.21
-26.04
-30.40
3.40
-26.53
-34.00
3.82
-26.13
-33.96
3.53
-26.56
-30.82
3.58
-27.26
-31.34
3.27
-27.51
-33.85
3.54
-27.22
-31.13
3.89
-27.77
-31.71
3.59
-27.91
-32.47
3.59
-28.09
-33.12
3.60
-28.01
-33.58
3.57
-27.71
-29.06
4.74
-10.36
-29.52
4.79
-10.18
-30.00
4.79
-10.26
-28.68
4.55
-10.84
-30.44
4.65
-10.60
-30.91
4.62
-11.09
-28.06
4.20
-12.05
-28.24
4.48
-11.54
-31.33
4.58
-11.72
-27.83
4.52
-12.58
-27.96
4.78
-12.01
-31.75
4.54
-12.48
-32.07
4.89
-12.95
-27.70
4.48
-13.53
-31.97
4.18
-13.04
-32.30
4.55
-13.49
-27.73
4.42
-14.56
-27.93
3.94
-15.02
-32.71
4.54
-14.22
-33.10
4.59
-14.87
-27.72
4.74
-15.55
-27.99
4.02
-15.69
-33.49
4.60
-15.54
-27.81
4.86
-16.51
-28.06
4.09
-16.56
-33.91
4.59
-16.22
-34.41
4.62
-16.92
-34.76
4.92
-17.22
-27.91
4.93
-17.43
-28.14
4.17
-17.48
-34.73
4.31
-17.51
-35.01
4.84
-17.63
-28.00
5.01
-18.27
-28.22
4.31
-18.41
-34.99
4.15
-17.98
-35.35
4.57
-18.29
-35.79
4.64
-19.03
-28.08
5.11
-18.91
-28.29
4.62
-19.41
-36.04
4.66
-19.78
-28.44
4.60
-20.49
-36.14
4.65
-20.62
-28.51
4.61
-21.45
-36.13
4.62
-21.52
-28.50
4.63
-22.38
-36.03
4.51
-22.38
-28.25
4.87
-23.92
-28.39
4.74
-23.24
-35.64
4.84
-23.56
-35.83
4.48
-23.16
-28.26
4.83
-24.63
-28.55
4.39
-24.85
-34.35
4.25
-24.99
-34.76
4.37
-24.51
-35.31
4.54
-24.01
-35.62
4.25
-23.62
-28.31
5.04
-25.39
-28.76
4.46
-25.49
-29.34
4.06
-25.83
-29.76
3.81
-26.10
-34.14
4.37
-25.64
-28.38
5.23
-25.98
-28.78
4.94
-26.28
-29.39
4.48
-26.47
-29.95
4.03
-26.64
-34.01
4.47
-26.29
-33.96
4.29
-26.79
-28.99
5.17
-26.84
-29.51
4.91
-27.11
-30.25
4.44
-27.40
-33.84
4.26
-27.34
-30.89
4.54
-28.04
-31.64
4.41
-28.32
-32.42
4.38
-28.38
-33.11
4.41
-28.19
-33.58
4.28
-27.82
-28.88
5.54
-10.18
-29.44
5.63
-9.99
-30.02
5.62
-10.13
-28.46
5.37
-10.71
-30.53
5.57
-10.50
-31.00
5.55
-11.01
-28.10
5.29
-11.35
-31.41
5.54
-11.63
-27.24
6.05
-12.94
-27.54
5.47
-12.63
-27.84
5.35
-11.94
-31.80
5.55
-12.29
-32.15
5.62
-12.90
-27.16
6.03
-13.60
-27.43
5.32
-13.56
-32.49
5.52
-13.52
-27.14
6.05
-14.36
-27.40
5.35
-14.49
-32.84
5.42
-14.14
-33.21
5.50
-14.76
-27.16
6.13
-14.99
-27.39
5.68
-15.46
-33.62
5.50
-15.46
-27.56
5.70
-16.50
-34.02
5.44
-16.10
-34.50
5.57
-16.74
-34.80
5.36
-17.16
-27.70
5.73
-17.42
-34.83
5.93
-17.12
-35.11
5.63
-17.55
-27.84
5.75
-18.26
-35.53
5.53
-18.24
-35.90
5.53
-18.95
-27.99
5.74
-19.01
-28.17
5.59
-19.72
-36.13
5.54
-19.74
-28.31
5.55
-20.59
-36.22
5.54
-20.62
-28.37
5.54
-21.47
-36.06
5.92
-22.11
-36.15
5.54
-21.62
-28.34
5.56
-22.33
-35.94
5.78
-22.67
-36.02
5.22
-22.43
-28.08
5.65
-23.90
-28.22
5.60
-23.15
-35.69
5.53
-23.43
-35.88
5.07
-23.02
-28.01
5.68
-24.67
-34.41
4.89
-25.19
-34.72
5.13
-24.84
-35.21
5.55
-24.33
-28.03
5.75
-25.45
-34.25
5.27
-25.75
-34.60
5.68
-25.30
-34.92
5.97
-24.95
-28.18
5.80
-26.23
-28.53
5.46
-26.55
-33.96
5.33
-26.62
-33.92
4.86
-26.95
-28.28
6.05
-26.80
-28.74
5.72
-27.09
-29.46
5.57
-27.69
-30.09
5.15
-27.90
-33.63
5.53
-27.51
-33.77
4.90
-27.44
-29.87
5.79
-28.30
-30.57
5.44
-28.58
-31.55
5.16
-28.82
-32.37
5.15
-28.79
-33.15
5.40
-28.39
-33.55
4.87
-27.91
-30.87
5.93
-29.46
-31.60
5.68
-29.50
-32.28
5.69
-29.48
-32.82
6.00
-29.37
-31.09
6.23
-30.13
-31.65
6.05
-30.15
-32.22
6.06
-30.14
-32.65
6.30
-30.10
-31.25
6.45
-30.56
-31.68
6.40
-30.64
-32.18
6.40
-30.64
-32.53
6.49
-30.56
-28.05
7.27
-9.31
-28.48
7.18
-9.27
-28.94
7.19
-9.28
-27.95
6.97
-9.81
-28.56
6.48
-9.86
-29.31
6.68
-9.67
-30.02
6.58
-9.99
-27.72
6.73
-10.53
-28.15
6.13
-10.57
-30.58
6.53
-10.42
-31.04
6.52
-10.96
-27.14
6.95
-11.81
-27.48
6.59
-11.36
-27.87
5.96
-11.26
-31.46
6.52
-11.57
-27.09
6.69
-12.58
-27.45
6.14
-12.09
-27.73
5.83
-11.77
-31.85
6.53
-12.21
-32.24
6.54
-12.86
-26.95
6.76
-13.51
-32.67
6.52
-13.58
-32.99
6.88
-14.04
-26.94
6.77
-14.36
-32.92
6.15
-14.09
-33.25
6.51
-14.59
-27.03
6.74
-15.13
-27.21
6.53
-15.77
-33.75
6.51
-15.46
-34.08
6.87
-15.94
-27.37
6.58
-16.58
-34.05
6.16
-16.00
-34.39
6.54
-16.44
-27.55
6.60
-17.46
-34.86
6.63
-17.07
-35.28
6.55
-17.64
-27.73
6.60
-18.31
-35.66
6.42
-18.24
-35.98
6.48
-18.89
-27.91
6.57
-19.11
-28.09
6.51
-19.86
-36.22
6.48
-19.70
-28.23
6.50
-20.65
-36.29
6.46
-20.58
-28.30
6.50
-21.49
-36.10
6.44
-22.09
-36.23
6.44
-21.46
-28.26
6.51
-22.32
-35.95
6.44
-22.73
-27.97
6.55
-23.89
-28.13
6.53
-23.12
-35.74
6.45
-23.50
-27.85
6.57
-24.68
-35.40
6.57
-24.34
-27.81
6.61
-25.49
-34.24
6.02
-26.01
-34.54
6.32
-25.65
-34.96
6.71
-25.18
-27.86
6.65
-26.30
-33.97
6.46
-26.64
-34.39
6.89
-26.08
-34.73
7.10
-25.70
-28.01
6.68
-27.03
-28.53
6.43
-27.53
-29.10
6.28
-28.02
-33.57
6.45
-27.58
-29.58
6.35
-28.64
-30.14
6.08
-28.92
-33.25
6.46
-28.48
-29.73
6.65
-29.23
-30.25
6.44
-29.54
-33.02
6.69
-29.39
-30.61
6.66
-30.22
-32.84
6.84
-30.18
-31.00
6.88
-30.74
-31.59
6.91
-31.00
-32.17
6.89
-30.99
-32.60
6.93
-30.75
-27.32
8.42
-8.58
-27.66
8.30
-8.51
-28.03
8.30
-8.47
-27.22
8.22
-9.00
-27.74
7.80
-9.01
-28.37
7.91
-8.82
-29.00
7.80
-9.07
-27.04
8.03
-9.68
-27.50
7.49
-9.70
-29.53
7.62
-9.46
-30.10
7.54
-9.88
-26.93
7.85
-10.52
-27.33
7.29
-10.45
-30.61
7.51
-10.37
-31.06
7.50
-10.93
-26.90
7.59
-11.49
-27.22
7.15
-11.09
-31.48
7.50
-11.53
-26.78
7.59
-12.52
-31.87
7.51
-12.16
-32.26
7.52
-12.79
-26.74
7.61
-13.49
-32.66
7.54
-13.42
-33.03
7.62
-14.01
-26.78
7.61
-14.42
-33.36
7.54
-14.63
-26.92
7.59
-15.36
-27.09
7.20
-15.91
-33.74
7.51
-15.33
-34.09
7.56
-15.92
-27.01
7.90
-16.01
-27.20
7.53
-16.56
-34.45
7.51
-16.48
-27.43
7.53
-17.51
-34.90
7.54
-17.09
-35.43
7.53
-17.75
-35.79
7.88
-18.21
-27.64
7.52
-18.39
-35.73
7.14
-18.23
-36.03
7.50
-18.76
-27.85
7.49
-19.22
-28.03
7.39
-19.93
-36.32
7.46
-19.70
-28.16
7.44
-20.67
-36.41
7.36
-20.62
-28.23
7.46
-21.50
-36.16
6.95
-22.12
-36.34
7.32
-21.63
-28.20
7.46
-22.31
-36.07
7.08
-22.69
-36.28
7.65
-22.47
-27.91
7.50
-23.88
-28.08
7.48
-23.10
-35.90
7.26
-23.44
-36.15
7.90
-23.22
-27.75
7.52
-24.68
-35.64
7.61
-24.29
-35.96
8.06
-23.83
-27.64
7.54
-25.51
-35.18
7.64
-25.14
-23.71
8.22
-27.42
-23.99
8.27
-27.41
-24.48
8.34
-27.39
-24.94
8.41
-27.40
-27.55
7.58
-26.39
-33.34
8.13
-27.31
-33.74
7.64
-26.93
-34.31
7.69
-26.27
-34.78
7.73
-25.75
-23.70
8.20
-27.54
-24.03
8.21
-27.57
-24.62
8.28
-27.62
-25.39
8.37
-27.61
-26.40
8.23
-27.65
-27.45
7.67
-27.43
-28.29
7.06
-27.97
-28.82
6.76
-28.24
-33.13
8.05
-27.81
-33.39
7.35
-27.70
-23.74
8.24
-27.68
-24.07
8.31
-27.77
-24.71
8.41
-27.95
-25.51
8.39
-28.11
-26.43
8.27
-28.29
-27.45
7.97
-28.56
-28.35
7.40
-28.68
-29.03
6.92
-28.76
-32.98
8.01
-28.50
-33.16
7.33
-28.53
-27.92
8.12
-29.34
-28.60
7.69
-29.42
-29.35
7.15
-29.49
-29.91
6.92
-29.81
-32.92
8.05
-29.12
-33.00
7.55
-29.44
-28.18
8.31
-29.85
-28.77
8.12
-30.13
-29.49
7.61
-30.22
-30.14
7.19
-30.34
-32.88
7.58
-30.31
-29.16
8.30
-30.62
-29.72
8.05
-30.78
-30.58
7.64
-30.98
-31.47
7.66
-31.37
-32.16
7.53
-31.32
-32.63
7.66
-31.04
-31.76
8.08
-31.65
-32.19
8.04
-31.60
-32.51
8.04
-31.46
-27.16
8.89
-8.47
-27.60
8.87
-8.29
-28.09
8.82
-8.31
-26.85
8.79
-8.94
-28.57
8.67
-8.57
-29.11
8.61
-8.91
-26.61
8.68
-9.65
-29.64
8.53
-9.36
-30.14
8.48
-9.83
-26.50
8.55
-10.54
-30.62
8.48
-10.35
-31.06
8.49
-10.92
-26.47
8.47
-11.49
-31.47
8.50
-11.53
-26.46
8.51
-12.50
-31.87
8.50
-12.14
-32.27
8.50
-12.76
-26.52
8.52
-13.49
-32.66
8.51
-13.37
-33.04
8.53
-13.99
-26.62
8.53
-14.43
-33.40
8.50
-14.66
-26.77
8.55
-15.32
-33.75
8.46
-15.36
-34.08
8.35
-15.93
-26.94
8.61
-16.08
-27.14
8.50
-16.79
-34.41
8.39
-16.47
-27.35
8.49
-17.61
-34.85
8.50
-17.05
-35.37
8.54
-17.64
-35.82
8.62
-18.21
-27.57
8.49
-18.49
-36.18
8.53
-18.90
-27.80
8.48
-19.44
-27.98
8.10
-19.99
-36.51
8.50
-19.84
-36.70
8.82
-20.26
-27.91
8.81
-20.09
-28.06
8.42
-20.62
-36.60
8.19
-20.67
-36.75
8.75
-20.78
-28.16
8.39
-21.50
-36.58
8.14
-21.53
-36.74
8.75
-21.50
-28.14
8.39
-22.31
-36.51
8.31
-22.33
-36.69
8.80
-22.20
-27.86
8.45
-23.83
-28.03
8.40
-23.07
-36.38
8.66
-23.07
-36.62
8.89
-22.69
-27.68
8.49
-24.64
-35.68
8.57
-24.53
-36.04
8.69
-23.87
-27.50
8.50
-25.47
-35.25
8.54
-25.22
-23.70
8.31
-27.42
-24.00
8.49
-27.40
-24.47
8.59
-27.32
-24.97
8.67
-27.31
-27.29
8.52
-26.27
-33.24
8.77
-27.25
-33.72
8.62
-26.77
-34.29
8.58
-26.27
-34.81
8.55
-25.79
-23.67
8.33
-27.55
-23.92
8.57
-27.59
-25.51
8.77
-27.36
-26.28
8.74
-27.27
-26.97
8.57
-26.95
-32.90
8.78
-27.85
-23.74
8.35
-27.70
-24.08
8.59
-27.86
-24.78
8.85
-28.29
-25.54
8.72
-28.57
-26.34
8.65
-28.84
-27.05
8.48
-29.05
-32.75
8.71
-28.58
-25.12
9.21
-28.74
-25.61
9.13
-28.96
-26.12
9.00
-29.10
-27.48
8.59
-29.50
-32.73
8.62
-29.42
-32.89
8.16
-29.78
-27.88
8.78
-30.00
-28.46
8.79
-30.42
-32.70
8.76
-30.10
-32.82
8.34
-30.43
-29.05
8.83
-30.82
-29.74
8.73
-31.11
-30.59
8.57
-31.42
-31.21
8.26
-31.58
-32.71
8.33
-31.09
-31.05
8.85
-31.68
-31.56
8.60
-31.73
-32.13
8.57
-31.67
-32.52
8.45
-31.50
-26.95
9.62
-8.36
-27.55
9.63
-8.15
-28.16
9.59
-8.20
-26.49
9.50
-8.85
-28.67
9.46
-8.44
-29.18
9.50
-8.81
-25.16
10.23
-9.97
-25.53
9.95
-9.86
-26.10
9.46
-9.59
-29.70
9.47
-9.33
-30.15
9.38
-9.82
-25.13
10.18
-10.37
-25.48
9.87
-10.60
-26.03
9.27
-10.54
-30.58
9.46
-10.32
-31.03
9.48
-10.92
-25.61
9.82
-11.40
-26.05
9.25
-11.48
-31.46
9.49
-11.54
-25.69
9.92
-12.06
-26.07
9.47
-12.49
-31.86
9.48
-12.16
-32.25
9.46
-12.75
-26.28
9.43
-13.53
-32.64
9.49
-13.35
-33.03
9.50
-14.00
-26.45
9.46
-14.47
-33.39
9.49
-14.72
-26.65
9.49
-15.37
-33.78
9.46
-15.55
-34.04
9.00
-15.97
-26.86
9.49
-16.20
-27.07
9.39
-16.91
-34.07
9.82
-16.22
-34.30
9.19
-16.42
-27.26
9.45
-17.67
-34.33
10.02
-16.67
-34.70
9.56
-16.99
-35.31
9.54
-17.62
-35.81
9.54
-18.21
-27.46
9.46
-18.54
-36.22
9.52
-18.92
-27.66
9.47
-19.43
-36.55
9.51
-19.84
-36.72
9.19
-20.26
-27.83
9.50
-20.23
-27.99
9.28
-20.85
-36.68
9.82
-20.65
-36.77
9.26
-20.77
-28.06
9.23
-21.57
-36.68
9.89
-21.48
-36.77
9.29
-21.49
-28.05
9.22
-22.32
-36.60
9.82
-22.29
-36.72
9.28
-22.19
-27.79
9.39
-23.72
-27.96
9.24
-23.02
-36.41
9.52
-23.06
-36.63
9.22
-22.68
-27.60
9.46
-24.57
-35.65
9.46
-24.60
-36.04
9.49
-23.90
-27.39
9.47
-25.41
-35.23
9.43
-25.25
-24.21
8.80
-27.43
-24.55
8.96
-27.39
-24.96
9.00
-27.30
-27.11
9.46
-26.18
-33.11
9.63
-27.18
-33.68
9.55
-26.67
-34.28
9.49
-26.20
-34.80
9.38
-25.77
-24.21
8.96
-27.63
-24.67
9.48
-27.65
-25.35
9.41
-27.33
-26.16
9.46
-27.08
-26.75
9.38
-26.74
-32.26
10.16
-28.18
-32.61
9.71
-27.86
-24.24
9.01
-27.92
-24.63
9.52
-28.24
-26.56
8.89
-29.19
-26.90
8.79
-29.28
-32.14
10.08
-28.67
-32.44
9.48
-28.63
-25.06
9.74
-28.88
-25.71
9.72
-29.35
-26.41
9.28
-29.45
-27.06
9.03
-29.60
-32.08
10.02
-29.22
-32.35
9.48
-29.50
-26.09
10.04
-29.78
-26.63
9.81
-29.93
-27.42
9.48
-30.14
-28.21
9.52
-30.60
-32.44
9.29
-30.39
-32.68
8.85
-30.70
-28.90
9.55
-30.95
-29.65
9.51
-31.22
-30.44
9.43
-31.46
-32.31
9.31
-31.09
-32.60
8.86
-31.15
-31.01
9.36
-31.67
-31.54
9.25
-31.69
-32.10
9.15
-31.55
-32.47
8.84
-31.47
-26.03
11.01
-8.31
-26.64
10.57
-8.22
-27.49
10.55
-8.03
-28.28
10.53
-8.13
-28.77
10.88
-8.32
-24.42
11.35
-9.36
-24.86
11.12
-9.13
-25.54
10.84
-8.75
-26.13
10.21
-8.71
-28.72
10.16
-8.38
-29.16
10.51
-8.70
-24.33
11.20
-9.85
-24.89
10.65
-9.75
-25.44
10.33
-9.36
-25.88
9.98
-9.18
-29.79
10.48
-9.39
-30.15
10.12
-9.81
-24.26
11.13
-10.57
-24.80
10.54
-10.57
-25.15
10.21
-10.88
-30.14
10.82
-9.83
-30.48
10.48
-10.24
-30.99
10.49
-10.92
-24.25
11.17
-11.33
-24.73
10.70
-11.36
-25.20
10.28
-11.48
-31.43
10.49
-11.57
-24.32
11.26
-11.93
-24.75
10.92
-12.08
-25.34
10.46
-12.29
-25.79
10.24
-12.91
-31.85
10.46
-12.22
-32.22
10.38
-12.78
-26.03
10.25
-13.68
-32.59
10.47
-13.34
-32.98
10.49
-14.00
-26.23
10.37
-14.56
-33.33
10.50
-14.72
-26.48
10.44
-15.47
-33.65
10.53
-15.48
-26.77
10.47
-16.44
-26.99
10.10
-16.99
-33.95
10.64
-16.17
-26.91
10.81
-17.10
-27.11
10.42
-17.64
-34.30
10.68
-16.71
-34.75
10.56
-17.16
-35.30
10.52
-17.66
-35.80
10.51
-18.21
-27.33
10.40
-18.59
-36.19
10.51
-18.89
-27.51
10.40
-19.53
-36.45
10.54
-19.71
-27.69
10.37
-20.56
-27.89
9.89
-21.01
-36.56
10.63
-20.58
-27.73
10.63
-21.53
-27.93
9.95
-21.61
-36.54
10.66
-21.47
-27.74
10.62
-22.45
-27.93
9.94
-22.33
-36.42
10.60
-22.35
-27.70
10.36
-23.41
-27.89
9.87
-22.93
-36.20
10.44
-23.17
-27.50
10.43
-24.45
-35.54
10.33
-24.57
-35.92
10.31
-23.91
-27.25
10.44
-25.35
-34.72
10.79
-25.54
-35.09
10.33
-25.24
-26.44
10.76
-26.57
-26.88
10.43
-26.17
-33.03
10.56
-27.05
-33.64
10.52
-26.55
-34.33
10.47
-26.00
-34.76
10.07
-25.71
-24.38
11.15
-27.90
-24.73
10.58
-27.73
-25.41
10.36
-27.27
-26.15
10.33
-26.91
-26.64
10.06
-26.65
-32.12
10.75
-28.10
-32.52
10.63
-27.59
-24.31
11.13
-28.25
-24.57
10.60
-28.42
-31.89
10.71
-28.73
-24.94
10.57
-29.07
-25.46
10.50
-29.56
-31.78
10.53
-29.52
-32.06
10.00
-29.83
-25.99
10.60
-29.97
-26.65
10.46
-30.25
-27.37
10.30
-30.49
-28.06
10.26
-30.75
-31.54
10.53
-30.34
-32.01
9.94
-30.44
-28.74
10.33
-30.98
-29.58
10.32
-31.16
-30.52
10.23
-31.28
-31.27
10.30
-31.04
-31.89
9.83
-31.06
-30.99
9.83
-31.56
-31.43
9.79
-31.51
-31.84
9.63
-31.45
-25.94
11.65
-8.11
-26.66
11.54
-7.94
-27.45
11.51
-7.86
-28.20
11.53
-7.98
-28.79
11.61
-8.26
-24.22
11.85
-9.22
-24.71
11.74
-8.80
-25.32
11.64
-8.43
-29.29
11.53
-8.73
-23.94
11.81
-9.82
-29.78
11.51
-9.33
-23.82
11.74
-10.60
-30.15
11.50
-9.83
-30.52
11.50
-10.32
-30.98
11.50
-10.95
-23.84
11.74
-11.44
-31.41
11.50
-11.63
-24.06
11.76
-12.36
-24.67
11.31
-12.70
-25.23
10.95
-12.94
-25.61
10.72
-13.19
-31.87
11.50
-12.36
-32.19
11.13
-12.81
-24.17
12.06
-13.25
-24.69
11.66
-13.40
-25.25
11.31
-13.59
-25.72
10.91
-13.76
-32.15
11.87
-12.85
-32.47
11.50
-13.28
-32.92
11.50
-14.01
-24.29
12.25
-13.82
-24.72
12.01
-14.00
-25.28
11.71
-14.25
-25.85
11.28
-14.62
-33.28
11.50
-14.73
-26.21
11.39
-15.55
-33.60
11.51
-15.47
-26.54
11.45
-16.45
-33.91
11.53
-16.16
-26.79
11.50
-17.25
-27.02
11.29
-17.89
-34.28
11.52
-16.74
-34.75
11.50
-17.22
-35.29
11.48
-17.69
-35.78
11.46
-18.22
-27.18
11.26
-18.68
-36.15
11.48
-18.87
-27.32
11.29
-19.56
-36.38
11.51
-19.66
-27.42
11.35
-20.53
-36.47
11.53
-20.54
-27.47
11.48
-21.51
-36.41
11.53
-21.46
-27.50
11.47
-22.49
-36.21
11.48
-22.38
-27.47
11.39
-23.45
-35.25
12.08
-24.05
-35.53
11.73
-23.77
-35.93
11.33
-23.26
-27.35
11.38
-24.40
-35.06
11.85
-24.57
-35.41
11.18
-24.37
-35.77
10.95
-23.87
-27.12
11.38
-25.24
-34.72
11.54
-25.28
-35.08
11.03
-24.99
-24.34
12.16
-27.33
-24.80
11.99
-27.08
-25.46
11.79
-26.81
-26.18
11.47
-26.50
-26.75
11.40
-25.96
-32.96
11.53
-26.96
-33.57
11.51
-26.47
-34.17
11.51
-25.93
-24.23
11.79
-27.74
-24.77
11.36
-27.41
-25.40
11.12
-27.10
-25.94
10.98
-26.86
-31.95
11.57
-28.04
-32.42
11.55
-27.47
-24.15
11.72
-28.40
-24.46
11.26
-28.73
-31.56
11.52
-28.71
-24.27
11.97
-28.89
-24.82
11.51
-29.30
-25.34
11.13
-29.70
-31.32
11.33
-29.48
-25.29
11.68
-29.79
-25.89
11.39
-30.12
-26.65
11.11
-30.45
-27.37
10.93
-30.66
-27.95
10.80
-30.80
-30.52
11.46
-30.47
-31.02
11.23
-30.24
-26.29
11.65
-30.44
-26.80
11.57
-30.58
-27.53
11.42
-30.72
-28.42
11.12
-30.86
-29.40
11.11
-30.93
-30.27
11.11
-30.86
-30.88
10.93
-30.77
-25.80
12.44
-7.91
-26.60
12.43
-7.73
-27.42
12.43
-7.70
-28.18
12.47
-7.84
-28.82
12.52
-8.17
-24.00
12.61
-9.02
-24.57
12.46
-8.54
-25.17
12.37
-8.21
-29.36
12.52
-8.69
-23.22
13.11
-10.03
-23.56
12.62
-9.74
-29.87
12.51
-9.37
-30.20
12.87
-9.79
-23.12
13.05
-10.66
-23.43
12.42
-10.60
-30.17
12.17
-9.82
-30.49
12.51
-10.25
-30.96
12.49
-10.95
-23.10
13.04
-11.44
-23.42
12.42
-11.48
-31.37
12.50
-11.63
-23.14
13.07
-12.12
-23.48
12.58
-12.43
-31.76
12.53
-12.29
-23.73
12.63
-13.34
-32.12
12.62
-12.87
-32.50
12.53
-13.42
-32.91
12.51
-14.05
-24.06
12.76
-14.14
-24.66
12.48
-14.49
-25.24
12.22
-14.77
-25.68
11.96
-15.02
-33.27
12.50
-14.74
-24.17
13.14
-14.72
-24.66
12.96
-14.99
-25.25
12.72
-15.30
-25.86
12.34
-15.71
-33.60
12.50
-15.48
-26.30
12.37
-16.62
-33.93
12.47
-16.18
-26.63
12.38
-17.62
-26.90
11.91
-18.06
-34.29
12.38
-16.74
-34.76
12.43
-17.21
-35.31
12.43
-17.71
-35.76
12.36
-18.21
-26.75
12.69
-18.59
-27.00
12.01
-18.71
-36.11
12.45
-18.82
-26.85
12.82
-19.51
-27.09
12.09
-19.56
-36.35
12.48
-19.64
-26.92
12.90
-20.40
-27.16
12.20
-20.49
-36.43
12.47
-20.53
-26.96
12.95
-21.13
-27.18
12.40
-21.51
-36.33
12.46
-21.45
-27.26
12.30
-22.52
-35.37
12.95
-23.36
-35.64
12.79
-23.00
-36.03
12.45
-22.42
-27.25
12.26
-23.47
-35.22
12.66
-23.82
-35.54
12.30
-23.39
-35.84
12.03
-23.02
-27.16
12.24
-24.37
-34.91
12.60
-24.54
-26.97
12.22
-25.15
-34.56
12.51
-25.25
-24.13
12.77
-27.21
-24.73
12.71
-26.84
-25.43
12.57
-26.52
-26.12
12.39
-26.17
-26.65
12.23
-25.76
-32.91
12.51
-26.91
-33.51
12.50
-26.42
-34.08
12.50
-25.88
-23.41
13.15
-27.92
-23.76
12.69
-27.73
-31.74
12.51
-27.96
-32.32
12.51
-27.40
-23.42
13.13
-28.31
-23.77
12.54
-28.35
-28.00
13.33
-29.27
-28.65
13.25
-29.22
-29.46
13.12
-29.12
-30.28
12.90
-28.95
-31.10
12.47
-28.65
-23.56
13.18
-28.66
-24.02
12.75
-28.89
-24.87
12.53
-29.41
-25.71
12.77
-29.67
-26.58
12.91
-29.72
-27.57
13.00
-29.62
-28.53
12.78
-29.68
-29.40
12.61
-29.65
-30.20
12.36
-29.56
-30.85
11.99
-29.42
-25.32
12.11
-29.81
-25.95
12.12
-30.08
-26.71
12.37
-30.16
-27.57
12.41
-30.17
-28.48
12.30
-30.20
-29.36
12.16
-30.20
-30.17
11.90
-30.20
-30.71
11.74
-29.98
-26.32
11.94
-30.40
-26.82
11.97
-30.49
-27.58
11.93
-30.55
-28.45
11.80
-30.61
-29.30
11.71
-30.64
-29.94
11.62
-30.62
-24.17
14.01
-8.08
-24.72
13.72
-7.86
-25.52
13.32
-7.71
-26.50
13.30
-7.51
-27.39
13.31
-7.49
-28.18
13.38
-7.65
-28.85
13.49
-8.02
-23.32
13.99
-9.13
-23.80
13.60
-8.69
-24.51
13.18
-8.26
-25.05
12.95
-8.04
-29.41
13.50
-8.58
-23.12
13.73
-9.76
-23.45
13.29
-9.37
-29.86
13.50
-9.20
-30.23
13.59
-9.75
-22.93
13.76
-10.62
-30.58
13.51
-10.34
-30.97
13.46
-10.97
-22.89
13.74
-11.51
-31.33
13.48
-11.63
-22.97
13.66
-12.47
-23.23
13.14
-12.80
-31.70
13.51
-12.29
-23.05
13.88
-13.39
-23.36
13.24
-13.46
-32.08
13.53
-12.90
-32.50
13.52
-13.48
-32.91
13.50
-14.09
-23.21
14.02
-14.17
-23.59
13.42
-14.21
-33.28
13.50
-14.75
-23.41
14.15
-14.72
-23.88
13.76
-14.96
-24.56
13.55
-15.41
-25.19
13.34
-15.73
-25.70
13.16
-16.12
-33.64
13.49
-15.48
-26.03
13.21
-16.79
-34.07
13.48
-16.26
-34.46
13.82
-16.71
-26.27
13.34
-17.65
-34.34
13.08
-16.73
-34.75
13.38
-17.11
-35.40
13.43
-17.73
-35.77
13.09
-18.19
-26.45
13.48
-18.58
-35.78
13.78
-18.16
-36.07
13.46
-18.68
-26.58
13.57
-19.52
-36.39
13.47
-19.61
-26.67
13.59
-20.48
-36.48
13.41
-20.52
-26.77
13.52
-21.50
-27.00
12.99
-21.87
-36.37
13.40
-21.41
-26.75
13.68
-22.52
-27.02
13.02
-22.60
-35.37
13.39
-23.34
-35.69
13.43
-22.89
-36.08
13.45
-22.27
-26.71
13.72
-23.46
-27.00
13.02
-23.48
-35.15
13.34
-23.85
-26.60
13.68
-24.34
-26.92
12.99
-24.35
-34.89
13.36
-24.52
-26.39
13.56
-25.12
-26.76
12.93
-25.09
-34.56
13.40
-25.22
-23.46
13.96
-27.31
-23.88
13.61
-27.05
-24.63
13.55
-26.58
-25.38
13.38
-26.22
-26.09
13.23
-25.78
-26.55
12.82
-25.59
-32.89
13.50
-26.88
-33.52
13.50
-26.41
-34.11
13.49
-25.86
-23.30
13.72
-27.73
-23.58
13.32
-27.48
-31.61
13.48
-27.81
-32.25
13.50
-27.34
-23.26
13.75
-28.25
-27.80
13.81
-28.99
-28.60
13.85
-28.85
-29.46
13.80
-28.72
-30.29
13.66
-28.52
-31.00
13.44
-28.25
-23.47
13.74
-28.67
-23.98
13.60
-28.95
-24.74
13.52
-29.19
-25.57
13.50
-29.32
-26.40
13.53
-29.32
-27.18
13.59
-29.22
-24.38
15.16
-7.35
-24.89
15.05
-7.13
-25.65
14.95
-6.93
-26.51
14.85
-6.84
-27.34
14.86
-6.87
-28.08
14.96
-7.03
-28.60
15.06
-7.29
-24.11
14.75
-7.78
-24.80
14.42
-7.49
-25.60
14.19
-7.31
-26.50
14.11
-7.19
-27.37
14.13
-7.21
-28.16
14.26
-7.38
-28.88
14.57
-7.76
-23.17
14.68
-9.04
-23.58
14.63
-8.42
-29.48
14.49
-8.48
-22.92
14.63
-9.76
-29.89
14.40
-9.10
-30.25
14.49
-9.70
-22.75
14.61
-10.61
-30.62
14.46
-10.39
-30.96
14.36
-11.00
-22.69
14.60
-11.52
-31.28
14.43
-11.62
-22.72
14.59
-12.47
-31.64
14.48
-12.29
-22.81
14.67
-13.40
-32.04
14.50
-12.92
-32.47
14.49
-13.51
-32.90
14.48
-14.10
-22.98
14.73
-14.24
-33.28
14.48
-14.74
-23.27
14.74
-14.96
-23.80
14.60
-15.63
-24.53
14.16
-15.93
-25.14
13.87
-16.16
-25.55
13.66
-16.35
-33.66
14.50
-15.42
-24.07
15.00
-16.41
-24.62
14.60
-16.53
-25.20
14.26
-16.70
-25.69
13.86
-16.85
-34.10
14.52
-16.10
-34.63
14.59
-16.72
-35.10
14.89
-17.10
-24.25
15.23
-16.93
-24.69
14.98
-17.10
-25.26
14.66
-17.34
-25.83
14.20
-17.69
-34.91
14.13
-17.12
-35.39
14.42
-17.52
-26.11
14.25
-18.62
-35.84
14.43
-18.10
-36.20
14.46
-18.73
-26.27
14.31
-19.55
-36.54
14.52
-19.68
-36.75
14.96
-20.12
-26.37
14.34
-20.51
-36.61
14.28
-20.56
-36.77
14.90
-20.66
-26.43
14.35
-21.50
-36.51
14.28
-21.42
-36.70
14.90
-21.32
-26.42
14.40
-22.49
-35.42
13.80
-23.37
-35.71
14.05
-23.04
-36.22
14.53
-22.37
-36.56
14.92
-21.86
-26.37
14.41
-23.43
-35.27
13.92
-23.81
-35.55
14.43
-23.60
-35.88
14.92
-23.28
-26.23
14.37
-24.31
-35.05
14.09
-24.45
-35.35
14.82
-24.27
-35.68
15.06
-23.82
-24.95
14.93
-25.73
-25.41
14.65
-25.48
-25.95
14.28
-25.11
-34.71
14.23
-25.16
-34.96
14.90
-25.05
-23.41
14.57
-27.23
-23.87
14.53
-26.79
-24.60
14.52
-26.23
-25.32
14.12
-25.92
-25.82
13.90
-25.64
-32.88
14.50
-26.86
-33.56
14.51
-26.40
-34.27
14.54
-25.82
-34.66
14.99
-25.54
-23.20
14.51
-27.72
-25.32
15.07
-28.48
-25.62
15.02
-28.45
-25.97
15.02
-28.43
-30.92
14.84
-27.95
-31.44
14.49
-27.75
-32.19
14.50
-27.30
-23.19
14.48
-28.23
-25.14
14.94
-28.64
-25.65
14.73
-28.65
-26.34
14.79
-28.60
-27.40
14.57
-28.67
-28.46
14.66
-28.55
-29.44
14.63
-28.42
-30.39
14.55
-28.21
-30.95
14.16
-28.06
-23.42
14.46
-28.63
-23.92
14.44
-28.86
-24.71
14.47
-28.91
-25.54
14.21
-28.97
-26.30
14.14
-28.96
-26.96
14.08
-28.95
-26.11
16.17
-6.29
-26.64
16.10
-6.25
-27.27
16.08
-6.29
-27.75
16.10
-6.39
-24.27
15.74
-7.25
-24.86
15.77
-6.90
-25.70
15.79
-6.58
-26.54
15.54
-6.51
-27.33
15.53
-6.55
-28.06
15.74
-6.72
-28.68
15.68
-7.19
-23.83
15.61
-7.71
-29.13
15.55
-7.78
-23.04
15.55
-8.96
-23.40
15.54
-8.30
-29.65
15.50
-8.55
-29.96
15.83
-9.04
-22.78
15.54
-9.73
-29.94
15.13
-9.07
-30.22
15.49
-9.60
-22.60
15.53
-10.60
-30.65
15.48
-10.53
-30.94
15.08
-11.03
-22.53
15.50
-11.53
-30.90
15.83
-11.14
-31.16
15.40
-11.57
-22.54
15.50
-12.49
-31.55
15.47
-12.29
-22.61
15.54
-13.43
-31.99
15.48
-12.95
-32.44
15.46
-13.55
-32.87
15.43
-14.12
-22.78
15.56
-14.34
-33.25
15.44
-14.72
-23.04
15.54
-15.18
-23.38
15.43
-15.84
-33.65
15.48
-15.36
-23.67
15.59
-16.53
-34.11
15.52
-15.98
-34.68
15.57
-16.55
-35.31
15.66
-17.08
-35.75
16.04
-17.37
-24.04
15.76
-17.27
-24.65
15.44
-17.61
-25.22
15.13
-17.92
-25.64
14.78
-18.10
-35.67
15.23
-17.59
-36.01
15.80
-17.81
-24.20
16.06
-17.85
-24.64
15.88
-18.18
-25.23
15.59
-18.69
-25.76
14.93
-18.73
-35.94
15.03
-18.05
-36.28
15.41
-18.51
-25.53
15.68
-19.64
-25.93
15.02
-19.60
-36.62
15.42
-19.45
-36.81
15.45
-20.06
-25.67
15.73
-20.56
-26.04
15.06
-20.53
-36.85
15.46
-20.65
-25.73
15.76
-21.51
-26.09
15.08
-21.50
-36.68
15.86
-21.69
-36.79
15.51
-21.33
-25.71
15.75
-22.46
-26.08
15.10
-22.47
-36.42
15.58
-22.31
-36.64
15.33
-21.85
-25.62
15.72
-23.40
-26.01
15.08
-23.40
-35.72
15.99
-23.84
-35.98
15.69
-23.30
-25.01
15.90
-24.85
-25.41
15.65
-24.35
-25.88
15.00
-24.25
-35.45
15.67
-24.33
-35.74
15.46
-23.84
-24.82
15.58
-25.44
-25.37
15.20
-25.05
-25.76
14.85
-24.84
-35.04
15.58
-25.07
-23.39
15.29
-27.20
-23.77
15.41
-26.71
-24.31
15.46
-26.11
-32.87
15.49
-26.86
-33.56
15.50
-26.43
-34.21
15.51
-25.96
-34.67
15.53
-25.59
-23.21
15.24
-27.70
-25.28
15.29
-28.44
-25.61
15.32
-28.38
-25.98
15.29
-28.35
-27.64
16.05
-28.21
-28.03
16.07
-28.20
-30.90
15.50
-27.90
-31.48
15.49
-27.64
-32.17
15.49
-27.26
-23.23
15.19
-28.20
-24.99
15.51
-28.57
-25.61
15.72
-28.44
-26.37
15.56
-28.38
-27.39
15.60
-28.34
-28.38
15.67
-28.29
-29.40
15.56
-28.24
-30.28
15.51
-28.10
-23.41
15.14
-28.58
-23.82
15.18
-28.75
-24.40
15.26
-28.76
-26.03
16.69
-6.23
-26.64
16.68
-6.15
-27.27
16.66
-6.21
-27.81
16.56
-6.37
-24.16
16.48
-7.19
-24.73
16.58
-6.82
-25.44
16.62
-6.48
-28.25
16.48
-6.71
-28.74
16.41
-7.16
-23.70
16.49
-7.65
-29.16
16.48
-7.74
-22.95
16.49
-8.85
-23.30
16.41
-8.21
-29.61
16.49
-8.45
-29.94
16.50
-9.04
-22.66
16.51
-9.67
-30.22
16.50
-9.69
-22.44
16.50
-10.59
-30.56
16.52
-10.51
-22.36
16.42
-11.54
-30.89
16.60
-11.32
-31.15
16.17
-11.74
-22.35
16.41
-12.50
-31.11
16.91
-11.87
-31.43
16.51
-12.30
-22.42
16.46
-13.48
-31.93
16.47
-13.02
-32.41
16.42
-13.64
-32.82
16.30
-14.16
-22.58
16.47
-14.46
-33.18
16.35
-14.71
-22.83
16.47
-15.51
-23.15
16.04
-15.99
-33.58
16.47
-15.32
-22.98
16.82
-16.42
-23.31
16.23
-16.58
-34.09
16.50
-15.91
-34.69
16.54
-16.43
-35.33
16.59
-16.89
-35.88
16.66
-17.33
-23.14
16.98
-17.09
-23.54
16.52
-17.37
-36.24
16.50
-17.88
-23.95
16.55
-18.10
-24.45
16.40
-18.58
-24.90
16.26
-19.06
-36.51
16.32
-18.64
-25.15
16.30
-19.76
-36.75
16.25
-19.62
-36.85
15.90
-20.08
-25.28
16.35
-20.60
-36.82
16.49
-20.49
-36.88
15.97
-20.58
-25.33
16.37
-21.51
-36.71
16.48
-21.36
-36.83
15.99
-21.10
-25.32
16.37
-22.44
-36.39
16.53
-22.27
-25.24
16.34
-23.32
-35.64
16.65
-23.81
-36.01
16.57
-23.11
-24.75
16.43
-24.69
-25.07
16.32
-24.09
-34.95
17.00
-24.84
-35.26
16.55
-24.51
-24.47
16.34
-25.38
-34.67
16.82
-25.32
-34.93
16.25
-25.16
-23.42
15.86
-27.21
-23.70
16.31
-26.79
-24.10
16.27
-26.06
-32.84
16.48
-26.83
-33.53
16.48
-26.39
-34.24
16.47
-25.86
-34.65
16.08
-25.58
-23.35
15.90
-27.67
-23.64
16.55
-27.55
-27.02
16.67
-28.21
-27.47
16.49
-28.17
-28.03
16.51
-28.15
-30.90
16.14
-27.87
-31.38
16.47
-27.65
-32.13
16.48
-27.24
-23.41
15.81
-28.19
-23.89
16.42
-28.27
-24.64
16.32
-28.56
-25.55
16.50
-28.49
-26.53
16.46
-28.32
-27.14
16.18
-28.25
-28.58
16.50
-28.18
-29.45
16.46
-28.14
-30.37
16.45
-28.01
-30.89
16.78
-27.85
-23.46
15.62
-28.51
-23.79
15.79
-28.60
-24.23
15.82
-28.68
-26.01
17.35
-6.24
-26.62
17.34
-6.18
-27.31
17.36
-6.30
-27.81
17.05
-6.42
-24.10
17.15
-7.19
-24.58
17.50
-6.87
-25.39
17.46
-6.48
-27.72
17.81
-6.62
-28.22
17.25
-6.78
-28.70
17.04
-7.17
-23.22
17.87
-8.09
-23.64
17.50
-7.61
-24.09
17.83
-7.18
-28.04
18.13
-6.91
-28.45
17.87
-7.17
-29.00
17.48
-7.69
-22.93
17.51
-8.66
-23.26
17.13
-8.14
-29.59
17.50
-8.57
-29.90
17.16
-9.07
-22.54
17.53
-9.58
-29.85
17.86
-9.14
-30.11
17.49
-9.64
-21.89
18.11
-11.06
-22.20
17.59
-10.60
-30.44
17.51
-10.50
-21.84
17.99
-11.69
-22.12
17.31
-11.57
-30.76
17.55
-11.28
-21.83
17.98
-12.46
-22.11
17.27
-12.50
-31.07
17.62
-11.94
-31.45
17.51
-12.52
-21.91
18.00
-13.14
-22.15
17.44
-13.49
-31.91
17.45
-13.15
-32.43
17.43
-13.85
-32.78
16.97
-14.22
-22.34
17.40
-14.49
-32.79
17.80
-14.47
-33.05
17.17
-14.67
-22.53
17.50
-15.47
-33.06
17.99
-14.93
-33.42
17.52
-15.28
-22.73
17.61
-16.46
-34.03
17.49
-15.91
-34.69
17.48
-16.40
-35.39
17.50
-16.84
-36.09
17.52
-17.35
-36.44
17.81
-17.57
-22.99
17.63
-17.46
-23.38
17.11
-17.81
-36.45
17.22
-17.92
-36.62
17.75
-17.98
-23.16
17.90
-18.45
-23.68
17.21
-18.58
-24.28
16.88
-19.03
-24.67
16.67
-19.28
-36.67
17.09
-18.66
-36.77
17.71
-18.66
-23.26
18.13
-19.31
-23.72
17.63
-19.52
-24.28
17.18
-19.72
-24.76
16.78
-19.82
-36.80
17.08
-19.52
-36.84
17.71
-19.46
-23.33
18.29
-19.95
-23.71
18.00
-20.46
-24.32
17.39
-20.57
-24.84
16.88
-20.61
-36.81
17.22
-20.36
-36.84
17.76
-20.21
-23.89
18.04
-21.52
-24.40
17.46
-21.52
-24.89
16.93
-21.51
-36.65
17.51
-21.19
-36.78
17.82
-20.75
-23.97
18.03
-22.50
-24.44
17.45
-22.47
-24.90
16.92
-22.43
-36.30
17.49
-22.20
-23.97
17.97
-23.46
-24.44
17.36
-23.41
-24.87
16.87
-23.28
-35.15
17.95
-24.13
-35.50
17.56
-23.72
-35.94
17.44
-22.99
-23.94
17.83
-24.44
-24.43
17.10
-24.36
-24.81
16.78
-23.93
-34.89
17.66
-24.65
-35.23
17.24
-24.30
-23.84
17.69
-25.41
-24.19
17.03
-25.28
-34.47
17.58
-25.29
-23.77
17.37
-26.41
-24.01
16.91
-25.93
-32.77
17.45
-26.78
-33.43
17.45
-26.34
-34.02
17.45
-25.85
-23.83
17.46
-27.43
-27.04
17.03
-28.22
-27.50
17.01
-28.16
-27.98
16.97
-28.13
-31.41
17.43
-27.56
-32.10
17.44
-27.19
-24.19
17.46
-28.29
-24.73
17.27
-28.66
-25.46
17.46
-28.65
-26.60
17.36
-28.34
-27.49
17.53
-28.19
-28.39
17.35
-28.13
-29.39
17.33
-28.08
-30.23
17.32
-27.98
-30.86
17.38
-27.82
-24.42
17.79
-28.71
-24.73
17.79
-28.99
-25.03
17.82
-29.05
-24.82
17.92
-29.26
-24.92
17.93
-29.28
-26.04
17.91
-6.29
-26.53
17.96
-6.27
-27.03
17.95
-6.35
-24.72
18.48
-6.83
-25.61
18.39
-6.51
-26.43
18.60
-6.48
-27.25
18.52
-6.63
-23.16
18.62
-8.07
-23.63
18.54
-7.54
-24.12
18.51
-7.15
-27.89
18.71
-7.01
-28.44
18.66
-7.40
-28.97
18.53
-7.92
-22.78
18.54
-8.70
-29.44
18.52
-8.60
-22.40
18.53
-9.47
-29.79
18.57
-9.26
-30.07
18.42
-9.84
-21.38
19.23
-11.24
-21.67
18.81
-10.96
-22.05
18.58
-10.25
-30.34
18.47
-10.55
-21.29
19.19
-11.70
-21.55
18.65
-11.70
-30.66
18.49
-11.31
-21.27
19.19
-12.21
-21.53
18.73
-12.52
-31.03
18.50
-12.01
-31.44
18.45
-12.64
-21.76
18.62
-13.47
-22.01
18.08
-13.83
-31.85
18.36
-13.20
-32.25
18.45
-13.79
-21.92
18.81
-14.31
-22.13
18.20
-14.52
-32.62
18.58
-14.44
-22.04
18.93
-14.90
-22.26
18.51
-15.40
-32.98
18.62
-15.03
-33.41
18.47
-15.53
-22.48
18.52
-16.47
-33.98
18.41
-16.04
-34.65
18.38
-16.48
-35.36
18.37
-16.88
-36.06
18.39
-17.37
-36.44
18.15
-17.57
-22.66
18.55
-17.47
-36.38
18.71
-17.93
-36.60
18.23
-17.98
-22.80
18.66
-18.42
-36.55
18.85
-18.65
-36.73
18.27
-18.66
-22.93
18.76
-19.30
-36.63
18.90
-19.48
-36.79
18.29
-19.45
-23.08
18.79
-20.06
-23.32
18.69
-20.77
-36.63
18.82
-20.33
-36.79
18.26
-20.20
-23.47
18.67
-21.62
-36.53
18.51
-21.18
-36.74
18.20
-20.74
-23.53
18.66
-22.53
-35.81
18.89
-22.78
-36.14
18.51
-22.24
-23.51
18.64
-23.49
-35.04
18.65
-24.02
-35.52
18.56
-23.35
-35.88
18.16
-22.88
-23.50
18.54
-24.48
-34.64
18.57
-24.65
-23.50
18.47
-25.46
-34.25
18.41
-25.27
-23.59
18.40
-26.45
-32.65
18.41
-26.69
-33.31
18.38
-26.23
-33.84
18.30
-25.79
-23.88
18.37
-27.41
-28.83
18.96
-27.91
-29.54
18.89
-27.83
-30.36
18.75
-27.69
-31.20
18.40
-27.48
-32.00
18.35
-27.10
-24.29
18.26
-28.20
-24.80
18.42
-28.51
-25.46
18.27
-28.58
-26.50
18.27
-28.31
-27.46
18.32
-28.16
-28.45
18.37
-28.04
-29.42
18.17
-27.98
-30.22
18.06
-27.88
-30.79
17.96
-27.76
-24.45
18.06
-28.67
-24.75
18.09
-28.95
-25.03
18.06
-29.03
-24.82
18.02
-29.25
-24.92
18.01
-29.28
-24.10
19.89
-7.11
-24.62
19.51
-6.90
-25.52
19.48
-6.68
-26.35
19.52
-6.67
-27.11
19.50
-6.84
-23.12
19.55
-8.03
-23.68
19.54
-7.44
-24.12
19.18
-7.13
-27.77
19.55
-7.17
-28.37
19.52
-7.58
-28.89
19.46
-8.09
-22.68
19.52
-8.68
-29.33
19.46
-8.72
-22.29
19.50
-9.39
-29.72
19.50
-9.49
-30.00
19.12
-9.96
-21.29
19.78
-11.14
-21.60
19.63
-10.61
-21.95
19.45
-10.03
-29.92
19.83
-10.09
-30.19
19.44
-10.56
-21.13
19.81
-11.74
-30.57
19.42
-11.37
-21.13
19.76
-12.45
-21.35
19.32
-12.82
-30.97
19.42
-12.10
-31.47
19.38
-12.80
-31.76
19.69
-13.24
-21.18
19.96
-13.07
-21.48
19.55
-13.52
-31.80
19.06
-13.22
-32.06
19.38
-13.70
-21.76
19.47
-14.33
-32.46
19.41
-14.48
-21.96
19.44
-14.96
-22.11
19.40
-15.60
-32.85
19.40
-15.20
-33.32
19.27
-15.74
-22.27
19.39
-16.52
-33.86
19.26
-16.25
-34.56
19.19
-16.66
-35.25
19.14
-17.01
-35.80
19.15
-17.39
-22.41
19.40
-17.49
-36.09
19.32
-17.92
-22.52
19.44
-18.44
-36.27
19.50
-18.64
-22.64
19.48
-19.36
-36.37
19.63
-19.50
-22.81
19.46
-20.22
-23.02
19.33
-20.92
-36.42
19.61
-20.39
-23.12
19.31
-21.67
-36.32
19.52
-21.25
-23.13
19.31
-22.52
-35.73
19.61
-22.71
-36.06
19.52
-22.07
-22.25
20.25
-23.97
-22.57
19.89
-23.80
-23.01
19.38
-23.46
-34.87
19.56
-23.95
-35.34
19.55
-23.31
-22.21
20.23
-24.56
-22.60
19.79
-24.58
-23.05
19.23
-24.50
-33.92
19.98
-25.01
-34.34
19.56
-24.66
-22.22
20.23
-25.17
-22.60
19.85
-25.45
-23.10
19.22
-25.48
-33.62
19.76
-25.45
-33.99
19.17
-25.29
-22.80
19.81
-26.19
-23.29
19.34
-26.50
-31.88
19.84
-26.80
-32.45
19.43
-26.55
-33.24
19.33
-25.99
-33.71
18.94
-25.71
-23.92
19.29
-27.49
-24.69
19.61
-27.91
-25.56
19.77
-28.04
-26.51
19.80
-28.01
-27.47
19.77
-27.92
-28.48
19.59
-27.84
-29.47
19.66
-27.68
-30.39
19.61
-27.48
-31.33
19.50
-27.17
-31.95
19.10
-26.96
-24.31
18.87
-27.97
-24.82
19.01
-28.17
-25.57
19.04
-28.24
-26.48
19.06
-28.15
-27.38
19.05
-28.05
-28.11
19.01
-27.98
-24.08
20.62
-7.11
-24.72
20.53
-6.88
-25.51
20.49
-6.77
-26.32
20.47
-6.82
-27.03
20.39
-6.99
-23.04
20.52
-8.02
-23.55
20.54
-7.48
-27.65
20.45
-7.31
-28.28
20.42
-7.75
-28.79
20.31
-8.20
-22.60
20.51
-8.66
-29.17
20.36
-8.78
-21.83
20.88
-9.87
-22.15
20.51
-9.41
-29.50
20.48
-9.50
-21.22
20.58
-11.05
-21.58
20.54
-10.37
-21.88
20.16
-9.93
-29.81
20.53
-10.24
-30.12
20.31
-10.82
-21.01
20.61
-11.73
-30.45
20.29
-11.52
-20.94
20.62
-12.49
-30.85
20.30
-12.24
-31.32
20.22
-12.84
-31.68
20.21
-13.30
-21.02
20.63
-13.28
-21.40
20.38
-13.95
-21.56
20.58
-14.37
-31.95
20.17
-13.84
-21.71
20.07
-14.51
-21.71
20.45
-14.79
-32.26
20.21
-14.61
-21.88
19.92
-14.99
-21.90
20.17
-15.49
-32.66
20.25
-15.54
-33.19
19.89
-15.96
-22.03
20.16
-16.51
-32.90
20.66
-16.43
-33.62
20.09
-16.59
-34.46
19.90
-16.99
-35.15
19.75
-17.27
-35.60
19.62
-17.47
-22.13
20.17
-17.50
-33.05
21.03
-17.15
-33.70
20.69
-17.28
-34.46
20.47
-17.53
-35.18
20.23
-17.77
-35.73
19.86
-17.90
-22.21
20.19
-18.48
-33.17
21.32
-17.64
-33.72
21.18
-17.83
-34.45
21.01
-18.10
-35.25
20.78
-18.48
-35.86
20.18
-18.61
-22.32
20.22
-19.46
-35.61
20.94
-19.12
-36.01
20.51
-19.50
-22.47
20.20
-20.53
-22.78
19.83
-21.03
-36.18
20.45
-20.44
-22.01
20.91
-21.88
-22.36
20.48
-21.53
-22.79
19.89
-21.65
-36.15
20.41
-21.26
-21.99
20.84
-22.60
-22.41
20.36
-22.43
-22.79
19.86
-22.40
-35.63
20.46
-22.62
-35.95
20.41
-21.99
-22.00
20.66
-23.56
-22.44
20.19
-23.20
-22.76
19.81
-23.02
-34.75
20.49
-23.81
-35.22
20.47
-23.22
-21.86
20.71
-24.53
-33.76
20.62
-24.90
-34.26
20.52
-24.40
-21.89
20.66
-25.52
-22.33
20.25
-25.86
-32.76
20.81
-25.79
-33.26
20.53
-25.46
-21.90
20.78
-26.54
-22.55
20.27
-26.61
-23.11
19.94
-26.91
-31.81
20.57
-26.61
-32.47
20.41
-26.21
-33.00
20.10
-25.90
-21.91
20.93
-27.51
-22.66
20.59
-27.58
-23.55
20.20
-27.65
-24.53
20.33
-27.95
-25.51
20.57
-28.04
-26.52
20.60
-27.97
-27.51
20.60
-27.85
-28.48
20.56
-27.71
-29.43
20.55
-27.54
-30.32
20.53
-27.32
-31.13
20.51
-27.01
-21.83
21.09
-28.46
-22.67
20.99
-28.56
-23.58
20.88
-28.34
-24.44
20.91
-28.27
-25.12
20.99
-28.22
-21.05
21.38
-29.65
-21.56
21.24
-29.36
-22.27
21.25
-29.41
-20.98
21.48
-30.16
-21.51
21.36
-30.09
-22.06
21.44
-30.09
-21.00
21.61
-30.55
-21.44
21.56
-30.55
-21.85
21.58
-30.49
-24.07
21.50
-7.12
-24.73
21.48
-6.91
-25.51
21.46
-6.85
-26.38
21.46
-6.98
-26.97
21.10
-7.10
-23.01
21.49
-8.00
-23.50
21.50
-7.50
-26.88
21.80
-7.22
-27.44
21.43
-7.44
-28.23
21.38
-8.02
-28.69
20.96
-8.30
-22.58
21.50
-8.61
-28.63
21.74
-8.61
-28.96
21.15
-8.78
-21.80
21.61
-9.85
-22.17
21.53
-9.26
-28.87
21.95
-9.10
-29.23
21.51
-9.54
-21.14
21.43
-11.06
-21.46
21.52
-10.45
-29.69
21.46
-10.58
-30.02
20.96
-11.01
-20.91
21.52
-11.72
-29.94
21.78
-11.51
-30.26
21.07
-11.64
-20.74
21.56
-12.57
-30.18
21.98
-12.32
-30.64
21.23
-12.55
-31.22
20.87
-13.10
-31.57
20.65
-13.39
-20.14
22.14
-14.13
-20.65
21.59
-13.67
-21.19
21.01
-14.19
-21.47
20.84
-14.45
-30.32
22.22
-12.94
-30.72
21.91
-13.47
-31.28
21.28
-13.73
-31.70
20.78
-13.87
-20.08
22.09
-14.77
-20.62
21.62
-14.69
-21.15
21.20
-14.82
-21.53
20.85
-14.89
-30.97
22.08
-14.44
-31.42
21.51
-14.56
-31.88
20.90
-14.62
-20.05
22.07
-15.60
-20.62
21.64
-15.59
-21.18
21.24
-15.62
-21.62
20.79
-15.62
-31.13
22.17
-15.15
-31.53
21.75
-15.49
-32.09
21.05
-15.51
-20.04
22.11
-16.50
-20.63
21.68
-16.51
-21.21
21.27
-16.53
-21.69
20.78
-16.53
-31.78
21.82
-16.40
-32.31
21.25
-16.39
-20.07
22.19
-17.43
-20.65
21.74
-17.45
-21.24
21.31
-17.48
-21.75
20.81
-17.50
-31.99
21.98
-17.14
-32.51
21.50
-17.16
-20.16
22.25
-18.31
-20.68
21.83
-18.35
-21.26
21.40
-18.47
-21.80
20.85
-18.48
-32.20
22.17
-17.68
-32.80
21.83
-17.84
-33.58
21.74
-18.24
-34.34
21.63
-18.57
-35.00
21.49
-18.90
-20.25
22.29
-18.99
-20.67
21.97
-19.18
-21.26
21.54
-19.53
-21.86
20.90
-19.48
-35.43
21.49
-19.41
-35.81
21.28
-19.88
-21.49
21.46
-20.54
-21.98
20.90
-20.42
-35.98
21.22
-20.57
-21.63
21.35
-21.53
-22.01
20.94
-21.16
-35.98
21.19
-21.28
-21.53
21.37
-22.54
-35.50
21.31
-22.48
-35.82
21.20
-21.92
-21.46
21.32
-23.51
-34.62
21.36
-23.65
-35.09
21.34
-23.09
-21.35
21.32
-24.48
-33.58
21.40
-24.71
-34.12
21.37
-24.20
-20.75
21.74
-25.86
-21.22
21.37
-25.50
-32.06
21.84
-25.87
-32.54
21.46
-25.66
-33.10
21.34
-25.22
-20.71
21.70
-26.61
-21.28
21.29
-26.53
-31.70
21.48
-26.35
-32.25
21.13
-26.09
-20.67
21.67
-27.50
-21.27
21.30
-27.48
-25.83
21.15
-28.15
-26.57
21.40
-28.09
-27.53
21.46
-27.88
-28.49
21.48
-27.66
-29.40
21.45
-27.43
-30.24
21.43
-27.18
-30.99
21.43
-26.84
-20.63
21.63
-28.41
-21.22
21.32
-28.36
-23.06
21.28
-29.02
-23.73
21.43
-28.95
-24.56
21.44
-28.65
-25.41
21.48
-28.42
-26.10
21.74
-28.35
-20.63
21.59
-29.32
-21.14
21.35
-29.04
-22.83
21.49
-29.56
-23.40
21.76
-29.55
-19.14
22.27
-30.55
-19.64
22.08
-30.42
-20.35
21.78
-30.14
-22.59
21.80
-30.21
-23.17
22.03
-30.04
-19.19
22.40
-30.85
-19.76
22.27
-30.85
-20.60
22.01
-30.77
-21.38
21.97
-30.84
-22.05
21.94
-30.67
-24.07
22.39
-7.17
-24.72
22.38
-6.98
-25.44
22.37
-6.95
-26.16
22.39
-7.08
-23.03
22.44
-8.01
-23.52
22.42
-7.53
-26.78
22.47
-7.35
-27.39
22.37
-7.70
-27.97
22.29
-8.12
-22.60
22.48
-8.58
-28.36
22.44
-8.63
-21.79
22.54
-9.87
-22.19
22.51
-9.22
-28.69
22.58
-9.21
-29.06
22.48
-9.84
-21.11
22.15
-11.07
-21.37
22.52
-10.59
-29.39
22.48
-10.65
-20.89
22.52
-11.61
-21.12
22.88
-11.10
-29.65
22.61
-11.49
-20.57
22.54
-12.46
-29.89
22.72
-12.30
-19.39
23.22
-14.34
-19.78
22.82
-14.03
-20.25
22.62
-13.30
-30.11
22.80
-13.03
-30.40
22.74
-13.74
-19.26
23.15
-14.87
-19.63
22.62
-14.79
-30.66
22.76
-14.59
-19.17
23.12
-15.60
-19.55
22.56
-15.60
-30.92
22.73
-15.51
-31.26
22.26
-15.84
-19.15
23.14
-16.41
-19.52
22.61
-16.49
-31.04
22.94
-16.41
-31.39
22.36
-16.48
-19.18
23.18
-17.09
-19.51
22.78
-17.46
-31.21
23.07
-17.16
-31.59
22.52
-17.21
-19.70
22.78
-18.45
-31.42
23.18
-17.71
-31.91
22.78
-17.94
-32.68
22.52
-18.36
-33.47
22.35
-18.70
-34.26
22.26
-19.05
-34.84
22.00
-19.23
-19.95
22.71
-19.46
-20.51
22.24
-19.82
-20.93
21.92
-20.01
-34.57
22.50
-19.54
-35.14
22.18
-19.81
-35.61
21.80
-20.10
-19.91
22.87
-20.52
-20.47
22.37
-20.64
-20.99
21.94
-20.68
-35.32
22.36
-20.63
-35.72
21.84
-20.65
-19.83
22.93
-21.51
-20.45
22.42
-21.55
-21.03
21.92
-21.57
-35.36
22.35
-21.40
-35.74
21.83
-21.30
-19.78
22.86
-22.50
-20.41
22.40
-22.51
-20.99
21.91
-22.52
-35.30
22.10
-22.19
-35.68
21.76
-21.83
-19.72
22.77
-23.46
-20.36
22.34
-23.47
-20.93
21.87
-23.47
-34.43
22.14
-23.45
-34.91
22.09
-22.91
-19.59
22.67
-24.41
-20.29
22.26
-24.44
-20.86
21.83
-24.38
-32.17
22.92
-24.96
-32.66
22.63
-24.74
-33.31
22.20
-24.49
-33.94
22.12
-23.99
-16.13
23.36
-26.15
-16.75
23.18
-26.02
-17.55
22.99
-25.90
-18.40
22.81
-25.74
-19.31
22.59
-25.42
-20.27
22.11
-25.48
-20.80
21.79
-25.12
-31.91
22.54
-25.55
-32.53
22.15
-25.25
-32.98
21.92
-25.00
-15.97
23.16
-26.74
-16.72
22.95
-26.75
-17.55
22.78
-26.70
-18.43
22.62
-26.62
-19.29
22.41
-26.52
-20.09
22.07
-26.53
-31.35
22.39
-26.22
-15.78
22.98
-27.52
-16.63
22.79
-27.57
-17.53
22.64
-27.57
-18.42
22.49
-27.54
-19.26
22.29
-27.50
-20.02
22.01
-27.49
-26.82
22.04
-28.21
-27.55
22.38
-28.02
-28.49
22.42
-27.64
-29.38
22.33
-27.33
-30.17
22.27
-27.05
-30.82
22.25
-26.71
-12.55
23.39
-29.11
-12.97
23.21
-28.99
-13.65
23.06
-28.88
-14.48
22.95
-28.72
-15.44
22.86
-28.42
-16.52
22.70
-28.47
-17.49
22.56
-28.48
-18.41
22.41
-28.46
-19.25
22.21
-28.42
-19.98
21.95
-28.40
-24.09
21.84
-29.20
-24.67
21.95
-29.04
-25.45
22.10
-28.84
-26.31
22.34
-28.59
-27.00
22.86
-28.44
-12.50
23.33
-29.66
-12.97
23.08
-29.64
-13.67
22.93
-29.60
-14.53
22.84
-29.52
-15.49
22.76
-29.42
-16.51
22.67
-29.40
-17.50
22.55
-29.40
-18.46
22.38
-29.37
-19.27
22.16
-29.28
-19.95
21.90
-29.23
-23.90
22.15
-29.65
-24.61
22.41
-29.51
-25.36
22.64
-29.32
-26.08
23.00
-29.15
-26.67
23.16
-28.83
-12.50
23.32
-30.34
-12.98
23.08
-30.34
-13.69
22.94
-30.34
-14.55
22.86
-30.32
-15.51
22.81
-30.29
-16.52
22.75
-30.28
-17.56
22.65
-30.27
-18.64
22.42
-30.27
-19.36
22.13
-29.98
-19.89
21.92
-29.82
-22.82
22.30
-30.52
-23.53
22.61
-30.32
-24.48
22.93
-30.01
-25.24
23.11
-29.74
-25.73
23.19
-29.55
-12.57
23.36
-30.89
-12.99
23.20
-30.99
-13.69
23.07
-31.05
-14.56
23.01
-31.08
-15.52
22.98
-31.09
-16.53
22.97
-31.09
-17.59
22.93
-31.09
-18.73
22.74
-31.04
-19.64
22.71
-31.23
-20.54
22.62
-31.24
-21.43
22.58
-31.19
-22.34
22.58
-30.96
-23.00
22.86
-30.84
-24.11
23.20
-7.27
-24.71
23.18
-7.11
-25.38
23.16
-7.11
-26.02
23.15
-7.24
-23.11
23.31
-8.05
-23.61
23.31
-7.62
-26.61
23.24
-7.58
-27.28
23.21
-8.02
-27.80
22.89
-8.24
-22.70
23.44
-8.58
-27.61
23.61
-8.59
-28.05
23.10
-8.68
-21.84
23.51
-9.86
-22.25
23.49
-9.21
-27.86
23.88
-9.10
-28.36
23.41
-9.35
-28.83
23.30
-10.01
-21.46
23.54
-10.52
-29.13
23.36
-10.73
-20.82
23.53
-11.74
-21.13
23.61
-11.13
-29.40
23.44
-11.54
-20.47
23.53
-12.43
-29.64
23.52
-12.34
-19.28
23.80
-14.24
-19.66
23.67
-13.72
-20.09
23.57
-13.11
-29.89
23.56
-13.13
-30.16
23.54
-13.87
-19.05
23.81
-14.86
-30.39
23.56
-14.68
-18.93
23.80
-15.62
-30.60
23.60
-15.54
-18.91
23.79
-16.48
-30.76
23.68
-16.42
-18.99
23.73
-17.40
-19.23
23.30
-17.81
-30.97
23.75
-17.22
-19.01
23.90
-18.16
-19.26
23.47
-18.57
-31.28
23.76
-17.93
-31.83
23.63
-18.62
-32.64
23.16
-18.92
-33.38
22.90
-19.14
-33.97
22.73
-19.32
-19.40
23.42
-19.52
-32.11
24.00
-19.46
-32.72
23.60
-19.55
-33.44
23.30
-19.70
-34.21
22.95
-19.83
-34.77
22.72
-20.09
-19.36
23.48
-20.47
-32.28
24.18
-20.03
-32.77
23.92
-20.16
-33.43
23.65
-20.34
-34.14
23.36
-20.66
-34.82
22.88
-20.70
-18.02
24.28
-22.16
-18.49
24.02
-21.88
-19.13
23.56
-21.48
-34.27
23.38
-21.48
-34.86
22.90
-21.45
-17.26
24.34
-23.11
-17.76
24.15
-22.78
-18.43
23.72
-22.66
-19.11
23.32
-22.52
-32.25
24.19
-23.04
-32.76
23.92
-22.88
-33.40
23.63
-22.67
-34.10
23.31
-22.31
-34.78
22.79
-22.21
-17.06
24.20
-23.67
-17.68
23.83
-23.58
-18.37
23.48
-23.49
-19.06
23.14
-23.44
-32.09
24.01
-23.68
-32.72
23.60
-23.54
-33.40
23.26
-23.35
-34.11
22.84
-23.15
-34.65
22.63
-22.79
-16.06
24.15
-25.00
-16.71
24.00
-24.52
-17.54
23.58
-24.39
-18.30
23.28
-24.30
-18.97
23.00
-24.28
-31.93
23.56
-24.56
-32.65
23.17
-24.21
-33.30
22.85
-23.96
-33.81
22.64
-23.73
-14.90
24.12
-26.05
-15.71
23.85
-25.74
-16.66
23.55
-25.35
-17.51
23.28
-25.16
-18.28
23.06
-25.04
-18.87
22.90
-24.92
-31.45
23.37
-25.40
-12.57
24.36
-27.48
-12.96
24.25
-27.24
-13.63
24.11
-26.95
-14.46
23.89
-26.64
-15.30
23.50
-26.61
-28.91
24.00
-27.11
-29.51
23.84
-26.82
-30.21
23.63
-26.48
-30.90
23.24
-26.13
-12.48
24.14
-27.96
-12.94
23.84
-27.75
-13.60
23.64
-27.56
-14.36
23.45
-27.40
-15.09
23.22
-27.36
-27.83
23.14
-27.96
-28.47
23.46
-27.55
-29.39
23.17
-27.15
-30.13
22.99
-26.85
-30.65
22.85
-26.60
-12.41
23.78
-28.74
-12.93
23.49
-28.40
-13.60
23.30
-28.21
-14.34
23.16
-28.07
-14.95
23.06
-27.95
-27.41
23.58
-28.29
-27.93
23.74
-27.93
-12.24
23.72
-29.60
-25.78
24.04
-29.70
-26.20
23.75
-29.33
-26.82
23.67
-28.83
-12.25
23.70
-30.43
-23.75
23.42
-30.76
-24.48
23.64
-30.41
-25.31
23.76
-29.96
-25.78
23.54
-29.65
-12.44
23.70
-31.29
-12.96
23.46
-31.59
-13.68
23.32
-31.74
-14.55
23.26
-31.81
-15.50
23.25
-31.84
-16.50
23.30
-31.86
-17.60
23.40
-31.90
-18.65
23.30
-31.71
-19.59
23.27
-31.69
-20.52
23.24
-31.67
-21.44
23.24
-31.60
-22.32
23.29
-31.43
-23.10
23.43
-31.18
-12.52
23.93
-32.08
-12.97
23.75
-32.24
-13.67
23.64
-32.40
-14.54
23.59
-32.53
-15.47
23.57
-32.56
-16.38
23.62
-32.57
-17.25
23.77
-32.61
-12.59
24.09
-32.52
-12.94
24.11
-32.73
-13.64
24.03
-32.98
-14.53
24.02
-33.23
-15.46
23.93
-33.21
-16.31
23.96
-33.21
-17.06
24.08
-33.22
-14.87
24.34
-33.69
-15.54
24.32
-33.73
-16.31
24.33
-33.72
-16.93
24.38
-33.65
-24.18
23.79
-7.41
-24.70
23.84
-7.34
-25.35
23.83
-7.37
-25.89
23.70
-7.43
-23.26
24.01
-8.11
-23.83
24.22
-7.82
-24.62
24.42
-7.70
-25.44
24.47
-7.82
-26.27
24.01
-7.86
-26.92
23.82
-8.14
-22.93
24.43
-8.58
-23.46
24.72
-8.24
-25.79
24.93
-8.27
-26.46
24.69
-8.52
-27.15
24.19
-8.65
-21.91
24.49
-9.89
-22.36
24.47
-9.24
-26.87
24.99
-9.10
-27.55
24.58
-9.41
-28.24
24.13
-9.82
-28.66
23.89
-10.19
-21.52
24.50
-10.54
-27.84
24.95
-10.08
-28.31
24.61
-10.38
-28.81
24.19
-10.79
-20.83
24.48
-11.80
-21.17
24.52
-11.18
-29.13
24.23
-11.60
-20.46
24.50
-12.42
-29.39
24.34
-12.42
-19.21
24.61
-14.18
-19.60
24.56
-13.61
-20.04
24.52
-13.03
-29.66
24.43
-13.25
-29.95
24.33
-13.97
-18.93
24.62
-14.85
-30.17
24.37
-14.72
-18.78
24.62
-15.64
-30.35
24.46
-15.56
-18.74
24.62
-16.52
-30.54
24.52
-16.45
-18.77
24.60
-17.48
-30.75
24.56
-17.30
-18.83
24.55
-18.49
-19.04
24.02
-18.88
-31.03
24.56
-18.09
-31.39
24.52
-18.83
-18.75
24.73
-19.45
-19.05
24.06
-19.55
-31.69
24.62
-19.62
-18.60
24.74
-20.33
-18.98
24.08
-20.35
-32.02
24.63
-20.49
-32.68
24.21
-20.76
-33.31
23.93
-20.90
-33.79
23.73
-21.01
-17.82
24.74
-21.86
-18.36
24.58
-21.22
-18.84
24.07
-21.02
-32.02
24.75
-21.50
-32.66
24.31
-21.50
-33.29
24.01
-21.50
-33.81
23.75
-21.49
-17.01
24.78
-22.91
-17.44
24.69
-22.43
-31.96
24.64
-22.55
-32.67
24.21
-22.26
-33.30
23.92
-22.11
-33.77
23.71
-21.98
-16.66
24.72
-23.53
-31.07
25.05
-23.98
-31.52
24.68
-23.58
-15.78
24.66
-24.76
-16.28
24.64
-24.20
-30.87
24.91
-24.58
-31.34
24.31
-24.51
-14.01
25.01
-26.00
-14.57
24.69
-25.80
-15.28
24.60
-25.32
-30.56
24.72
-25.30
-31.03
24.08
-25.28
-12.47
24.80
-27.41
-12.92
24.82
-26.95
-13.60
24.77
-26.47
-14.19
24.42
-26.29
-28.23
25.10
-27.21
-28.72
24.71
-26.96
-29.46
24.55
-26.49
-30.19
24.38
-26.00
-30.73
23.91
-25.83
-12.21
24.70
-28.06
-12.06
24.88
-28.38
-27.87
24.90
-27.64
-28.23
24.31
-27.51
-12.14
24.36
-28.78
-12.03
24.80
-28.87
-26.86
24.92
-28.72
-27.36
24.56
-28.26
-27.85
24.19
-27.91
-12.08
24.23
-29.60
-12.00
24.75
-29.63
-25.76
24.68
-29.71
-26.41
24.62
-29.17
-26.89
24.27
-28.78
-12.09
24.20
-30.47
-12.02
24.73
-30.51
-23.80
24.01
-31.09
-24.33
24.49
-30.84
-25.13
24.58
-30.20
-12.19
24.21
-31.34
-12.11
24.73
-31.40
-18.09
23.73
-32.26
-18.75
23.76
-32.20
-19.60
23.78
-32.18
-20.52
23.80
-32.15
-21.45
23.83
-32.08
-22.36
23.92
-31.94
-23.25
24.12
-31.67
-23.76
24.70
-31.65
-12.33
24.28
-32.11
-12.31
24.73
-32.23
-17.94
24.00
-32.73
-18.72
24.14
-32.73
-19.59
24.22
-32.71
-20.51
24.27
-32.69
-21.45
24.31
-32.63
-22.32
24.38
-32.55
-23.06
24.54
-32.43
-23.50
24.86
-32.40
-12.50
24.32
-32.59
-12.77
24.67
-32.96
-13.54
24.49
-33.38
-14.19
24.40
-33.57
-17.76
24.35
-33.31
-18.63
24.53
-33.30
-19.55
24.64
-33.27
-20.50
24.69
-33.23
-21.43
24.72
-33.18
-22.29
24.74
-33.10
-22.98
24.81
-33.03
-23.37
24.96
-32.99
-13.07
25.10
-33.52
-13.68
24.99
-33.78
-14.54
24.81
-33.95
-15.50
24.86
-34.13
-16.41
24.85
-34.11
-17.39
24.83
-33.90
-18.50
25.04
-33.84
-19.50
25.14
-33.76
-20.47
25.17
-33.68
-21.41
25.17
-33.58
-22.28
25.12
-33.46
-22.95
25.05
-33.37
-23.30
25.04
-33.30
-24.01
24.92
-8.05
-24.57
25.03
-8.03
-25.15
25.05
-8.10
-23.02
25.43
-8.83
-23.73
25.44
-8.43
-24.54
25.64
-8.41
-25.46
25.57
-8.57
-26.17
25.32
-8.82
-21.99
25.45
-9.95
-22.45
25.45
-9.36
-25.94
25.96
-9.06
-26.60
25.69
-9.41
-27.26
25.30
-9.76
-21.59
25.47
-10.59
-27.01
25.99
-10.04
-27.61
25.65
-10.49
-28.27
25.13
-10.88
-28.67
24.76
-11.10
-20.86
25.39
-11.85
-21.21
25.47
-11.26
-27.97
25.99
-11.37
-28.43
25.48
-11.56
-28.84
24.92
-11.68
-20.50
25.47
-12.42
-28.18
26.20
-11.95
-28.60
25.88
-12.34
-29.07
25.16
-12.49
-19.18
25.51
-14.17
-19.59
25.51
-13.58
-20.05
25.49
-13.01
-28.91
26.00
-13.04
-29.38
25.47
-13.52
-29.78
24.98
-14.05
-18.89
25.52
-14.84
-29.66
25.78
-14.50
-29.95
25.13
-14.70
-18.72
25.53
-15.64
-29.85
25.92
-15.19
-30.10
25.39
-15.56
-18.64
25.54
-16.54
-30.32
25.38
-16.49
-18.63
25.54
-17.49
-30.53
25.44
-17.39
-18.61
25.55
-18.46
-30.80
25.42
-18.26
-31.09
25.30
-18.97
-18.50
25.59
-19.40
-31.31
25.32
-19.71
-18.28
25.56
-20.27
-31.47
25.36
-20.55
-16.92
25.85
-22.02
-17.45
25.48
-21.68
-17.98
25.41
-21.01
-31.49
25.39
-21.47
-16.73
25.45
-22.62
-17.20
25.19
-22.23
-31.40
25.35
-22.38
-16.32
25.32
-23.37
-30.82
25.57
-23.76
-31.16
25.38
-23.18
-15.52
25.28
-24.50
-15.96
25.24
-23.99
-30.51
25.55
-24.48
-13.94
25.62
-25.77
-14.51
25.40
-25.39
-15.06
25.26
-25.00
-29.06
26.02
-25.98
-29.50
25.79
-25.69
-30.09
25.47
-25.26
-12.41
25.44
-27.37
-12.82
25.56
-26.86
-13.39
25.60
-26.31
-28.15
25.74
-27.04
-28.76
25.65
-26.48
-29.41
25.26
-26.13
-29.91
25.04
-25.81
-12.15
25.44
-28.04
-12.04
25.18
-28.37
-27.68
25.67
-27.59
-12.03
25.75
-28.76
-12.00
25.25
-28.87
-26.75
25.63
-28.67
-27.23
25.56
-28.16
-11.97
25.85
-29.60
-11.97
25.28
-29.63
-25.62
25.54
-29.71
-26.23
25.57
-29.18
-11.96
25.88
-30.52
-11.98
25.29
-30.52
-23.90
26.06
-31.14
-24.32
25.56
-30.85
-25.03
25.44
-30.22
-11.99
25.89
-31.44
-12.05
25.30
-31.43
-23.03
26.27
-32.10
-23.48
26.00
-31.75
-23.82
25.37
-31.67
-12.10
25.91
-32.30
-12.20
25.32
-32.29
-22.87
26.05
-32.59
-23.30
25.68
-32.47
-23.56
25.26
-32.41
-12.30
25.94
-33.01
-12.49
25.40
-33.03
-22.65
25.84
-33.12
-23.14
25.49
-33.04
-23.42
25.20
-32.99
-12.50
25.99
-33.45
-12.88
25.73
-33.63
-13.67
25.68
-34.06
-14.54
25.61
-34.33
-15.49
25.63
-34.53
-16.41
25.53
-34.50
-17.32
25.71
-34.42
-18.45
25.74
-34.22
-19.46
25.77
-34.08
-20.43
25.77
-33.94
-21.37
25.73
-33.75
-22.28
25.60
-33.51
-22.98
25.30
-33.38
-23.31
25.16
-33.31
-15.81
26.07
-34.75
-16.38
26.04
-34.73
-16.89
26.02
-34.68
-23.08
26.33
-9.07
-23.71
26.40
-8.80
-24.44
26.46
-8.74
-25.17
26.49
-8.89
-22.08
26.36
-10.04
-22.55
26.40
-9.51
-25.75
26.62
-9.25
-26.33
26.61
-9.68
-21.69
26.45
-10.66
-26.82
26.66
-10.23
-27.29
26.58
-10.79
-20.91
26.12
-11.89
-21.24
26.48
-11.43
-27.66
26.68
-11.48
-20.63
26.49
-12.37
-20.98
26.86
-11.94
-28.00
26.75
-12.12
-28.38
26.62
-12.65
-19.20
26.44
-14.18
-19.61
26.47
-13.61
-20.10
26.49
-13.03
-28.73
26.64
-13.26
-29.12
26.46
-13.84
-18.90
26.45
-14.85
-29.42
26.57
-14.62
-18.72
26.49
-15.64
-29.72
26.57
-15.53
-29.99
26.05
-15.88
-18.61
26.50
-16.54
-29.87
26.81
-16.42
-30.12
26.17
-16.57
-18.55
26.51
-17.49
-29.99
26.93
-17.11
-30.26
26.41
-17.50
-18.47
26.52
-18.44
-30.56
26.34
-18.61
-30.89
25.89
-19.09
-18.30
26.53
-19.36
-30.64
26.62
-19.61
-30.99
25.99
-19.73
-16.98
27.07
-21.25
-17.43
26.86
-20.86
-17.95
26.50
-20.29
-30.67
26.71
-20.54
-31.06
26.04
-20.56
-15.42
27.22
-22.48
-15.83
27.02
-22.25
-16.60
26.65
-21.82
-17.32
26.25
-21.30
-17.77
26.05
-20.87
-30.62
26.70
-21.49
-31.05
26.04
-21.46
-15.20
27.10
-22.94
-15.64
26.65
-22.80
-16.21
26.16
-22.62
-30.58
26.53
-22.43
-30.99
25.97
-22.31
-14.45
27.10
-24.14
-14.85
26.93
-23.71
-15.40
26.35
-23.50
-15.91
25.89
-23.33
-30.52
26.24
-23.37
-30.91
25.88
-22.96
-14.27
26.92
-24.64
-14.70
26.45
-24.38
-15.26
25.92
-24.20
-15.72
25.70
-23.85
-30.22
26.22
-24.26
-13.93
26.51
-25.42
-14.51
26.03
-24.99
-14.94
25.75
-24.74
-28.95
26.62
-25.74
-29.43
26.41
-25.33
-29.88
26.22
-24.91
-12.41
26.01
-27.37
-12.74
26.44
-27.00
-13.31
26.49
-26.23
-27.98
26.58
-26.91
-28.48
26.57
-26.31
-12.23
26.17
-27.90
-12.43
26.76
-27.70
-27.51
26.54
-27.52
-12.11
26.47
-28.67
-12.27
26.92
-28.30
-26.65
26.52
-28.57
-27.10
26.43
-28.07
-12.01
26.48
-29.59
-24.83
26.86
-30.00
-25.38
26.51
-29.68
-26.08
26.52
-29.12
-11.98
26.50
-30.52
-23.84
26.69
-30.87
-24.45
26.48
-30.41
-24.97
26.13
-30.10
-12.00
26.51
-31.44
-22.25
27.17
-32.21
-22.72
26.82
-31.97
-23.29
26.72
-31.41
-12.10
26.50
-32.30
-22.00
27.02
-32.67
-22.45
26.53
-32.61
-12.30
26.52
-33.07
-12.57
26.83
-33.39
-21.70
26.79
-33.21
-22.20
26.30
-33.15
-12.51
26.34
-33.49
-12.91
26.53
-33.77
-13.69
26.48
-34.24
-14.51
26.41
-34.58
-15.17
26.20
-34.70
-16.87
26.85
-34.69
-17.43
26.55
-34.56
-18.46
26.51
-34.34
-19.43
26.49
-34.18
-20.36
26.48
-33.99
-21.27
26.46
-33.68
-21.94
26.11
-33.52
-14.91
26.77
-34.77
-15.54
26.58
-34.81
-16.38
26.62
-34.79
-16.91
26.39
-34.73
-23.13
27.03
-9.25
-23.68
27.27
-9.09
-24.39
27.25
-8.99
-25.01
27.27
-9.10
-22.21
27.09
-10.10
-22.72
27.42
-9.70
-23.33
27.71
-9.40
-25.54
27.42
-9.43
-26.12
27.47
-9.89
-21.91
27.45
-10.63
-22.32
27.81
-10.22
-26.64
27.46
-10.46
-27.07
27.36
-10.99
-21.44
27.50
-11.38
-27.42
27.43
-11.63
-20.63
27.51
-12.55
-21.05
27.60
-11.99
-27.81
27.54
-12.40
-28.22
27.22
-12.85
-19.24
27.30
-14.23
-19.63
27.42
-13.71
-20.13
27.47
-13.13
-28.02
27.87
-13.01
-28.48
27.52
-13.50
-28.92
27.15
-13.99
-18.96
27.35
-14.85
-28.74
27.82
-14.17
-29.10
27.46
-14.65
-18.78
27.46
-15.63
-29.42
27.47
-15.58
-18.64
27.48
-16.54
-29.63
27.55
-16.49
-18.54
27.49
-17.49
-29.83
27.56
-17.42
-30.10
27.11
-17.84
-18.43
27.50
-18.41
-29.89
27.78
-18.18
-30.17
27.32
-18.62
-18.23
27.51
-19.28
-30.29
27.36
-19.58
-16.92
27.72
-21.13
-17.43
27.66
-20.64
-17.89
27.54
-20.05
-30.28
27.40
-20.53
-15.36
27.61
-22.41
-15.79
27.61
-22.06
-16.38
27.63
-21.64
-29.46
28.06
-22.35
-29.68
27.91
-22.06
-30.12
27.44
-21.55
-15.04
27.65
-22.92
-29.39
27.99
-22.83
-29.69
27.63
-22.71
-30.11
27.14
-22.52
-14.36
27.47
-24.13
-14.64
27.71
-23.67
-29.28
27.93
-23.54
-29.62
27.45
-23.48
-30.04
26.93
-23.40
-14.12
27.63
-24.65
-14.35
27.97
-24.19
-29.09
27.83
-24.36
-29.49
27.28
-24.25
-29.88
26.80
-24.17
-13.75
27.47
-25.49
-28.83
27.46
-25.29
-29.38
26.97
-24.92
-29.73
26.69
-24.70
-12.91
27.35
-26.99
-13.32
27.42
-26.29
-27.81
27.48
-26.78
-28.30
27.46
-26.10
-12.64
27.50
-27.73
-26.93
27.85
-27.91
-27.30
27.49
-27.50
-12.16
27.03
-28.96
-12.39
27.51
-28.61
-26.61
27.49
-28.38
-27.01
27.14
-27.99
-12.11
27.09
-29.65
-12.32
27.70
-29.57
-24.10
27.91
-30.18
-24.63
27.60
-29.93
-25.34
27.51
-29.48
-26.00
27.49
-28.98
-12.09
27.13
-30.53
-12.30
27.77
-30.51
-23.72
27.54
-30.59
-24.27
27.20
-30.29
-12.11
27.13
-31.43
-12.34
27.76
-31.44
-22.07
27.72
-32.01
-22.60
27.54
-31.58
-23.14
27.45
-31.12
-12.20
27.08
-32.26
-12.46
27.67
-32.32
-21.62
27.65
-32.59
-12.33
27.02
-32.88
-12.68
27.42
-33.15
-21.27
27.41
-33.18
-13.15
27.29
-33.81
-13.84
27.27
-34.33
-14.32
27.01
-34.61
-16.76
27.39
-34.57
-17.55
27.31
-34.39
-18.48
27.25
-34.23
-19.39
27.21
-34.08
-20.22
27.18
-33.90
-20.88
27.19
-33.63
-14.24
27.48
-34.58
-14.71
27.29
-34.72
-15.45
27.25
-34.78
-16.15
27.26
-34.74
-23.91
27.87
-9.23
-24.41
27.89
-9.20
-24.89
27.84
-9.25
-22.95
28.40
-9.92
-23.66
28.36
-9.54
-24.44
28.47
-9.50
-25.21
28.27
-9.61
-25.92
28.33
-10.11
-21.98
28.38
-10.86
-22.42
28.51
-10.40
-26.50
28.35
-10.78
-26.91
27.96
-11.12
-21.59
28.44
-11.45
-26.78
28.72
-11.51
-27.13
28.15
-11.65
-20.69
28.47
-12.67
-21.16
28.49
-12.07
-27.00
28.92
-12.09
-27.39
28.46
-12.39
-19.29
27.97
-14.30
-19.64
28.41
-13.95
-20.19
28.45
-13.27
-27.78
28.53
-13.13
-28.22
28.43
-13.75
-19.09
28.15
-14.80
-19.32
28.77
-14.60
-28.59
28.44
-14.40
-28.93
28.26
-14.95
-18.92
28.49
-15.58
-19.14
28.95
-15.13
-29.17
28.26
-15.69
-18.72
28.47
-16.56
-29.34
28.31
-16.55
-18.58
28.46
-17.49
-29.49
28.36
-17.49
-18.44
28.47
-18.40
-29.64
28.42
-18.53
-29.95
27.93
-18.91
-18.23
28.49
-19.23
-29.64
28.61
-19.55
-29.98
28.00
-19.62
-16.90
28.57
-21.09
-17.44
28.55
-20.55
-17.89
28.51
-19.96
-29.61
28.63
-20.55
-29.95
28.03
-20.47
-15.36
28.02
-22.41
-15.70
28.24
-22.14
-16.27
28.59
-21.69
-29.38
28.31
-22.24
-29.50
28.50
-21.68
-29.87
28.00
-21.22
-15.15
28.26
-22.81
-15.50
28.82
-22.55
-15.93
29.01
-22.11
-29.25
28.38
-22.76
-29.21
28.80
-22.53
-14.82
28.59
-23.53
-15.17
29.00
-23.11
-29.08
28.46
-23.47
-29.03
28.92
-23.27
-14.08
28.38
-24.90
-14.40
28.59
-24.31
-28.78
28.62
-24.29
-28.86
29.00
-23.82
-13.77
28.32
-25.64
-28.47
28.38
-25.23
-13.06
28.03
-27.05
-13.40
28.36
-26.53
-27.67
28.38
-26.58
-28.10
28.29
-25.97
-12.94
28.33
-27.70
-13.26
28.76
-27.23
-26.83
28.54
-27.80
-27.24
28.43
-27.25
-12.71
28.34
-28.62
-26.41
28.47
-28.35
-12.61
28.41
-29.55
-23.95
28.61
-30.07
-24.61
28.54
-29.70
-25.28
28.46
-29.31
-25.89
28.43
-28.87
-12.59
28.45
-30.50
-22.15
29.01
-31.20
-22.62
28.82
-30.90
-23.28
28.48
-30.55
-12.65
28.42
-31.42
-21.85
28.58
-31.69
-22.50
28.24
-31.27
-22.96
28.05
-30.96
-12.81
28.35
-32.31
-17.90
29.13
-33.14
-18.60
29.06
-33.06
-19.42
28.95
-32.95
-20.25
28.78
-32.77
-21.10
28.47
-32.46
-13.18
28.24
-33.15
-13.89
28.59
-33.52
-14.67
28.77
-33.73
-15.53
28.82
-33.79
-16.47
28.78
-33.72
-17.51
28.76
-33.53
-18.50
28.55
-33.49
-19.39
28.42
-33.41
-20.17
28.25
-33.28
-20.82
27.96
-33.15
-13.38
27.86
-33.75
-13.98
27.98
-34.11
-14.70
28.24
-34.22
-15.51
28.25
-34.27
-16.45
28.06
-34.28
-17.50
28.03
-34.06
-18.47
27.94
-33.93
-19.37
27.85
-33.81
-20.13
27.76
-33.68
-20.64
27.67
-33.54
-14.29
27.80
-34.49
-14.76
27.81
-34.57
-15.42
27.79
-34.61
-16.01
27.73
-34.60
-23.10
29.22
-10.18
-23.74
29.20
-9.90
-24.46
29.21
-9.84
-25.16
29.14
-9.96
-25.73
29.11
-10.30
-22.09
29.05
-11.01
-22.54
29.37
-10.70
-26.14
29.22
-10.86
-21.81
29.37
-11.52
-22.23
29.74
-11.21
-26.46
29.42
-11.57
-20.82
29.40
-12.78
-21.33
29.43
-12.17
-26.80
29.54
-12.38
-27.23
29.12
-12.71
-19.87
29.38
-13.98
-20.33
29.38
-13.38
-27.02
29.79
-13.09
-27.48
29.33
-13.37
-27.98
29.17
-14.02
-19.53
29.50
-14.62
-28.38
29.15
-14.79
-28.76
28.80
-15.14
-19.01
29.38
-15.86
-19.26
29.56
-15.27
-28.49
29.42
-15.65
-28.89
28.90
-15.74
-18.85
29.39
-16.65
-28.59
29.56
-16.52
-29.00
28.99
-16.57
-18.68
29.39
-17.53
-28.67
29.66
-17.40
-29.09
29.10
-17.49
-18.52
29.41
-18.41
-28.74
29.74
-18.13
-29.12
29.30
-18.51
-18.29
29.44
-19.24
-29.24
29.30
-19.55
-17.00
29.46
-21.09
-17.49
29.45
-20.56
-17.94
29.46
-19.96
-29.25
29.33
-20.54
-16.50
29.52
-21.64
-29.19
29.32
-21.53
-15.65
29.63
-22.72
-16.08
29.65
-22.17
-29.05
29.40
-22.42
-14.87
29.44
-23.88
-15.26
29.63
-23.31
-28.90
29.43
-23.19
-14.14
28.96
-25.07
-14.48
29.43
-24.68
-28.00
29.88
-24.86
-28.41
29.43
-24.49
-28.72
29.43
-23.83
-13.95
29.07
-25.68
-14.23
29.74
-25.55
-27.77
29.70
-25.49
-28.15
29.12
-25.30
-13.70
29.23
-26.50
-14.02
29.90
-26.34
-27.54
29.29
-26.28
-27.94
28.92
-25.87
-13.13
28.99
-27.94
-13.50
29.54
-27.49
-13.86
30.03
-26.97
-26.69
29.38
-27.62
-27.11
29.27
-27.03
-13.01
29.06
-28.66
-13.33
29.74
-28.57
-26.23
29.35
-28.25
-12.93
29.11
-29.55
-13.26
29.81
-29.53
-23.81
29.50
-29.90
-24.55
29.48
-29.50
-25.23
29.34
-29.14
-25.79
29.27
-28.76
-12.93
29.13
-30.48
-13.30
29.82
-30.46
-21.98
29.62
-31.05
-22.57
29.59
-30.64
-23.18
29.43
-30.29
-13.01
29.09
-31.39
-13.45
29.74
-31.37
-21.45
29.46
-31.54
-13.16
28.97
-32.20
-13.62
29.52
-32.20
-16.84
29.74
-32.84
-17.59
29.58
-32.84
-18.52
29.59
-32.66
-19.40
29.53
-32.52
-20.19
29.42
-32.34
-20.89
29.32
-32.05
-13.37
28.84
-32.80
-13.92
29.23
-32.92
-14.69
29.33
-33.22
-15.51
29.38
-33.29
-16.42
29.41
-33.19
-17.17
29.25
-33.19
-23.27
29.80
-10.37
-23.78
29.86
-10.23
-24.46
29.87
-10.21
-25.12
29.79
-10.33
-25.58
29.64
-10.46
-23.00
30.20
-10.84
-23.72
30.40
-10.67
-24.43
30.45
-10.68
-25.17
30.36
-10.90
-25.76
29.86
-10.91
-21.91
30.09
-11.77
-22.40
30.43
-11.48
-25.52
30.65
-11.58
-26.03
30.11
-11.62
-20.98
30.25
-12.95
-21.57
30.40
-12.35
-22.07
30.78
-12.01
-25.74
30.87
-12.20
-26.27
30.42
-12.51
-20.08
30.16
-14.08
-20.50
30.22
-13.54
-26.75
30.45
-13.53
-27.37
29.95
-13.95
-27.78
29.67
-14.24
-19.77
30.24
-14.72
-26.87
30.83
-14.57
-27.43
30.27
-14.72
-27.92
29.79
-14.82
-19.15
30.02
-16.01
-19.47
30.34
-15.54
-26.99
31.01
-15.53
-27.51
30.46
-15.58
-28.03
29.96
-15.63
-19.07
30.28
-16.67
-19.38
30.71
-16.24
-27.09
31.12
-16.47
-27.59
30.59
-16.50
-28.11
30.08
-16.52
-18.85
30.26
-17.57
-27.18
31.19
-17.38
-27.66
30.69
-17.45
-28.21
30.17
-17.46
-18.66
30.30
-18.44
-27.26
31.24
-18.12
-27.69
30.85
-18.47
-28.37
30.20
-18.49
-28.80
29.82
-18.87
-18.42
30.36
-19.28
-27.85
30.88
-19.43
-28.36
30.40
-19.51
-28.84
29.89
-19.61
-17.12
30.27
-21.16
-17.58
30.33
-20.66
-18.07
30.44
-20.06
-27.93
30.93
-20.16
-28.33
30.58
-20.51
-28.85
29.97
-20.54
-16.71
30.38
-21.70
-28.42
30.54
-21.50
-28.85
29.97
-21.49
-15.82
30.41
-22.90
-16.26
30.45
-22.31
-28.40
30.51
-22.40
-28.78
29.98
-22.38
-15.02
30.11
-24.04
-15.40
30.48
-23.61
-27.88
30.73
-23.77
-28.27
30.45
-23.30
-28.68
29.94
-23.17
-14.83
30.40
-24.68
-15.18
30.81
-24.26
-27.78
30.46
-24.52
-28.29
30.06
-24.03
-28.60
29.83
-23.71
-14.54
30.53
-25.54
-26.91
30.90
-25.81
-27.35
30.45
-25.46
-14.29
30.60
-26.35
-26.71
30.70
-26.48
-27.14
30.10
-26.30
-13.80
30.48
-27.79
-14.06
30.62
-27.09
-26.49
30.28
-27.31
-26.93
29.90
-26.90
-13.64
30.50
-28.64
-24.89
30.91
-28.79
-25.37
30.67
-28.51
-25.94
30.24
-28.14
-13.60
30.53
-29.52
-22.94
30.84
-29.98
-23.56
30.49
-29.74
-24.49
30.50
-29.21
-25.22
30.12
-28.90
-25.68
29.89
-28.64
-13.70
30.52
-30.41
-21.73
30.43
-30.85
-22.50
30.47
-30.36
-23.08
30.13
-30.13
-14.03
30.46
-31.33
-14.79
30.73
-31.70
-15.61
30.83
-31.87
-16.53
30.82
-31.93
-17.50
30.81
-31.89
-18.46
30.79
-31.81
-19.38
30.73
-31.70
-20.23
30.60
-31.55
-21.03
30.29
-31.37
-14.12
30.02
-32.16
-14.78
30.25
-32.29
-15.58
30.30
-32.40
-16.51
30.19
-32.49
-17.52
30.20
-32.37
-18.48
30.18
-32.24
-19.37
30.12
-32.12
-20.15
30.02
-31.97
-20.71
29.89
-31.81
-14.23
29.72
-32.66
-14.76
29.82
-32.79
-15.48
29.86
-32.86
-16.13
29.84
-32.86
-23.18
30.83
-11.17
-23.72
30.95
-11.10
-24.36
30.98
-11.14
-24.88
30.87
-11.22
-22.90
31.23
-11.69
-23.64
31.45
-11.61
-24.39
31.51
-11.75
-25.06
31.15
-11.75
-21.09
30.90
-13.20
-21.64
31.36
-12.91
-22.31
31.43
-12.27
-24.72
31.83
-12.30
-25.37
31.49
-12.57
-25.95
31.05
-12.88
-20.27
30.71
-14.19
-20.71
31.01
-13.83
-21.24
31.72
-13.74
-25.68
31.81
-13.47
-26.18
31.22
-13.60
-20.10
30.88
-14.74
-20.54
31.39
-14.59
-20.99
31.98
-14.51
-25.89
31.97
-14.17
-26.30
31.56
-14.54
-19.89
31.10
-15.53
-20.38
31.67
-15.34
-20.80
32.17
-15.22
-26.52
31.65
-15.53
-19.25
30.94
-16.94
-19.69
31.48
-16.54
-20.29
32.01
-16.02
-20.66
32.30
-15.73
-26.66
31.77
-16.49
-19.08
31.01
-17.64
-19.41
31.69
-17.58
-26.80
31.79
-17.47
-18.89
31.11
-18.48
-19.19
31.83
-18.45
-26.99
31.73
-18.50
-27.35
31.29
-18.85
-18.65
31.25
-19.34
-18.98
31.96
-19.25
-27.03
31.90
-19.53
-27.44
31.34
-19.58
-17.25
30.89
-21.25
-17.66
31.12
-20.89
-18.28
31.57
-20.32
-18.76
32.08
-19.88
-27.09
31.96
-20.52
-27.59
31.33
-20.53
-27.99
30.98
-20.87
-17.01
31.23
-21.77
-17.54
31.64
-21.37
-17.98
31.96
-21.05
-27.09
32.01
-21.50
-27.56
31.45
-21.52
-28.00
31.00
-21.57
-16.02
31.07
-23.01
-16.48
31.34
-22.54
-27.06
32.00
-22.48
-27.54
31.42
-22.46
-27.99
30.97
-22.38
-15.81
31.44
-23.63
-16.28
31.77
-23.14
-26.99
31.90
-23.46
-27.54
31.23
-23.44
-27.95
30.90
-23.05
-15.00
31.10
-24.92
-15.35
31.51
-24.53
-26.83
31.77
-24.43
-27.32
31.13
-24.39
-14.85
31.36
-25.60
-15.18
31.80
-25.22
-26.64
31.52
-25.44
-27.11
31.04
-25.11
-14.57
31.34
-26.46
-25.81
31.83
-26.82
-26.25
31.45
-26.45
-14.07
31.19
-27.95
-14.33
31.32
-27.27
-25.63
31.62
-27.40
-26.06
31.08
-27.28
-13.95
31.19
-28.69
-24.75
31.52
-28.55
-25.34
31.35
-28.07
-25.81
30.91
-27.86
-13.93
31.19
-29.48
-22.73
31.52
-29.85
-23.44
31.47
-29.48
-24.17
31.45
-29.03
-14.03
31.16
-30.25
-20.70
31.60
-30.75
-21.37
31.29
-30.64
-22.15
31.32
-30.23
-14.30
31.15
-30.88
-14.88
31.27
-31.20
-15.65
31.36
-31.35
-16.55
31.39
-31.41
-17.50
31.40
-31.41
-18.45
31.38
-31.37
-19.37
31.34
-31.29
-20.27
31.28
-31.11
-20.91
30.98
-31.05
-23.05
31.85
-12.07
-23.57
31.98
-12.05
-24.12
32.00
-12.12
-22.07
32.25
-13.12
-22.73
32.22
-12.59
-23.53
32.49
-12.56
-24.37
32.42
-12.68
-25.01
32.16
-12.93
-21.69
32.46
-13.78
-24.72
32.75
-13.24
-25.22
32.51
-13.61
-21.40
32.63
-14.53
-25.65
32.55
-14.53
-26.04
32.13
-14.87
-21.14
32.75
-15.27
-25.82
32.83
-15.39
-26.16
32.29
-15.57
-20.00
32.36
-16.96
-20.44
32.61
-16.45
-20.84
32.77
-15.92
-25.94
32.97
-16.03
-26.25
32.57
-16.49
-19.73
32.42
-17.69
-26.45
32.54
-17.53
-19.52
32.55
-18.48
-26.59
32.53
-18.52
-19.29
32.70
-19.28
-26.65
32.59
-19.52
-18.55
32.59
-20.67
-18.96
32.72
-20.02
-26.69
32.64
-20.50
-17.14
31.87
-22.04
-17.54
32.22
-21.82
-18.09
32.65
-21.44
-26.68
32.66
-21.49
-16.90
32.11
-22.56
-17.41
32.71
-22.43
-17.86
32.99
-22.08
-26.64
32.66
-22.47
-16.07
32.33
-23.92
-16.60
32.50
-23.29
-17.12
32.92
-22.99
-26.53
32.61
-23.45
-15.68
32.38
-24.67
-26.37
32.49
-24.40
-15.01
31.97
-25.92
-15.38
32.49
-25.57
-25.16
33.19
-26.17
-25.55
32.88
-25.85
-26.08
32.40
-25.37
-14.87
32.04
-26.63
-15.27
32.75
-26.55
-24.99
33.00
-26.73
-25.52
32.39
-26.58
-25.95
32.09
-26.14
-14.32
31.69
-28.07
-14.70
32.05
-27.60
-15.27
32.85
-27.51
-24.78
32.71
-27.45
-25.25
32.18
-27.35
-14.31
31.75
-28.69
-14.82
32.24
-28.56
-15.54
32.92
-28.53
-16.18
33.20
-28.95
-24.53
32.32
-28.20
-25.06
31.96
-27.90
-14.32
31.73
-29.44
-14.88
32.16
-29.41
-15.63
32.57
-29.43
-16.53
32.93
-29.54
-17.52
33.04
-29.81
-18.51
33.06
-29.97
-19.48
33.02
-30.03
-20.44
32.90
-30.02
-21.39
32.74
-29.88
-22.35
32.42
-29.67
-23.25
32.38
-29.22
-23.94
32.27
-28.80
-14.38
31.65
-30.14
-14.92
31.97
-30.15
-15.66
32.22
-30.19
-16.55
32.39
-30.26
-17.51
32.47
-30.37
-18.48
32.47
-30.44
-19.43
32.39
-30.47
-20.39
32.16
-30.48
-21.29
32.05
-30.27
-21.95
31.94
-30.06
-14.48
31.55
-30.63
-14.94
31.70
-30.73
-15.67
31.83
-30.82
-16.55
31.91
-30.88
-17.50
31.94
-30.92
-18.45
31.93
-30.92
-19.33
31.88
-30.90
-20.02
31.80
-30.84
-22.30
32.82
-13.31
-22.77
32.95
-13.09
-23.44
33.18
-13.08
-24.09
33.14
-13.13
-22.15
33.16
-13.86
-22.71
33.41
-13.56
-23.19
33.52
-13.43
-24.51
33.24
-13.51
-24.93
33.20
-13.96
-21.80
33.29
-14.62
-25.23
33.29
-14.66
-21.51
33.43
-15.43
-25.45
33.47
-15.47
-20.21
32.91
-17.20
-20.62
33.29
-16.91
-21.11
33.44
-16.21
-25.72
33.51
-16.24
-26.00
33.31
-16.85
-20.05
33.04
-17.75
-20.43
33.57
-17.66
-26.17
33.27
-17.66
-19.87
33.25
-18.48
-20.26
33.80
-18.36
-26.27
33.28
-18.56
-19.68
33.59
-19.34
-20.12
34.01
-18.93
-26.33
33.31
-19.52
-18.82
33.42
-20.88
-19.22
33.53
-20.22
-26.35
33.34
-20.50
-18.46
33.50
-21.59
-26.33
33.35
-21.47
-17.62
33.28
-22.69
-18.06
33.61
-22.37
-26.27
33.35
-22.44
-16.25
32.95
-24.15
-16.72
33.33
-23.86
-17.36
33.52
-23.25
-17.84
33.89
-22.99
-25.80
33.84
-23.76
-26.12
33.39
-23.42
-16.03
33.14
-24.72
-16.44
33.69
-24.58
-25.66
33.74
-24.42
-26.01
33.17
-24.32
-15.85
33.49
-25.55
-16.23
33.88
-25.13
-24.94
33.72
-25.95
-25.42
33.54
-25.25
-25.85
33.04
-24.99
-15.65
33.57
-26.51
-24.10
34.09
-27.05
-24.53
33.72
-26.71
-15.67
33.64
-27.37
-23.88
33.93
-27.58
-24.31
33.36
-27.49
-15.95
33.69
-28.16
-16.53
33.76
-28.75
-17.09
34.01
-28.96
-23.58
33.70
-28.23
-24.06
33.08
-28.16
-16.86
33.47
-29.22
-17.57
33.74
-29.34
-18.56
33.74
-29.57
-19.52
33.72
-29.67
-20.47
33.67
-29.66
-21.40
33.57
-29.53
-22.32
33.43
-29.27
-23.18
33.31
-28.84
-23.75
32.90
-28.64
-23.64
33.57
-13.38
-23.99
33.53
-13.41
-22.36
33.65
-14.16
-22.81
33.81
-14.00
-23.46
33.82
-13.81
-24.18
33.72
-13.86
-24.67
33.63
-14.15
-22.22
33.85
-14.74
-22.80
34.15
-14.64
-23.49
34.23
-14.55
-24.19
34.12
-14.60
-24.79
33.85
-14.74
-22.03
34.18
-15.64
-22.77
34.51
-15.37
-23.50
34.61
-15.29
-24.22
34.51
-15.37
-24.94
34.18
-15.65
-20.96
33.90
-17.05
-21.48
34.22
-16.62
-25.40
34.19
-16.66
-25.79
33.83
-17.06
-20.83
34.12
-17.63
-21.31
34.61
-17.51
-25.50
34.45
-17.63
-25.89
33.91
-17.72
-20.66
34.36
-18.34
-21.13
34.86
-18.26
-25.58
34.56
-18.56
-25.96
33.96
-18.58
-19.91
34.45
-19.78
-20.44
34.63
-19.09
-20.91
34.99
-18.82
-25.61
34.61
-19.52
-26.00
33.99
-19.52
-19.02
34.05
-21.05
-19.42
34.39
-20.61
-25.63
34.62
-20.50
-26.01
34.01
-20.49
-18.84
34.31
-21.67
-19.23
34.68
-21.28
-25.62
34.60
-21.47
-26.00
34.00
-21.45
-18.47
34.38
-22.49
-25.60
34.53
-22.43
-25.96
33.97
-22.36
-17.02
33.96
-24.07
-17.48
34.17
-23.74
-18.08
34.52
-23.33
-25.57
34.36
-23.40
-25.91
33.92
-23.07
-16.88
34.33
-24.64
-17.48
34.66
-24.29
-17.97
34.91
-24.00
-25.33
34.36
-24.29
-16.13
34.30
-25.85
-16.48
34.41
-25.30
-24.66
34.43
-25.65
-25.07
34.31
-25.03
-15.97
34.37
-26.57
-23.89
34.62
-26.85
-24.29
34.45
-26.31
-15.97
34.40
-27.30
-23.52
34.59
-27.52
-16.20
34.43
-27.94
-16.66
34.48
-28.43
-17.23
34.55
-28.77
-22.65
34.74
-28.50
-23.13
34.44
-28.21
-17.85
34.48
-29.08
-18.66
34.47
-29.28
-19.55
34.46
-29.37
-20.46
34.44
-29.36
-21.37
34.40
-29.23
-22.26
34.38
-28.92
-22.89
34.06
-28.70
-22.28
34.71
-16.12
-22.81
34.94
-16.04
-23.49
35.02
-15.98
-24.18
34.93
-16.06
-24.70
34.70
-16.14
-22.07
34.89
-16.75
-22.74
35.33
-16.82
-23.48
35.39
-16.68
-24.20
35.30
-16.86
-24.86
34.84
-16.80
-21.84
35.14
-17.53
-22.40
35.53
-17.55
-24.47
35.45
-17.70
-25.02
35.00
-17.65
-21.65
35.41
-18.37
-22.19
35.67
-18.15
-24.57
35.55
-18.58
-25.11
35.10
-18.56
-20.15
35.15
-20.09
-20.64
35.27
-19.57
-21.19
35.44
-19.09
-24.62
35.62
-19.53
-25.15
35.15
-19.52
-19.79
35.17
-20.77
-24.64
35.67
-20.52
-25.17
35.18
-20.50
-19.05
34.89
-21.95
-19.47
35.27
-21.61
-24.67
35.69
-21.50
-25.17
35.17
-21.49
-18.86
35.03
-22.59
-19.34
35.58
-22.51
-24.66
35.66
-22.47
-25.16
35.12
-22.46
-18.62
35.22
-23.42
-19.16
35.77
-23.36
-24.61
35.60
-23.42
-25.10
35.03
-23.39
-17.07
34.87
-25.01
-17.59
35.17
-24.79
-18.35
35.52
-24.38
-19.00
35.93
-24.07
-24.49
35.47
-24.33
-24.95
34.95
-24.24
-16.37
34.85
-26.03
-16.81
35.05
-25.62
-17.51
35.54
-25.51
-18.12
35.76
-25.15
-23.80
35.59
-25.75
-24.31
35.21
-25.29
-24.80
34.85
-24.87
-16.32
35.09
-26.62
-16.79
35.43
-26.29
-17.27
35.69
-26.11
-23.62
35.32
-26.48
-24.08
35.01
-26.04
-16.23
35.06
-27.29
-22.63
35.64
-27.66
-23.13
35.31
-27.35
-16.39
35.06
-27.81
-16.81
35.11
-28.19
-17.41
35.16
-28.51
-22.45
35.32
-28.23
-22.93
35.05
-27.97
-18.01
35.12
-28.83
-18.73
35.14
-29.00
-19.56
35.16
-29.08
-20.43
35.16
-29.07
-21.26
35.14
-28.97
-21.95
35.15
-28.72
-23.01
35.67
-17.23
-23.46
35.71
-17.21
-23.89
35.65
-17.25
-22.84
35.81
-17.76
-23.41
35.88
-17.82
-23.96
35.77
-17.82
-21.93
35.82
-18.84
-22.55
35.95
-18.57
-23.32
36.03
-18.62
-23.99
35.88
-18.62
-20.37
35.60
-20.31
-20.83
35.78
-20.05
-21.60
35.98
-19.63
-22.47
36.21
-19.54
-23.27
36.22
-19.57
-24.00
35.99
-19.55
-20.22
35.75
-20.84
-20.81
36.15
-20.76
-21.61
36.48
-20.68
-22.44
36.54
-20.47
-23.24
36.48
-20.65
-24.02
36.10
-20.55
-20.04
35.93
-21.62
-20.66
36.43
-21.58
-21.28
36.75
-21.50
-23.49
36.57
-21.60
-24.10
36.15
-21.53
-19.90
36.17
-22.51
-20.58
36.75
-22.50
-21.13
36.96
-22.14
-23.55
36.61
-22.52
-24.13
36.16
-22.49
-19.70
36.32
-23.43
-20.29
36.82
-23.40
-23.52
36.61
-23.45
-24.09
36.12
-23.43
-18.78
36.06
-24.81
-19.49
36.45
-24.46
-20.15
36.86
-24.10
-22.82
36.85
-24.80
-23.35
36.55
-24.43
-23.99
36.02
-24.32
-17.86
35.92
-25.87
-18.51
36.14
-25.57
-19.33
36.55
-25.50
-22.75
36.66
-25.52
-23.41
36.15
-25.43
-23.93
35.82
-25.03
-16.51
35.50
-26.93
-16.92
35.72
-26.79
-17.62
35.96
-26.53
-18.49
36.28
-26.48
-19.35
36.60
-26.40
-22.54
36.45
-26.37
-23.13
35.98
-26.34
-16.49
35.51
-27.34
-16.96
35.76
-27.37
-17.69
35.98
-27.37
-18.58
36.25
-27.34
-19.60
36.52
-27.28
-20.51
36.56
-27.51
-21.34
36.46
-27.51
-22.22
36.19
-27.28
-22.85
35.86
-27.02
-16.54
35.45
-27.71
-16.96
35.57
-27.88
-17.73
35.71
-28.13
-18.63
36.00
-28.10
-19.55
36.17
-28.11
-20.44
36.19
-28.17
-21.25
36.10
-28.16
-21.94
35.85
-28.10
-18.13
35.55
-28.59
-18.74
35.66
-28.64
-19.56
35.73
-28.69
-20.41
35.74
-28.70
-21.18
35.70
-28.65
-21.73
35.61
-28.55
-21.94
36.82
-21.14
-22.42
36.84
-21.11
-22.89
36.78
-21.15
-21.79
37.01
-21.70
-22.37
37.05
-21.79
-22.95
36.89
-21.76
-21.02
37.24
-22.92
-21.55
37.25
-22.48
-22.25
37.28
-22.67
-22.96
36.99
-22.58
-20.77
37.25
-23.58
-22.39
37.33
-23.49
-22.97
37.02
-23.40
-20.05
36.89
-24.81
-20.70
37.20
-24.43
-21.48
37.35
-24.59
-22.29
37.22
-24.40
-22.90
36.97
-24.08
-20.01
36.89
-25.52
-20.69
37.12
-25.42
-21.42
37.17
-25.43
-22.13
37.02
-25.42
-20.01
36.87
-26.28
-20.67
37.01
-26.24
-21.35
37.00
-26.23
-21.99
36.83
-26.24
-20.07
36.79
-26.86
-20.64
36.84
-26.91
-21.31
36.79
-26.91
-21.86
36.66
-26.85
-21.23
37.51
-23.17
-21.56
37.55
-23.05
-21.94
37.54
-23.06
-21.15
37.54
-23.57
-21.55
37.63
-23.54
-21.96
37.58
-23.52
-21.11
37.50
-24.01
-21.52
37.57
-24.03
-21.93
37.53
-23.99