0
1
4
5
4
1
0
54
1
55
1
54
0
4
54
59
54
4
1
2
6
1
6
5
1
55
56
1
56
2
2
3
6
7
6
3
2
56
3
57
3
56
3
57
60
3
60
7
4
5
9
10
9
5
4
9
59
62
59
9
5
6
11
5
11
10
6
7
11
12
11
7
7
8
13
7
13
12
7
60
61
7
61
8
8
61
13
63
13
61
9
10
15
9
15
14
9
14
64
9
64
62
10
11
15
16
15
11
11
12
17
11
17
16
12
13
17
18
17
13
13
63
65
13
65
18
14
15
19
20
19
15
14
19
64
66
64
19
15
16
21
15
21
20
16
17
21
22
21
17
17
18
23
17
23
22
18
65
23
70
23
65
19
20
67
19
67
66
20
21
67
68
67
21
21
22
69
21
69
68
22
23
69
70
69
23
24
25
28
29
28
25
24
78
25
79
25
78
24
28
78
83
78
28
25
26
30
25
30
29
25
79
80
25
80
26
26
27
30
31
30
27
26
80
27
81
27
80
27
81
85
27
85
31
28
29
33
34
33
29
28
33
83
87
83
33
29
30
35
29
35
34
30
31
35
36
35
31
31
32
37
31
37
36
31
85
86
31
86
32
32
86
37
89
37
86
33
34
39
33
39
38
33
38
90
33
90
87
34
35
39
40
39
35
35
36
41
35
41
40
36
37
41
42
41
37
37
89
92
37
92
42
38
39
44
45
44
39
38
44
90
94
90
44
39
40
46
39
46
45
40
41
46
47
46
41
41
42
48
41
48
47
42
43
48
49
48
43
42
92
43
93
43
92
43
93
98
43
98
49
44
45
94
95
94
45
45
46
96
45
96
95
46
47
96
97
96
47
47
48
54
47
54
53
47
53
102
47
102
97
48
49
54
55
54
49
49
50
56
49
56
55
49
98
99
49
99
50
50
51
56
57
56
51
50
99
51
100
51
99
51
52
58
51
58
57
51
100
101
51
101
52
52
101
58
104
58
101
53
54
103
53
103
102
54
59
103
107
103
59
57
58
61
57
61
60
58
104
61
108
61
104
59
62
111
59
111
107
61
108
112
61
112
63
62
64
111
115
111
64
63
112
116
63
116
65
64
66
115
118
115
66
65
116
120
65
120
70
66
67
118
119
118
67
67
68
72
67
72
71
67
71
123
67
123
119
68
69
72
73
72
69
69
70
74
69
74
73
70
120
74
125
74
120
71
72
124
71
124
123
72
73
75
76
75
73
72
75
124
129
124
75
73
74
77
73
77
76
74
125
77
131
77
125
75
76
130
75
130
129
76
77
130
131
130
77
78
133
79
134
79
133
78
83
133
138
133
83
79
134
135
79
135
80
80
135
81
136
81
135
81
82
86
81
86
85
81
136
137
81
137
82
82
137
86
140
86
137
83
87
88
83
88
84
83
84
139
83
139
138
84
88
139
141
139
88
86
140
89
142
89
140
87
90
91
87
91
88
88
91
141
143
141
91
89
142
144
89
144
92
90
94
91
95
91
94
91
95
146
91
146
143
92
144
93
145
93
144
93
145
150
93
150
98
95
96
147
95
147
146
96
97
147
148
147
97
97
102
156
97
156
148
98
150
99
151
99
150
99
151
152
99
152
100
100
152
101
153
101
152
101
153
157
101
157
104
102
103
106
107
106
103
102
106
156
160
156
106
104
105
108
109
108
105
104
157
105
158
105
157
105
158
162
105
162
109
106
107
110
111
110
107
106
110
160
163
160
110
108
109
112
113
112
109
109
162
166
109
166
113
110
111
114
115
114
111
110
114
163
167
163
114
112
113
116
117
116
113
113
166
170
113
170
117
114
115
167
168
167
115
115
118
171
115
171
168
116
117
120
121
120
117
117
170
173
117
173
121
118
119
122
123
122
119
118
122
171
174
171
122
120
121
125
126
125
121
121
173
176
121
176
126
122
123
127
128
127
123
122
127
174
177
174
127
123
124
129
123
129
128
125
126
132
125
132
131
126
176
132
182
132
176
127
128
178
127
178
177
128
129
178
179
178
129
129
130
180
129
180
179
130
131
180
181
180
131
131
132
182
131
182
181
133
138
139
133
139
134
134
183
135
184
135
183
134
139
183
187
183
139
135
184
185
135
185
136
136
185
137
186
137
185
137
186
188
137
188
140
139
141
189
139
189
187
140
188
142
190
142
188
141
143
191
141
191
189
142
190
144
192
144
190
143
146
193
143
193
191
144
149
145
150
145
149
144
192
149
194
149
192
146
147
154
155
154
147
146
154
193
200
193
154
147
148
156
147
156
155
149
194
195
149
195
150
150
195
151
196
151
195
151
196
197
151
197
152
152
197
153
198
153
197
153
198
202
153
202
157
154
155
200
201
200
155
155
156
160
155
160
159
155
159
205
155
205
201
157
161
162
157
162
158
157
202
207
157
207
161
159
160
206
159
206
205
160
163
206
211
206
163
161
165
166
161
166
162
161
207
213
161
213
165
163
167
168
163
168
164
163
164
212
163
212
211
164
168
212
214
212
168
165
169
170
165
170
166
165
213
215
165
215
169
168
171
214
216
214
171
169
172
173
169
173
170
169
215
217
169
217
172
171
174
218
171
218
216
172
175
173
176
173
175
172
217
175
219
175
217
174
177
218
220
218
177
175
181
182
175
182
176
175
219
224
175
224
181
177
178
221
177
221
220
178
179
221
222
221
179
179
180
223
179
223
222
180
181
223
224
223
181
183
225
226
183
226
184
183
187
229
183
229
225
184
226
185
227
185
226
185
227
228
185
228
186
186
228
188
230
188
228
187
189
231
187
231
229
188
230
190
232
190
230
189
191
233
189
233
231
190
232
192
234
192
232
191
193
239
191
239
233
192
234
194
240
194
234
193
200
246
193
246
239
194
240
195
241
195
240
195
241
242
195
242
196
196
242
197
243
197
242
197
243
244
197
244
198
198
199
202
203
202
199
198
244
199
245
199
244
199
245
247
199
247
203
200
201
204
205
204
201
200
204
246
248
246
204
202
203
207
208
207
203
203
247
251
203
251
208
204
205
209
210
209
205
204
209
248
252
248
209
205
206
211
205
211
210
207
208
251
207
251
250
207
250
256
207
256
213
209
210
253
209
253
252
210
211
253
254
253
211
211
212
255
211
255
254
212
214
255
259
255
214
213
256
260
213
260
215
214
216
259
262
259
216
215
260
263
215
263
217
216
218
262
265
262
218
217
263
266
217
266
219
218
220
265
268
265
220
219
266
272
219
272
224
220
221
268
269
268
221
221
222
270
221
270
269
222
223
270
271
270
223
223
224
272
223
272
271
225
274
275
225
275
226
225
229
278
225
278
274
226
275
227
276
227
275
227
276
277
227
277
228
228
277
230
279
230
277
229
231
280
229
280
278
230
279
232
281
232
279
231
233
282
231
282
280
232
281
234
283
234
281
233
239
288
233
288
282
234
235
240
241
240
235
234
283
235
284
235
283
235
236
242
235
242
241
235
284
285
235
285
236
236
237
242
243
242
237
236
285
237
286
237
285
237
238
244
237
244
243
237
286
287
237
287
238
238
287
244
289
244
287
239
246
291
239
291
288
244
289
245
290
245
289
245
290
292
245
292
247
246
248
291
293
291
248
247
292
295
247
295
251
248
252
249
253
249
252
248
249
293
294
293
249
249
253
296
249
296
294
250
251
256
257
256
251
251
295
299
251
299
257
253
254
297
253
297
296
254
255
258
259
258
255
254
258
297
300
297
258
256
257
260
261
260
257
257
299
302
257
302
261
258
259
300
301
300
259
259
262
303
259
303
301
260
261
263
264
263
261
261
302
304
261
304
264
262
265
303
305
303
265
263
264
267
263
267
266
264
304
267
306
267
304
265
268
307
265
307
305
266
267
272
273
272
267
267
306
312
267
312
273
268
269
307
308
307
269
269
270
309
269
309
308
270
271
309
310
309
271
271
272
311
271
311
310
272
273
311
312
311
273
274
317
275
318
275
317
274
278
317
321
317
278
275
318
319
275
319
276
276
319
277
320
277
319
277
320
322
277
322
279
278
280
321
323
321
280
279
322
324
279
324
281
280
282
323
325
323
282
281
324
326
281
326
283
282
288
325
331
325
288
283
326
327
283
327
284
284
327
285
328
285
327
285
328
329
285
329
286
286
329
287
330
287
329
287
330
332
287
332
289
288
291
331
334
331
291
289
332
333
289
333
290
290
333
292
336
292
333
291
293
338
291
338
334
292
336
295
340
295
336
293
294
339
293
339
338
294
296
339
342
339
296
295
340
345
295
345
299
296
297
342
343
342
297
297
300
301
297
301
298
297
298
344
297
344
343
298
301
344
347
344
301
299
345
348
299
348
302
301
303
350
301
350
347
302
348
304
351
304
348
303
305
353
303
353
350
304
351
306
354
306
351
305
307
356
305
356
353
306
354
312
361
312
354
307
308
357
307
357
356
308
309
357
358
357
309
309
310
314
309
314
313
309
313
363
309
363
358
310
311
314
315
314
311
311
312
316
311
316
315
312
361
316
366
316
361
313
314
364
313
364
363
314
315
364
365
364
315
315
316
366
315
366
365
317
369
370
317
370
318
317
321
374
317
374
369
318
370
319
371
319
370
319
371
372
319
372
320
320
372
322
375
322
372
321
323
377
321
377
374
322
375
324
378
324
375
323
325
380
323
380
377
324
378
326
381
326
378
325
331
386
325
386
380
326
381
327
382
327
381
327
382
383
327
383
328
328
383
329
384
329
383
329
384
385
329
385
330
330
385
332
387
332
385
331
334
388
331
388
386
332
335
333
336
333
335
332
387
335
389
335
387
334
338
388
392
388
338
335
389
390
335
390
336
336
337
340
341
340
337
336
390
337
391
337
390
337
391
394
337
394
341
338
339
392
393
392
339
339
342
395
339
395
393
340
341
345
346
345
341
341
394
398
341
398
346
342
343
395
396
395
343
343
344
397
343
397
396
344
347
397
400
397
347
345
346
349
345
349
348
346
398
349
401
349
398
347
350
402
347
402
400
348
349
351
352
351
349
349
401
404
349
404
352
350
353
402
405
402
353
351
352
355
351
355
354
352
404
355
411
355
404
353
356
412
353
412
405
354
355
361
362
361
355
355
411
418
355
418
362
356
357
412
413
412
357
357
358
414
357
414
413
358
363
359
364
359
363
358
359
414
415
414
359
359
364
365
359
365
360
359
360
416
359
416
415
360
365
361
366
361
365
360
361
416
417
416
361
361
362
418
361
418
417
367
368
370
367
370
369
367
419
420
367
420
368
367
369
421
367
421
419
368
420
370
422
370
420
369
374
426
369
426
421
370
422
371
423
371
422
371
423
424
371
424
372
372
373
375
376
375
373
372
424
373
425
373
424
373
425
427
373
427
376
374
377
426
428
426
377
375
376
379
375
379
378
376
427
379
429
379
427
377
380
430
377
430
428
378
379
381
382
381
379
379
429
432
379
432
382
380
386
430
436
430
386
382
432
383
433
383
432
383
433
434
383
434
384
384
434
385
435
385
434
385
435
438
385
438
387
386
388
436
440
436
388
387
438
442
387
442
389
388
392
440
445
440
392
389
442
443
389
443
390
390
443
391
444
391
443
391
444
447
391
447
394
392
393
445
446
445
393
393
395
448
393
448
446
394
447
398
451
398
447
395
396
449
395
449
448
396
397
399
400
399
397
396
399
449
452
449
399
398
451
401
454
401
451
399
400
453
399
453
452
400
402
453
455
453
402
401
454
461
401
461
404
402
405
455
462
455
405
403
410
411
403
411
404
403
404
461
403
461
460
403
460
467
403
467
410
405
412
413
405
413
406
405
406
463
405
463
462
406
413
407
414
407
413
406
407
463
464
463
407
407
414
415
407
415
408
407
408
465
407
465
464
408
415
409
416
409
415
408
409
465
466
465
409
409
416
417
409
417
410
409
410
467
409
467
466
410
417
411
418
411
417
419
468
469
419
469
420
419
421
470
419
470
468
420
469
422
471
422
469
421
426
476
421
476
470
422
471
423
472
423
471
423
472
473
423
473
424
424
473
425
474
425
473
425
474
477
425
477
427
426
428
476
479
476
428
427
477
481
427
481
429
428
430
479
483
479
430
429
481
485
429
485
432
430
436
431
437
431
436
430
431
483
484
483
431
431
437
490
431
490
484
432
485
433
486
433
485
433
486
487
433
487
434
434
487
435
488
435
487
435
488
492
435
492
438
436
440
437
441
437
440
437
441
494
437
494
490
438
439
442
443
442
439
438
492
439
493
439
492
439
493
496
439
496
443
440
445
441
446
441
445
441
446
499
441
499
494
443
496
497
443
497
444
444
497
447
501
447
497
446
448
499
503
499
448
447
501
511
447
511
451
448
449
503
504
503
449
449
452
453
449
453
450
449
450
505
449
505
504
450
453
505
513
505
453
451
511
519
451
519
454
453
455
520
453
520
513
454
519
461
526
461
519
455
462
463
455
463
456
455
456
521
455
521
520
456
463
457
464
457
463
456
457
521
522
521
457
457
464
465
457
465
458
457
458
523
457
523
522
458
465
459
466
459
465
458
459
523
524
523
459
459
466
467
459
467
460
459
460
525
459
525
524
460
461
525
526
525
461
468
527
469
528
469
527
468
470
527
532
527
470
469
528
533
469
533
471
470
476
532
539
532
476
471
533
534
471
534
472
472
534
473
535
473
534
473
535
536
473
536
474
474
475
477
478
477
475
474
536
475
537
475
536
475
537
540
475
540
478
476
479
539
543
539
479
477
478
482
477
482
481
478
540
482
545
482
540
479
483
484
479
484
480
479
480
544
479
544
543
480
484
544
548
544
484
481
482
486
481
486
485
482
545
486
549
486
545
484
490
548
555
548
490
486
549
487
550
487
549
487
550
551
487
551
488
488
489
492
493
492
489
488
551
489
552
489
551
489
552
558
489
558
493
490
494
491
495
491
494
490
491
555
556
555
491
491
495
561
491
561
556
493
558
563
493
563
496
494
499
495
500
495
499
495
500
566
495
566
561
496
563
497
564
497
563
497
498
502
497
502
501
497
564
565
497
565
498
498
565
502
568
502
565
499
503
504
499
504
500
500
504
566
569
566
504
501
502
512
501
512
511
502
568
512
577
512
568
504
505
569
570
569
505
505
513
514
505
514
506
505
506
571
505
571
570
506
514
507
515
507
514
506
507
571
572
571
507
507
515
516
507
516
508
507
508
573
507
573
572
508
516
509
517
509
516
508
509
573
574
573
509
509
517
518
509
518
510
509
510
575
509
575
574
510
518
511
519
511
518
510
511
575
576
575
511
511
512
577
511
577
576
513
520
521
513
521
514
514
521
515
522
515
521
515
522
523
515
523
516
516
523
517
524
517
523
517
524
525
517
525
518
518
525
519
526
519
525
527
582
583
527
583
528
527
532
588
527
588
582
528
583
533
589
533
583
529
530
536
529
536
535
529
584
585
529
585
530
529
535
591
529
591
584
530
531
536
537
536
531
530
585
531
586
531
585
531
586
592
531
592
537
532
539
588
594
588
539
533
589
590
533
590
534
534
590
535
591
535
590
537
538
541
537
541
540
537
592
593
537
593
538
538
593
541
596
541
593
539
543
598
539
598
594
540
541
545
546
545
541
541
542
547
541
547
546
541
596
597
541
597
542
542
597
547
600
547
597
543
544
599
543
599
598
544
548
599
601
599
548
545
546
550
545
550
549
546
547
550
551
550
547
547
600
603
547
603
551
548
555
601
608
601
555
551
603
604
551
604
552
552
553
558
559
558
553
552
604
553
605
553
604
553
554
560
553
560
559
553
605
606
553
606
554
554
606
560
611
560
606
555
556
609
555
609
608
556
561
557
562
557
561
556
557
609
610
609
557
557
562
613
557
613
610
558
559
563
564
563
559
559
560
565
559
565
564
560
611
565
614
565
611
561
566
567
561
567
562
562
567
613
616
613
567
565
614
617
565
617
568
566
569
567
570
567
569
567
570
619
567
619
616
568
617
577
626
577
617
570
571
619
620
619
571
571
572
621
571
621
620
572
573
621
622
621
573
573
574
623
573
623
622
574
575
623
624
623
575
575
576
625
575
625
624
576
577
625
626
625
577
578
579
580
581
580
579
578
633
579
634
579
633
578
580
633
638
633
580
579
634
639
579
639
581
580
581
582
583
582
581
580
582
638
642
638
582
581
639
643
581
643
583
582
588
642
650
642
588
583
643
651
583
651
589
584
645
585
646
585
645
584
591
645
653
645
591
585
646
647
585
647
586
586
587
592
593
592
587
586
647
587
648
587
647
587
648
654
587
654
593
588
594
650
656
650
594
589
651
652
589
652
590
590
652
591
653
591
652
593
654
659
593
659
596
594
598
595
599
595
598
594
595
656
657
656
595
595
599
661
595
661
657
596
659
597
660
597
659
597
660
663
597
663
600
599
601
664
599
664
661
600
663
603
667
603
663
601
608
609
601
609
602
601
602
665
601
665
664
602
609
665
672
665
609
603
667
668
603
668
604
604
668
605
669
605
668
605
669
670
605
670
606
606
607
611
612
611
607
606
670
607
671
607
670
607
671
675
607
675
612
609
610
673
609
673
672
610
613
673
676
673
613
611
612
615
611
615
614
612
675
615
678
615
675
613
616
679
613
679
676
614
615
617
618
617
615
615
678
687
615
687
618
616
619
679
688
679
619
617
618
687
617
687
686
617
686
695
617
695
626
619
620
689
619
689
688
620
621
689
690
689
621
621
622
691
621
691
690
622
623
691
692
691
623
623
624
693
623
693
692
624
625
693
694
693
625
625
626
695
625
695
694
627
628
630
627
630
629
627
696
697
627
697
628
627
629
698
627
698
696
628
697
630
699
630
697
629
630
635
629
635
634
629
634
703
629
703
698
630
631
635
636
635
631
630
699
631
700
631
699
631
700
705
631
705
636
632
633
637
638
637
633
632
701
633
702
633
701
632
637
701
706
701
637
633
702
703
633
703
634
634
635
639
640
639
635
635
636
641
635
641
640
636
705
641
709
641
705
637
638
707
637
707
706
638
642
707
710
707
642
639
640
644
639
644
643
640
641
644
645
644
641
641
709
713
641
713
645
642
650
710
718
710
650
643
644
652
643
652
651
644
645
652
653
652
645
645
713
714
645
714
646
646
714
647
715
647
714
647
715
716
647
716
648
648
649
654
655
654
649
648
716
649
717
649
716
649
717
722
649
722
655
650
656
718
723
718
656
654
655
659
660
659
655
655
722
727
655
727
660
656
657
723
724
723
657
657
661
662
657
662
658
657
658
725
657
725
724
658
662
725
728
725
662
660
727
663
730
663
727
661
664
665
661
665
662
662
665
728
731
728
665
663
730
734
663
734
667
665
672
673
665
673
666
665
666
732
665
732
731
666
673
732
739
732
673
667
734
735
667
735
668
668
735
669
736
669
735
669
736
737
669
737
670
670
737
671
738
671
737
671
738
747
671
747
675
673
676
677
673
677
674
673
674
740
673
740
739
674
677
740
748
740
677
675
747
755
675
755
678
676
679
677
680
677
679
677
680
756
677
756
748
678
755
687
763
687
755
679
688
689
679
689
680
680
689
681
690
681
689
680
681
756
757
756
681
681
690
691
681
691
682
681
682
758
681
758
757
682
691
683
692
683
691
682
683
758
759
758
683
683
692
693
683
693
684
683
684
760
683
760
759
684
693
685
694
685
693
684
685
760
761
760
685
685
694
695
685
695
686
685
686
762
685
762
761
686
687
762
763
762
687
696
698
697
699
697
698
698
703
699
704
699
703
699
764
765
699
765
700
699
704
767
699
767
764
700
765
705
768
705
765
701
706
707
701
707
702
702
707
703
708
703
707
703
766
767
703
767
704
703
708
769
703
769
766
705
768
771
705
771
709
707
710
711
707
711
708
708
711
769
773
769
711
709
771
775
709
775
713
710
718
711
719
711
718
711
719
720
711
720
712
711
712
774
711
774
773
712
720
774
780
774
720
713
775
776
713
776
714
714
776
715
777
715
776
715
777
778
715
778
716
716
778
717
779
717
778
717
779
785
717
785
722
718
723
719
724
719
723
719
724
725
719
725
720
720
725
721
726
721
725
720
721
780
781
780
721
721
726
786
721
786
781
722
785
727
790
727
785
725
728
729
725
729
726
726
729
786
791
786
729
727
790
795
727
795
730
728
731
729
732
729
731
729
732
796
729
796
791
730
795
734
800
734
795
732
739
733
740
733
739
732
733
796
797
796
733
733
740
801
733
801
797
734
743
735
744
735
743
734
800
743
804
743
800
735
744
745
735
745
736
736
745
737
746
737
745
737
746
747
737
747
738
740
748
741
749
741
748
740
741
801
802
801
741
741
749
750
741
750
742
741
742
803
741
803
802
742
750
743
751
743
750
742
743
803
804
803
743
743
751
752
743
752
744
744
752
745
753
745
752
745
753
754
745
754
746
746
754
747
755
747
754
748
756
749
757
749
756
749
757
758
749
758
750
750
758
751
759
751
758
751
759
760
751
760
752
752
760
753
761
753
760
753
761
762
753
762
754
754
762
755
763
755
762
764
767
765
768
765
767
766
769
767
770
767
769
767
770
771
767
771
768
769
773
774
769
774
770
770
805
771
806
771
805
770
774
805
808
805
774
771
772
776
771
776
775
771
806
807
771
807
772
772
807
776
810
776
807
774
780
808
811
808
780
776
782
777
783
777
782
776
810
782
813
782
810
777
783
784
777
784
778
778
784
779
785
779
784
780
781
811
812
811
781
781
786
814
781
814
812
782
787
783
788
783
787
782
813
787
815
787
813
783
788
789
783
789
784
784
789
785
790
785
789
786
791
787
792
787
791
786
787
814
815
814
787
787
792
793
787
793
788
788
793
789
794
789
793
789
794
795
789
795
790
791
796
797
791
797
792
792
797
793
798
793
797
793
798
799
793
799
794
794
799
795
800
795
799
797
801
802
797
802
798
798
802
799
803
799
802
799
803
804
799
804
800
805
808
809
805
809
806
806
809
807
810
807
809
808
811
809
812
809
811
809
812
813
809
813
810
812
814
813
815
813
814