-22.92
-10.87
2.17
-22.94
-10.88
2.17
-22.84
-10.79
1.84
-22.89
-10.80
1.84
-22.68
-10.65
1.20
-22.80
-10.67
1.20
-22.51
-10.66
0.42
-22.73
-10.63
0.42
-22.03
-10.62
-0.78
-22.34
-10.70
-0.44
-22.64
-10.64
-0.40
-22.01
-10.64
-1.32
-22.31
-10.73
-1.22
-22.56
-10.66
-1.13
-22.03
-10.63
-1.83
-22.25
-10.69
-1.79
-22.48
-10.68
-1.57
-22.05
-10.70
-2.14
-22.15
-10.73
-2.13
-22.90
-10.84
2.16
-22.93
-10.85
2.16
-22.79
-10.70
1.82
-22.86
-10.73
1.82
-21.94
-9.93
0.83
-22.45
-10.31
1.10
-22.73
-10.44
1.11
-21.36
-9.74
0.03
-21.73
-10.04
0.28
-22.20
-10.44
0.43
-22.76
-10.36
0.38
-21.34
-9.84
-0.52
-21.75
-10.33
-0.50
-22.10
-10.55
-0.17
-22.71
-10.36
-0.40
-21.37
-9.89
-1.11
-21.71
-10.34
-1.22
-22.40
-10.21
-1.42
-22.59
-10.39
-1.13
-21.46
-9.92
-1.50
-21.83
-10.29
-1.74
-22.21
-10.42
-1.78
-22.48
-10.54
-1.57
-21.99
-10.59
-2.11
-22.12
-10.62
-2.12
-21.24
-8.96
0.91
-21.67
-9.33
0.99
-22.21
-9.49
0.97
-22.57
-9.96
0.83
-21.15
-9.21
0.32
-21.49
-9.57
0.55
-22.33
-9.32
0.36
-22.62
-9.90
0.31
-21.06
-9.23
-0.39
-21.97
-9.00
-0.68
-22.28
-9.35
-0.41
-22.60
-9.93
-0.37
-21.16
-9.34
-1.01
-21.84
-9.26
-1.12
-22.25
-9.77
-1.14
-22.54
-10.04
-0.92
-21.34
-9.50
-1.40
-21.68
-9.63
-1.51
-22.06
-9.95
-1.56
-21.63
-7.43
4.33
-21.75
-7.45
4.31
-21.57
-7.57
4.00
-21.77
-7.55
3.96
-21.13
-7.63
3.04
-21.44
-7.73
3.33
-21.76
-7.68
3.31
-21.05
-7.83
2.35
-21.46
-8.05
2.45
-21.79
-7.93
2.45
-20.98
-8.24
1.37
-21.51
-8.54
1.58
-21.92
-8.43
1.44
-20.80
-8.39
0.50
-21.85
-8.11
0.22
-22.04
-8.49
0.56
-20.82
-8.45
-0.25
-21.76
-8.41
-0.36
-22.05
-8.75
-0.10
-21.06
-8.66
-0.87
-21.44
-8.64
-0.92
-21.23
-9.09
-1.29
-21.42
-9.11
-1.32
-21.20
-6.77
4.47
-21.48
-7.06
4.45
-21.73
-7.19
4.37
-21.06
-6.92
4.08
-21.34
-7.31
4.10
-21.84
-7.26
3.98
-20.91
-7.17
3.36
-21.23
-7.46
3.64
-21.89
-7.33
3.33
-20.65
-7.25
2.46
-21.90
-7.45
2.51
-20.00
-6.88
1.11
-20.39
-7.33
1.48
-21.78
-7.17
1.22
-21.90
-7.58
1.60
-20.01
-6.95
0.60
-20.39
-7.55
0.60
-21.69
-7.45
0.54
-21.91
-7.84
0.89
-20.09
-6.89
0.16
-20.50
-7.47
-0.09
-21.42
-7.59
-0.16
-20.86
-7.77
-0.57
-21.17
-7.79
-0.59
-21.08
-6.19
4.67
-21.43
-6.33
4.63
-21.69
-6.81
4.42
-20.80
-6.26
4.18
-21.63
-6.17
4.14
-21.79
-6.79
4.03
-20.54
-6.38
3.43
-21.72
-6.14
3.39
-21.86
-6.80
3.37
-20.29
-6.53
2.61
-21.73
-6.22
2.52
-21.87
-6.87
2.59
-19.31
-5.81
1.09
-19.68
-6.29
1.29
-20.03
-6.57
1.87
-21.65
-6.48
1.57
-21.85
-6.98
1.92
-19.29
-5.81
0.64
-19.67
-6.34
0.63
-21.38
-6.55
0.65
-19.40
-5.76
0.26
-19.85
-6.20
0.10
-20.49
-6.62
-0.19
-21.03
-6.77
-0.06
-20.77
-7.19
-0.47
-20.99
-7.23
-0.44
-20.98
-4.61
7.23
-21.01
-4.61
7.23
-20.96
-4.67
6.89
-21.03
-4.67
6.88
-20.93
-4.83
6.19
-21.08
-4.83
6.18
-20.88
-5.26
5.20
-21.21
-5.26
5.18
-20.54
-5.41
4.39
-21.45
-5.32
4.32
-19.80
-5.04
3.09
-20.17
-5.47
3.49
-21.56
-5.34
3.45
-19.15
-4.93
1.97
-19.54
-5.19
2.44
-19.96
-5.82
2.66
-21.54
-5.38
2.53
-19.07
-5.21
1.37
-19.51
-5.71
1.80
-19.83
-6.05
2.10
-21.41
-5.47
1.60
-18.96
-5.19
0.69
-20.69
-5.13
0.24
-21.08
-5.51
0.67
-19.17
-5.16
0.17
-19.74
-5.30
-0.15
-20.32
-5.44
-0.14
-20.83
-5.90
0.11
-19.87
-5.10
-0.40
-20.07
-5.13
-0.39
-20.97
-4.50
7.25
-21.01
-4.50
7.25
-20.91
-4.50
6.90
-21.05
-4.50
6.90
-20.82
-4.49
6.23
-21.08
-4.49
6.21
-20.63
-4.49
5.37
-21.16
-4.49
5.31
-20.34
-4.60
4.57
-21.33
-4.48
4.40
-19.66
-4.43
3.33
-20.03
-4.64
3.86
-21.41
-4.47
3.48
-18.90
-4.32
2.10
-19.30
-4.42
2.70
-21.39
-4.49
2.56
-18.04
-3.83
1.06
-18.52
-4.29
1.38
-21.25
-4.54
1.68
-17.57
-3.49
0.34
-17.88
-3.78
0.57
-18.48
-4.42
0.65
-20.60
-4.44
0.34
-20.98
-4.54
0.91
-17.62
-3.46
0.13
-17.98
-3.70
0.12
-18.72
-4.26
0.07
-19.54
-4.50
-0.22
-20.10
-4.56
-0.13
-19.80
-4.82
-0.41
-20.00
-4.84
-0.39
-20.97
-4.38
7.23
-21.00
-4.39
7.23
-20.92
-4.32
6.89
-21.00
-4.32
6.89
-20.81
-4.13
6.22
-20.98
-4.15
6.21
-20.03
-3.00
4.98
-20.49
-3.59
5.31
-20.94
-3.70
5.27
-19.76
-3.23
4.43
-20.13
-3.86
4.60
-21.17
-3.62
4.38
-19.50
-3.65
3.68
-19.90
-4.05
4.05
-21.26
-3.59
3.49
-18.66
-3.60
2.35
-19.09
-3.69
2.95
-21.23
-3.59
2.58
-17.85
-3.30
1.28
-18.26
-3.55
1.74
-21.12
-3.67
1.75
-17.43
-3.07
0.40
-17.60
-3.25
0.78
-20.52
-3.55
0.53
-20.89
-3.69
1.06
-17.52
-3.01
0.03
-17.92
-3.11
-0.15
-18.61
-3.34
-0.19
-19.36
-3.48
-0.18
-20.00
-3.53
0.06
-19.93
-1.71
5.50
-20.16
-1.76
5.53
-19.82
-2.17
5.11
-20.37
-2.34
5.24
-20.80
-2.71
4.93
-18.89
-1.98
4.07
-19.34
-2.39
4.41
-21.03
-2.76
4.29
-18.18
-1.88
2.98
-18.58
-2.19
3.41
-19.08
-2.84
3.65
-21.11
-2.74
3.48
-17.98
-2.13
2.40
-18.43
-2.80
2.64
-18.87
-3.11
3.07
-20.89
-2.10
2.21
-21.06
-2.66
2.57
-17.34
-2.12
1.04
-17.66
-2.46
1.54
-18.10
-2.95
1.97
-20.76
-2.24
1.58
-20.97
-2.89
1.74
-17.29
-2.34
0.54
-17.46
-2.72
0.94
-20.49
-2.57
0.83
-20.82
-3.04
1.18
-17.36
-2.22
-0.10
-17.78
-2.25
-0.36
-18.53
-2.42
-0.31
-19.26
-2.50
-0.15
-19.92
-2.54
0.20
-17.29
-1.88
-0.41
-17.45
-1.89
-0.51
-19.80
-1.11
5.72
-20.16
-1.15
5.68
-19.00
-1.01
4.90
-19.40
-1.29
5.24
-20.50
-1.45
5.11
-20.76
-2.05
4.81
-18.76
-1.32
4.35
-19.16
-1.69
4.69
-20.71
-1.28
4.34
-20.89
-2.01
4.26
-18.04
-1.28
3.12
-18.39
-1.41
3.68
-20.78
-1.27
3.48
-20.96
-2.00
3.53
-17.72
-1.35
2.41
-20.77
-1.45
2.54
-20.95
-2.02
2.88
-17.22
-1.50
1.07
-17.43
-1.49
1.65
-20.58
-1.41
1.63
-17.15
-1.49
0.53
-20.27
-1.52
0.87
-17.20
-1.49
-0.05
-17.84
-1.51
-0.44
-18.51
-1.53
-0.32
-19.21
-1.57
-0.11
-19.81
-1.58
0.27
-17.24
-1.50
-0.42
-17.44
-1.50
-0.54
-19.91
0.63
7.56
-20.02
0.63
7.55
-19.83
0.38
7.08
-20.06
0.39
7.05
-19.69
-0.15
6.26
-20.14
-0.16
6.17
-18.84
-0.34
5.03
-19.25
-0.35
5.62
-20.42
-0.37
5.31
-18.12
-0.23
3.88
-18.43
-0.45
4.31
-20.58
-0.38
4.42
-17.92
-0.46
3.36
-18.23
-0.78
3.80
-20.63
-0.39
3.49
-17.54
-0.48
2.47
-20.58
-0.45
2.55
-17.15
-0.91
1.10
-17.25
-0.61
1.60
-20.40
-0.48
1.66
-17.12
-0.62
0.69
-17.12
-0.37
1.14
-20.09
-0.56
0.88
-17.29
-0.75
-0.01
-17.74
-0.75
-0.29
-18.47
-0.66
-0.21
-19.16
-0.70
-0.01
-19.71
-0.71
0.34
-17.26
-1.11
-0.38
-17.43
-1.11
-0.48
-19.94
1.34
8.19
-20.02
1.35
8.19
-19.86
1.08
7.81
-20.06
1.08
7.80
-19.65
0.89
7.23
-20.18
0.90
7.16
-19.40
0.65
6.50
-20.29
0.69
6.32
-18.69
0.52
5.19
-19.08
0.47
5.84
-20.43
0.59
5.41
-18.03
0.25
3.94
-18.24
0.49
4.41
-20.51
0.56
4.47
-17.76
0.49
3.49
-17.96
0.73
3.99
-20.52
0.55
3.51
-17.07
0.97
2.06
-17.33
0.52
2.50
-20.45
0.53
2.57
-17.03
0.78
1.51
-17.15
0.20
1.69
-20.24
0.50
1.68
-17.11
0.37
0.85
-17.09
0.08
1.20
-18.76
0.87
0.20
-19.27
0.76
0.41
-19.83
0.44
0.85
-17.36
0.18
0.25
-17.81
0.18
-0.02
-18.49
0.30
0.01
-19.16
0.09
0.15
-19.61
-0.05
0.39
-19.90
1.74
8.25
-20.04
1.74
8.24
-19.74
1.66
7.90
-20.14
1.67
7.87
-19.50
1.59
7.31
-20.25
1.61
7.22
-18.86
1.84
6.07
-19.17
1.51
6.54
-20.34
1.55
6.39
-18.60
1.49
5.45
-18.95
1.15
5.96
-20.42
1.52
5.46
-17.75
1.84
4.19
-18.10
1.44
4.59
-20.47
1.52
4.49
-17.57
1.43
3.63
-17.88
1.20
4.07
-20.47
1.52
3.53
-16.93
1.63
2.21
-17.20
1.41
2.82
-20.38
1.51
2.60
-16.89
1.55
1.50
-20.17
1.51
1.76
-17.15
1.39
0.76
-17.72
1.59
0.40
-18.47
1.51
0.32
-19.20
1.59
0.58
-19.78
1.51
1.05
-17.38
0.85
0.35
-17.76
0.91
0.17
-18.23
0.93
0.12
-19.88
2.26
8.25
-20.02
2.26
8.24
-19.70
2.31
7.91
-20.12
2.31
7.87
-19.43
2.35
7.35
-20.22
2.36
7.23
-18.82
2.50
6.18
-19.14
2.34
6.75
-20.30
2.40
6.40
-17.96
2.93
4.96
-18.37
2.52
5.42
-20.37
2.46
5.47
-17.16
3.07
3.90
-17.60
2.65
4.33
-18.02
2.20
4.79
-20.43
2.49
4.50
-16.90
2.88
3.34
-17.26
2.25
3.57
-20.43
2.50
3.54
-16.21
3.10
2.06
-16.64
2.60
2.48
-17.02
2.08
2.96
-20.35
2.50
2.63
-16.14
3.07
1.53
-16.59
2.43
1.58
-20.14
2.51
1.81
-16.16
3.12
1.03
-16.79
2.56
0.84
-17.58
2.51
0.47
-18.39
2.54
0.43
-19.16
2.55
0.68
-19.75
2.52
1.15
-19.88
2.65
8.19
-19.98
2.64
8.19
-19.75
2.90
7.81
-19.99
2.89
7.80
-19.19
3.39
6.84
-19.41
3.07
7.22
-20.09
3.03
7.18
-18.93
3.26
6.40
-19.15
2.93
6.82
-20.16
3.19
6.39
-17.96
3.64
5.10
-18.47
3.47
5.68
-20.23
3.39
5.46
-17.01
3.73
3.98
-17.48
3.63
4.52
-20.35
3.47
4.49
-16.62
3.67
3.37
-20.39
3.49
3.54
-15.94
3.72
2.16
-16.30
3.54
2.72
-20.33
3.50
2.64
-15.73
3.71
1.51
-20.13
3.50
1.84
-14.37
4.64
0.30
-14.83
4.38
0.49
-15.65
3.83
0.77
-16.57
3.44
0.48
-17.44
3.39
0.32
-18.31
3.63
0.35
-19.15
3.55
0.69
-19.74
3.52
1.18
-14.40
4.69
0.11
-14.86
4.53
0.13
-15.62
4.29
0.18
-16.47
4.12
0.11
-17.27
4.08
0.09
-17.87
4.13
0.13
-19.74
3.34
7.55
-19.89
3.32
7.55
-19.27
3.67
6.79
-19.56
3.58
7.06
-19.88
3.50
7.09
-19.08
3.88
6.36
-19.48
4.02
6.43
-19.88
3.82
6.37
-17.98
4.54
5.18
-18.70
4.42
5.74
-19.36
4.62
5.81
-19.93
4.38
5.46
-16.87
4.59
4.05
-17.40
4.56
4.63
-20.23
4.46
4.45
-15.91
4.94
2.96
-16.34
4.58
3.38
-20.34
4.49
3.52
-15.10
5.07
1.96
-15.61
4.64
2.35
-16.06
4.23
2.83
-20.31
4.50
2.63
-14.84
4.94
1.46
-15.31
4.36
1.59
-20.13
4.50
1.84
-13.72
5.39
0.20
-14.08
5.08
0.39
-14.59
4.76
0.87
-15.15
4.27
1.06
-18.58
4.60
0.32
-19.24
4.53
0.69
-19.77
4.50
1.19
-13.75
5.41
0.02
-14.15
5.14
-0.01
-14.78
5.01
-0.14
-15.57
4.89
-0.17
-16.43
4.82
-0.16
-17.24
4.79
-0.09
-17.95
4.76
0.06
-17.94
5.53
5.22
-18.61
5.54
5.60
-19.28
5.59
5.57
-19.82
5.49
5.11
-16.80
5.53
4.17
-17.34
5.52
4.72
-20.15
5.48
4.34
-15.84
5.65
3.10
-16.30
5.55
3.61
-20.30
5.49
3.48
-14.93
5.72
2.03
-15.40
5.62
2.55
-20.29
5.49
2.62
-14.06
6.00
1.09
-14.46
5.69
1.44
-20.12
5.49
1.84
-13.61
5.87
0.24
-13.88
5.74
0.67
-14.27
5.36
0.99
-18.68
5.54
0.30
-19.29
5.50
0.69
-19.78
5.48
1.20
-13.66
5.89
-0.08
-14.05
5.81
-0.28
-14.72
5.72
-0.41
-15.55
5.65
-0.42
-16.42
5.63
-0.36
-17.25
5.62
-0.22
-18.01
5.60
-0.00
-18.90
7.63
7.30
-19.00
7.63
7.29
-18.83
7.52
7.01
-19.04
7.53
7.00
-18.71
7.26
6.47
-19.10
7.29
6.43
-17.85
6.53
5.36
-18.53
6.65
5.83
-19.28
6.70
5.72
-19.80
6.50
5.04
-16.73
6.48
4.29
-17.26
6.48
4.82
-20.11
6.46
4.29
-15.76
6.53
3.23
-16.24
6.48
3.75
-20.25
6.48
3.46
-14.82
6.57
2.14
-15.29
6.54
2.68
-20.25
6.48
2.62
-13.96
6.63
1.14
-14.36
6.58
1.60
-20.08
6.46
1.85
-13.49
6.64
0.21
-13.68
6.60
0.68
-18.72
6.49
0.31
-19.31
6.45
0.72
-19.77
6.43
1.21
-13.55
6.65
-0.21
-13.94
6.66
-0.54
-14.67
6.60
-0.68
-15.54
6.48
-0.64
-16.41
6.53
-0.53
-17.27
6.53
-0.32
-18.04
6.52
-0.04
-14.02
7.12
-0.78
-14.39
7.09
-0.85
-18.85
7.92
7.33
-19.01
7.92
7.32
-18.65
7.89
7.03
-19.15
7.91
6.98
-17.94
7.94
6.09
-18.34
7.75
6.47
-19.32
7.80
6.38
-17.69
7.53
5.57
-18.19
7.28
5.97
-19.56
7.57
5.65
-19.86
7.36
4.99
-16.64
7.44
4.40
-17.14
7.39
4.94
-20.08
7.37
4.29
-15.70
7.46
3.35
-16.17
7.37
3.87
-20.19
7.47
3.48
-14.73
7.48
2.22
-15.21
7.47
2.79
-20.17
7.47
2.62
-13.90
7.41
1.18
-14.27
7.46
1.65
-20.00
7.43
1.84
-13.41
7.53
0.17
-13.61
7.49
0.72
-18.74
7.47
0.36
-19.31
7.35
0.78
-19.73
7.30
1.25
-13.44
7.54
-0.38
-13.68
7.27
-0.62
-14.92
7.14
-0.86
-15.55
7.24
-0.84
-16.39
7.54
-0.74
-17.29
7.51
-0.42
-18.06
7.50
-0.05
-13.53
7.82
-0.70
-13.88
7.66
-0.86
-14.60
7.63
-1.01
-15.37
7.85
-1.06
-15.96
8.00
-1.00
-18.80
8.41
7.34
-18.99
8.41
7.30
-18.55
8.51
7.07
-19.15
8.53
6.94
-17.82
8.61
6.17
-18.22
8.48
6.65
-19.39
8.56
6.29
-16.88
8.89
5.06
-17.33
8.54
5.51
-19.67
8.49
5.42
-19.87
8.01
4.94
-16.01
8.87
4.04
-16.50
8.50
4.51
-16.99
8.14
4.98
-19.87
8.83
4.64
-20.00
8.19
4.36
-15.66
8.47
3.53
-16.11
8.12
3.97
-19.98
9.01
4.06
-20.08
8.54
3.56
-14.63
8.45
2.27
-15.13
8.39
2.88
-20.07
8.50
2.62
-13.87
8.08
1.20
-14.13
8.37
1.60
-19.13
8.99
0.86
-19.47
8.81
1.21
-19.84
8.45
1.75
-13.37
8.49
0.17
-13.63
8.44
0.84
-13.85
8.65
1.23
-18.80
8.54
0.49
-19.34
8.17
0.92
-19.68
7.98
1.28
-13.34
8.52
-0.48
-13.45
8.83
-0.87
-16.68
8.46
-0.87
-17.38
8.49
-0.52
-18.09
8.51
-0.06
-13.49
8.28
-0.77
-13.79
8.54
-1.09
-14.56
8.49
-1.31
-15.35
8.58
-1.33
-16.09
8.65
-1.17
-18.76
8.87
7.29
-18.93
8.86
7.26
-18.14
9.79
6.74
-18.52
9.33
6.99
-18.98
9.31
6.89
-17.82
9.51
6.36
-18.18
9.11
6.72
-19.31
9.45
6.25
-16.82
9.64
5.16
-17.30
9.55
5.72
-19.58
9.52
5.48
-15.88
9.63
4.06
-16.37
9.57
4.61
-19.79
9.64
4.70
-14.90
9.91
2.98
-15.35
9.54
3.42
-19.94
9.68
4.01
-20.03
9.56
3.35
-14.13
10.03
1.98
-14.53
9.56
2.40
-15.00
9.16
2.90
-20.01
9.52
2.59
-13.86
9.84
1.51
-14.08
9.22
1.69
-19.10
9.63
0.87
-19.48
9.60
1.32
-19.82
9.51
1.88
-13.29
9.49
0.17
-13.58
9.48
0.92
-13.83
9.12
1.27
-18.67
9.53
0.41
-13.21
9.48
-0.52
-13.38
9.45
-1.01
-16.80
9.19
-1.01
-17.38
9.51
-0.71
-18.09
9.50
-0.13
-13.79
9.48
-1.53
-14.57
9.29
-1.71
-15.38
9.37
-1.70
-16.30
9.62
-1.44
-16.95
9.91
-1.12
-13.97
10.04
-2.15
-14.57
9.90
-2.21
-15.27
10.09
-2.20
-15.91
10.12
-1.93
-14.07
10.39
-2.53
-14.50
10.36
-2.59
-14.93
10.40
-2.56
-18.11
10.49
6.68
-18.51
10.36
6.84
-18.90
10.34
6.68
-17.71
10.49
6.31
-19.23
10.42
6.17
-16.77
10.55
5.23
-17.25
10.51
5.78
-19.50
10.48
5.46
-15.81
10.56
4.15
-16.30
10.55
4.69
-19.73
10.53
4.70
-14.86
10.65
3.08
-15.32
10.57
3.59
-19.90
10.53
3.98
-20.01
10.51
3.28
-14.05
10.71
2.02
-14.44
10.61
2.54
-20.00
10.50
2.56
-13.71
10.66
1.46
-19.11
10.39
0.85
-19.49
10.46
1.30
-19.82
10.48
1.88
-13.14
10.50
0.08
-13.40
10.54
0.82
-18.71
10.43
0.37
-13.04
10.46
-0.76
-13.22
10.02
-1.12
-17.64
10.49
-0.73
-18.20
10.46
-0.19
-13.02
10.79
-1.52
-13.36
10.18
-1.60
-16.59
10.59
-1.63
-17.13
10.61
-1.20
-13.13
11.01
-2.17
-13.53
10.50
-2.19
-15.52
10.80
-2.44
-16.09
10.74
-2.07
-13.30
11.19
-2.61
-13.78
10.90
-2.69
-14.41
10.91
-2.82
-14.99
10.90
-2.73
-18.11
11.25
6.61
-18.49
11.19
6.71
-18.84
11.20
6.56
-17.74
11.39
6.27
-19.13
11.36
6.10
-16.77
11.50
5.26
-17.26
11.46
5.79
-19.44
11.44
5.42
-15.78
11.52
4.21
-16.27
11.51
4.73
-19.71
11.47
4.66
-14.82
11.56
3.16
-15.29
11.53
3.68
-19.90
11.40
3.97
-20.02
11.47
3.29
-13.97
11.58
2.05
-14.38
11.56
2.62
-20.02
11.48
2.52
-13.61
11.56
1.45
-19.16
11.02
0.79
-19.49
11.33
1.13
-19.84
11.45
1.76
-12.98
11.52
0.08
-13.27
11.53
0.80
-18.89
11.32
0.35
-19.26
11.66
0.67
-12.77
11.53
-0.73
-17.83
11.37
-0.81
-18.37
11.41
-0.28
-12.70
11.58
-1.53
-16.79
11.43
-1.75
-17.32
11.48
-1.31
-12.79
11.67
-2.26
-15.69
11.58
-2.60
-16.28
11.55
-2.19
-13.07
11.78
-2.84
-13.68
11.68
-3.04
-14.39
11.66
-3.07
-15.07
11.64
-2.91
-18.16
11.83
6.52
-18.47
11.85
6.56
-18.76
11.81
6.46
-17.92
12.28
6.19
-18.44
12.44
6.26
-18.93
12.27
6.04
-16.80
12.47
5.25
-17.34
12.41
5.74
-19.35
12.40
5.35
-15.77
12.51
4.23
-16.28
12.49
4.74
-19.72
12.47
4.53
-19.92
12.85
3.98
-14.79
12.52
3.20
-15.27
12.51
3.72
-19.91
12.12
3.97
-20.03
12.49
3.40
-13.92
12.53
2.08
-14.34
12.52
2.65
-20.08
12.49
2.47
-13.54
12.52
1.47
-19.63
12.05
1.06
-19.92
12.49
1.52
-12.82
12.53
0.10
-13.17
12.51
0.82
-18.96
12.03
0.13
-19.39
12.31
0.52
-19.76
12.91
0.77
-12.14
13.11
-1.15
-12.47
12.62
-0.75
-17.97
12.11
-0.92
-18.58
12.46
-0.47
-19.24
12.90
0.00
-19.61
13.18
0.30
-11.99
13.06
-1.72
-12.36
12.40
-1.60
-16.94
12.14
-1.84
-17.51
12.50
-1.45
-18.12
12.85
-1.04
-11.83
13.08
-2.46
-12.37
12.43
-2.42
-15.82
12.42
-2.73
-16.51
12.50
-2.27
-17.04
12.87
-1.95
-10.59
13.65
-3.98
-10.92
13.51
-3.74
-11.58
13.23
-3.31
-12.58
12.70
-3.31
-13.55
12.51
-3.40
-14.39
12.52
-3.33
-15.17
12.51
-3.08
-10.58
13.65
-4.20
-10.93
13.51
-4.13
-11.53
13.36
-3.97
-12.17
13.23
-3.90
-17.95
13.20
5.93
-18.42
13.21
5.99
-18.86
13.20
5.79
-16.88
13.43
5.19
-17.45
13.35
5.61
-19.23
13.36
5.28
-15.78
13.49
4.23
-16.32
13.47
4.72
-19.62
13.46
4.61
-19.91
13.56
3.98
-14.78
13.50
3.21
-15.27
13.50
3.73
-20.09
13.51
3.28
-13.88
13.50
2.09
-14.32
13.50
2.67
-20.17
13.51
2.45
-13.48
13.49
1.49
-20.12
13.55
1.58
-12.73
13.51
0.23
-13.11
13.47
0.87
-19.96
13.69
0.82
-12.02
13.74
-1.04
-12.36
13.58
-0.45
-18.76
13.48
-0.70
-19.28
13.67
-0.28
-19.70
13.78
0.21
-11.73
13.76
-1.68
-17.67
13.57
-1.62
-18.27
13.61
-1.16
-11.46
13.74
-2.38
-15.88
13.15
-2.87
-16.41
13.54
-2.59
-17.08
13.63
-2.10
-10.45
14.02
-3.98
-10.75
13.93
-3.50
-11.16
13.75
-3.03
-12.86
13.21
-3.83
-13.56
13.25
-3.78
-14.42
13.49
-3.65
-15.36
13.51
-3.25
-15.94
13.89
-3.00
-10.42
14.04
-4.46
-10.88
13.80
-4.53
-11.54
13.72
-4.48
-12.45
13.77
-4.35
-13.40
13.89
-4.16
-14.06
14.00
-3.99
-10.36
14.30
-4.95
-10.79
14.18
-4.99
-11.40
14.16
-4.96
-11.98
14.18
-4.84
-18.01
13.81
5.76
-18.40
13.86
5.75
-18.77
13.81
5.63
-16.99
14.36
5.09
-17.69
14.26
5.44
-18.36
14.44
5.42
-18.98
14.27
5.19
-15.82
14.48
4.21
-16.39
14.44
4.67
-19.51
14.39
4.55
-19.87
14.39
3.95
-14.78
14.50
3.22
-15.29
14.49
3.73
-20.08
14.48
3.26
-13.84
14.49
2.10
-14.30
14.50
2.68
-20.22
14.50
2.43
-13.41
14.46
1.49
-20.21
14.53
1.58
-12.67
14.46
0.35
-13.05
14.38
0.92
-20.07
14.58
0.79
-11.89
14.56
-0.92
-12.27
14.50
-0.28
-18.86
14.19
-0.84
-19.29
14.58
-0.52
-19.78
14.61
0.11
-11.52
14.58
-1.62
-17.81
14.55
-1.72
-18.48
14.56
-1.22
-18.95
14.91
-0.94
-10.84
14.91
-2.70
-11.16
14.52
-2.34
-16.58
14.56
-2.67
-17.19
14.56
-2.20
-10.28
14.71
-3.95
-10.62
14.65
-3.25
-10.96
14.27
-2.88
-14.70
14.23
-3.79
-15.31
14.57
-3.55
-16.01
14.64
-3.11
-10.11
14.75
-4.61
-12.76
14.59
-4.76
-13.53
14.63
-4.45
-14.31
14.67
-4.12
-14.88
14.95
-3.92
-9.74
15.01
-5.60
-10.06
14.85
-5.32
-10.64
14.68
-5.40
-11.36
14.76
-5.42
-12.10
14.72
-5.15
-9.74
15.05
-5.72
-10.00
15.04
-5.67
-10.49
15.08
-5.74
-11.04
15.13
-5.76
-17.06
15.23
4.94
-17.67
15.20
5.14
-18.31
15.23
5.11
-18.89
15.21
4.88
-15.89
15.46
4.18
-16.51
15.40
4.60
-19.41
15.39
4.32
-19.80
15.10
3.89
-14.78
15.50
3.22
-15.31
15.49
3.72
-19.68
15.82
3.83
-19.98
15.49
3.33
-13.79
15.50
2.11
-14.28
15.50
2.69
-20.20
15.50
2.43
-12.92
15.86
1.01
-13.28
15.50
1.44
-20.25
15.51
1.57
-12.63
15.47
0.53
-12.99
15.12
0.97
-20.13
15.53
0.77
-11.78
15.50
-0.78
-12.19
15.40
-0.15
-19.45
15.56
-0.53
-19.86
15.55
0.07
-11.01
15.92
-1.98
-11.33
15.54
-1.55
-17.86
15.53
-1.82
-18.46
15.56
-1.38
-18.99
15.64
-0.99
-10.78
15.63
-2.51
-11.08
15.21
-2.14
-16.69
15.53
-2.72
-17.26
15.53
-2.26
-10.11
15.58
-3.95
-10.43
15.58
-3.22
-15.52
15.57
-3.63
-16.12
15.56
-3.18
-9.90
15.58
-4.70
-12.95
15.33
-5.07
-13.61
15.42
-4.74
-14.31
15.57
-4.40
-14.95
15.65
-4.04
-9.68
15.21
-5.66
-9.83
15.53
-5.52
-10.04
15.76
-5.87
-11.65
15.27
-5.67
-12.30
15.48
-5.51
-9.70
15.17
-5.75
-9.93
15.31
-5.77
-10.40
15.61
-6.00
-11.27
15.64
-6.01
-11.95
15.93
-5.95
-17.14
15.88
4.82
-17.66
15.94
4.89
-18.27
15.94
4.85
-18.75
15.85
4.72
-15.99
16.45
4.12
-16.77
16.38
4.51
-17.56
16.65
4.60
-18.32
16.64
4.52
-19.01
16.33
4.31
-14.80
16.49
3.22
-15.36
16.48
3.69
-19.52
16.56
3.75
-19.92
16.52
3.13
-13.78
16.51
2.16
-14.28
16.50
2.70
-20.17
16.51
2.35
-12.85
16.62
1.05
-13.29
16.53
1.59
-20.25
16.51
1.54
-12.01
16.88
-0.02
-12.38
16.53
0.42
-20.16
16.51
0.75
-11.74
16.51
-0.54
-12.10
16.14
-0.08
-19.52
16.53
-0.54
-19.91
16.52
0.05
-10.94
16.62
-1.88
-11.29
16.52
-1.28
-17.88
16.51
-1.87
-18.47
16.53
-1.45
-19.03
16.55
-1.03
-10.63
16.57
-2.51
-16.74
16.51
-2.76
-17.30
16.51
-2.31
-9.99
16.53
-3.93
-10.30
16.54
-3.20
-15.63
16.53
-3.70
-16.19
16.52
-3.23
-9.75
16.55
-4.73
-13.12
15.90
-5.24
-13.62
16.17
-5.04
-14.31
16.56
-4.70
-15.03
16.56
-4.17
-9.31
17.19
-6.12
-9.63
16.63
-5.72
-9.99
16.22
-6.03
-12.77
16.21
-5.63
-13.38
16.81
-5.49
-13.95
17.01
-5.13
-9.28
17.25
-6.66
-9.72
16.80
-6.56
-10.36
16.36
-6.50
-11.29
16.42
-6.54
-12.25
16.72
-6.28
-12.93
17.06
-5.97
-9.25
17.34
-7.23
-9.71
17.09
-7.37
-10.42
16.89
-7.29
-11.23
17.08
-7.29
-11.88
17.16
-6.93
-9.89
17.23
-7.92
-10.39
17.21
-7.92
-10.90
17.34
-7.89
-16.02
17.45
4.02
-16.74
17.47
4.28
-17.53
17.55
4.35
-18.37
17.56
4.21
-18.93
17.15
4.09
-14.82
17.49
3.21
-15.39
17.48
3.65
-18.85
17.90
3.92
-19.32
17.53
3.66
-19.83
17.51
3.02
-13.77
17.51
2.20
-14.28
17.50
2.72
-20.13
17.50
2.29
-12.81
17.55
1.13
-13.28
17.52
1.67
-20.24
17.50
1.51
-11.93
17.62
0.03
-12.35
17.55
0.57
-20.17
17.50
0.74
-11.55
17.51
-0.56
-19.54
17.51
-0.56
-19.93
17.50
0.04
-10.87
17.52
-1.77
-11.20
17.42
-1.17
-17.90
17.50
-1.90
-18.49
17.51
-1.48
-19.05
17.51
-1.05
-10.54
17.52
-2.45
-16.78
17.49
-2.79
-17.33
17.49
-2.34
-9.89
17.51
-3.88
-10.21
17.51
-3.16
-15.71
17.50
-3.76
-16.25
17.49
-3.27
-9.61
17.53
-4.63
-14.59
17.55
-4.75
-15.16
17.52
-4.25
-9.12
17.78
-6.04
-9.38
17.59
-5.39
-13.60
17.65
-5.66
-14.11
17.67
-5.22
-8.97
17.83
-6.77
-12.58
17.65
-6.61
-13.12
17.70
-6.13
-8.54
18.05
-8.17
-8.89
17.81
-7.70
-9.37
17.43
-7.83
-11.57
17.76
-7.71
-12.10
17.75
-7.17
-8.52
18.12
-8.67
-8.94
17.82
-8.51
-9.60
17.54
-8.42
-10.31
17.58
-8.51
-11.03
17.86
-8.39
-8.51
18.29
-9.30
-8.94
18.02
-9.25
-9.56
17.88
-9.22
-10.21
17.93
-9.20
-10.77
18.19
-9.17
-8.55
18.45
-9.82
-8.93
18.31
-9.88
-9.53
18.26
-9.89
-10.15
18.29
-9.79
-10.59
18.40
-9.66
-16.04
18.38
3.93
-16.69
18.46
4.12
-17.45
18.50
4.17
-18.18
18.52
4.06
-14.86
18.48
3.19
-15.46
18.46
3.61
-18.78
18.61
3.80
-19.32
18.53
3.45
-19.79
18.49
2.90
-13.78
18.50
2.22
-14.30
18.49
2.72
-20.10
18.48
2.24
-12.78
18.52
1.19
-13.27
18.51
1.71
-20.22
18.48
1.49
-11.85
18.54
0.06
-12.31
18.53
0.64
-20.16
18.49
0.73
-11.07
18.88
-1.06
-11.38
18.52
-0.61
-19.55
18.50
-0.57
-19.93
18.49
0.03
-10.85
18.52
-1.59
-11.13
18.15
-1.11
-17.91
18.48
-1.94
-18.50
18.49
-1.51
-19.06
18.50
-1.07
-10.48
18.51
-2.38
-16.81
18.45
-2.84
-17.35
18.47
-2.38
-9.82
18.49
-3.83
-10.15
18.50
-3.12
-15.79
18.45
-3.82
-16.30
18.46
-3.32
-9.51
18.49
-4.54
-14.75
18.47
-4.84
-15.28
18.46
-4.33
-8.96
18.58
-5.95
-9.23
18.51
-5.25
-13.77
18.43
-5.81
-14.25
18.50
-5.36
-8.73
18.62
-6.76
-12.80
18.48
-6.83
-13.31
18.49
-6.29
-8.39
18.36
-8.18
-8.50
18.62
-7.73
-11.87
18.48
-7.95
-12.32
18.51
-7.40
-8.30
18.51
-8.68
-8.26
18.93
-8.47
-11.49
18.60
-8.58
-8.25
18.79
-9.39
-8.16
19.07
-9.06
-11.15
18.77
-9.30
-8.38
18.93
-10.19
-8.87
18.74
-10.44
-9.52
18.77
-10.55
-10.21
18.77
-10.27
-10.76
18.86
-9.91
-8.39
19.25
-10.90
-8.78
19.13
-11.03
-9.25
19.12
-11.06
-16.07
19.12
3.87
-16.60
19.47
3.97
-17.40
19.45
4.03
-18.08
19.40
3.94
-14.92
19.48
3.16
-15.61
19.48
3.60
-16.11
19.84
3.79
-18.67
19.49
3.69
-19.26
19.46
3.31
-19.74
19.42
2.82
-13.80
19.48
2.22
-14.34
19.48
2.70
-20.04
19.42
2.19
-12.78
19.50
1.21
-13.28
19.49
1.72
-20.17
19.45
1.47
-11.82
19.52
0.13
-12.29
19.51
0.68
-20.13
19.46
0.73
-11.03
19.62
-1.03
-11.39
19.54
-0.46
-19.55
19.48
-0.57
-19.91
19.46
0.03
-10.73
19.54
-1.66
-17.94
19.44
-2.00
-18.51
19.46
-1.56
-19.06
19.48
-1.10
-10.41
19.50
-2.38
-16.86
19.36
-2.92
-17.38
19.43
-2.47
-9.75
19.48
-3.80
-10.09
19.49
-3.09
-15.88
19.35
-3.91
-16.38
19.42
-3.41
-9.42
19.46
-4.50
-14.89
19.34
-4.98
-15.40
19.41
-4.44
-8.86
19.49
-5.84
-9.14
19.39
-5.16
-13.90
19.07
-5.94
-14.36
19.41
-5.60
-8.60
19.51
-6.68
-13.00
19.28
-7.02
-13.57
19.35
-6.43
-14.04
19.76
-6.14
-8.37
19.52
-7.58
-12.08
19.08
-8.09
-12.51
19.37
-7.70
-8.19
19.61
-8.44
-11.87
19.40
-8.67
-12.27
19.72
-8.29
-8.10
19.31
-9.67
-8.08
19.59
-9.27
-11.47
19.53
-9.47
-8.07
19.66
-10.30
-8.01
19.79
-9.82
-9.79
19.19
-10.95
-10.32
19.32
-10.72
-10.96
19.64
-10.31
-8.14
19.83
-11.40
-8.73
19.59
-11.65
-9.50
19.59
-11.53
-10.24
19.79
-11.26
-10.74
20.02
-10.98
-7.49
20.32
-13.18
-7.88
20.18
-12.68
-8.61
19.98
-12.61
-9.22
19.93
-12.25
-7.36
20.36
-13.78
-7.75
20.19
-13.62
-8.32
20.18
-13.54
-7.15
20.40
-14.64
-7.60
20.26
-14.52
-8.13
20.35
-14.38
-6.51
20.39
-16.12
-6.86
20.39
-15.66
-7.46
20.38
-15.49
-7.94
20.45
-15.03
-6.44
20.39
-16.58
-6.74
20.31
-16.45
-7.17
20.40
-16.39
-6.41
20.42
-17.10
-6.66
20.35
-17.06
-6.99
20.46
-17.04
-6.43
20.49
-17.41
-6.63
20.51
-17.44
-6.88
20.57
-17.41
-16.76
20.43
3.88
-17.49
20.42
3.89
-18.03
20.10
3.85
-14.95
20.45
3.08
-15.57
20.48
3.45
-16.17
20.55
3.71
-17.93
20.79
3.74
-18.47
20.45
3.59
-19.18
20.38
3.16
-19.66
20.27
2.73
-13.84
20.45
2.19
-14.38
20.46
2.65
-19.95
20.30
2.16
-12.80
20.48
1.21
-13.32
20.47
1.71
-20.08
20.38
1.46
-11.83
20.49
0.16
-12.30
20.49
0.70
-20.06
20.38
0.72
-11.00
20.53
-1.01
-11.39
20.51
-0.40
-19.53
20.44
-0.57
-19.88
20.40
0.04
-10.67
20.51
-1.66
-17.98
20.35
-2.09
-18.52
20.42
-1.65
-19.07
20.45
-1.14
-10.34
20.48
-2.37
-16.91
20.10
-3.02
-17.40
20.45
-2.64
-9.67
20.46
-3.76
-10.02
20.45
-3.07
-15.98
20.10
-4.01
-16.50
20.48
-3.55
-17.03
20.84
-3.10
-8.99
20.84
-5.00
-9.28
20.46
-4.53
-15.07
20.06
-5.07
-15.58
20.44
-4.62
-16.09
20.84
-4.15
-8.79
20.48
-5.62
-9.07
20.11
-5.10
-14.74
20.37
-5.65
-15.21
20.79
-5.28
-8.47
20.47
-6.58
-13.17
19.89
-7.19
-13.61
20.10
-6.84
-14.20
20.50
-6.42
-8.26
20.41
-7.51
-12.95
20.24
-7.75
-13.53
20.64
-7.35
-14.00
20.94
-7.03
-7.94
20.96
-8.82
-8.08
20.46
-8.44
-12.06
20.05
-8.91
-12.48
20.37
-8.53
-7.89
20.84
-9.49
-7.99
20.26
-9.27
-11.86
20.38
-9.56
-12.28
20.70
-9.15
-7.87
20.57
-10.32
-7.95
20.19
-9.82
-11.42
20.55
-10.43
-7.79
20.67
-11.45
-9.80
20.06
-11.97
-10.33
20.34
-11.76
-10.94
20.70
-11.32
-7.38
20.59
-13.16
-7.57
20.82
-12.60
-9.00
20.20
-12.93
-9.55
20.33
-12.60
-10.26
20.88
-12.48
-10.75
21.07
-11.99
-7.21
20.79
-13.73
-7.37
21.08
-13.25
-8.86
20.42
-13.57
-9.44
20.71
-13.38
-9.95
21.14
-13.27
-6.95
20.83
-14.65
-8.70
20.74
-14.43
-9.34
21.08
-14.07
-9.76
21.31
-13.80
-6.42
20.58
-16.11
-6.63
20.82
-15.64
-7.85
20.70
-15.82
-8.27
20.79
-15.24
-6.33
20.71
-16.58
-6.43
20.99
-16.22
-7.57
20.72
-16.50
-6.32
20.71
-17.14
-7.33
20.82
-17.11
-6.42
20.76
-17.49
-6.69
20.91
-17.60
-7.06
20.95
-17.52
-16.80
21.23
3.78
-17.33
21.24
3.79
-15.00
21.35
2.97
-15.61
21.42
3.31
-16.28
21.38
3.60
-17.81
21.45
3.61
-18.47
21.42
3.31
-19.16
21.31
2.86
-19.59
20.90
2.63
-13.91
21.36
2.14
-14.44
21.42
2.56
-19.49
21.69
2.28
-19.79
21.07
2.16
-12.86
21.44
1.18
-13.40
21.43
1.68
-19.68
21.85
1.74
-19.91
21.31
1.46
-11.86
21.45
0.16
-12.35
21.45
0.67
-19.95
21.24
0.70
-11.00
21.49
-1.00
-11.41
21.48
-0.39
-19.51
21.39
-0.53
-19.82
21.24
0.05
-10.63
21.49
-1.67
-18.08
21.08
-2.14
-18.52
21.38
-1.80
-19.06
21.44
-1.20
-10.27
21.46
-2.37
-17.75
21.47
-2.57
-18.23
21.81
-2.20
-9.59
21.44
-3.65
-9.95
21.37
-3.03
-16.68
21.54
-3.71
-17.20
21.59
-3.16
-8.91
21.58
-4.89
-9.24
21.41
-4.30
-15.75
21.43
-4.87
-16.20
21.58
-4.31
-8.58
21.52
-5.65
-14.89
21.06
-5.91
-15.31
21.54
-5.60
-8.06
22.00
-6.96
-8.28
21.48
-6.57
-14.59
21.27
-6.51
-15.00
21.87
-6.37
-7.97
21.86
-7.63
-8.12
21.20
-7.45
-13.13
20.86
-8.05
-13.59
21.23
-7.80
-14.25
21.66
-7.33
-14.75
22.06
-6.95
-7.89
21.61
-8.52
-8.03
21.08
-8.14
-12.88
21.08
-8.61
-13.43
21.75
-8.50
-13.96
21.98
-8.03
-7.79
21.63
-9.49
-12.08
21.07
-9.80
-12.53
21.34
-9.35
-12.99
21.95
-9.24
-7.73
21.56
-10.44
-11.86
21.51
-10.48
-12.43
21.88
-9.93
-12.76
22.08
-9.66
-7.67
21.60
-11.47
-11.35
21.59
-11.38
-7.58
21.73
-12.53
-7.64
22.10
-12.82
-10.61
21.63
-12.72
-10.99
21.70
-12.13
-7.17
21.32
-13.93
-7.39
21.76
-13.44
-7.58
22.10
-13.15
-10.29
21.77
-13.37
-6.98
21.50
-14.64
-7.18
21.91
-14.19
-8.91
21.26
-14.91
-9.40
21.68
-14.64
-9.91
21.81
-14.02
-6.71
21.50
-15.56
-8.13
21.07
-16.02
-8.61
21.43
-15.66
-9.12
21.87
-15.32
-6.34
21.10
-16.77
-6.51
21.55
-16.44
-7.94
21.18
-16.57
-8.36
21.66
-16.50
-6.36
21.13
-17.20
-6.55
21.71
-17.19
-7.70
21.37
-17.17
-8.13
21.88
-17.16
-6.46
21.13
-17.52
-6.78
21.62
-17.66
-7.39
21.74
-17.69
-7.92
22.11
-17.61
-16.85
21.79
3.68
-17.22
21.79
3.68
-15.05
22.09
2.86
-15.63
22.40
3.09
-16.56
22.25
3.43
-17.46
22.26
3.42
-18.35
22.40
3.02
-18.92
22.08
2.75
-14.00
22.10
2.08
-14.56
22.46
2.43
-15.14
22.80
2.75
-18.73
22.81
2.58
-19.16
22.46
2.24
-12.95
22.36
1.11
-13.58
22.45
1.64
-14.09
22.83
1.97
-19.52
22.49
1.43
-19.80
21.93
1.17
-11.93
22.36
0.13
-12.43
22.42
0.61
-19.59
22.60
0.54
-19.82
21.93
0.62
-11.03
22.45
-1.00
-11.48
22.44
-0.40
-19.49
22.38
-0.34
-19.76
21.87
0.09
-10.61
22.48
-1.67
-18.68
22.15
-1.79
-19.06
22.48
-1.30
-9.82
22.87
-2.93
-10.16
22.49
-2.45
-17.87
22.41
-2.74
-18.40
22.56
-2.24
-18.79
22.88
-1.85
-9.12
22.89
-4.04
-9.50
22.51
-3.53
-9.87
22.13
-3.00
-16.84
22.49
-3.87
-17.37
22.49
-3.28
-8.85
22.54
-4.64
-9.19
22.15
-4.15
-15.92
22.16
-5.00
-16.31
22.50
-4.57
-8.13
22.95
-6.08
-8.40
22.56
-5.58
-15.70
22.52
-5.58
-16.07
22.85
-5.11
-8.00
22.68
-6.72
-8.20
22.23
-6.27
-15.31
22.62
-6.42
-7.86
22.66
-7.61
-14.54
22.48
-7.65
-14.95
22.66
-7.13
-7.78
22.57
-8.55
-13.69
22.51
-8.77
-14.17
22.56
-8.24
-7.72
22.52
-9.51
-12.95
22.91
-9.86
-13.22
22.65
-9.42
-7.67
22.49
-10.47
-12.04
22.48
-10.80
-12.57
22.63
-10.17
-12.85
22.44
-9.76
-7.64
22.49
-11.43
-11.59
22.49
-11.56
-7.63
22.48
-12.32
-7.67
22.49
-12.79
-10.81
22.24
-12.86
-11.17
22.56
-12.39
-7.42
22.49
-13.64
-7.61
22.49
-13.19
-10.60
22.58
-13.44
-10.97
22.90
-12.98
-7.00
22.07
-14.89
-7.17
22.51
-14.49
-9.70
22.47
-14.88
-10.14
22.57
-14.22
-6.85
22.22
-15.54
-6.99
22.77
-15.30
-8.89
22.06
-15.95
-9.32
22.54
-15.65
-6.72
22.56
-16.35
-6.88
22.93
-15.87
-8.72
22.24
-16.55
-9.10
22.84
-16.47
-6.70
22.62
-17.27
-8.50
22.47
-17.20
-8.87
23.02
-17.16
-6.95
22.76
-18.01
-7.53
22.80
-18.19
-8.20
22.81
-17.82
-8.66
23.16
-17.64
-7.07
23.23
-18.51
-7.31
23.24
-18.59
-15.87
23.35
2.97
-16.60
23.28
3.17
-17.36
23.28
3.14
-18.06
23.36
2.85
-14.71
23.46
2.27
-15.29
23.49
2.65
-18.60
23.52
2.36
-19.01
23.18
2.03
-12.99
23.11
0.97
-13.51
23.48
1.30
-14.16
23.56
1.81
-18.82
23.88
1.87
-19.17
23.53
1.41
-12.02
23.10
0.08
-12.55
23.48
0.47
-13.11
23.85
0.85
-19.38
23.54
0.47
-11.11
23.38
-1.01
-11.64
23.45
-0.41
-12.11
23.84
-0.03
-19.36
23.49
-0.41
-10.68
23.47
-1.62
-19.14
23.53
-1.27
-9.82
23.61
-2.85
-10.23
23.52
-2.28
-17.95
23.12
-2.90
-18.37
23.50
-2.59
-18.83
23.61
-1.97
-9.04
23.63
-4.00
-9.43
23.56
-3.43
-17.03
23.38
-3.99
-17.61
23.42
-3.38
-18.05
23.81
-3.08
-8.69
23.56
-4.63
-16.58
23.40
-4.60
-8.07
23.66
-6.02
-8.34
23.57
-5.36
-15.88
23.42
-5.83
-16.23
23.49
-5.21
-7.90
23.61
-6.76
-15.54
23.45
-6.60
-7.79
23.58
-7.62
-14.72
23.08
-7.87
-15.15
23.49
-7.47
-7.74
23.53
-8.57
-13.92
23.09
-8.90
-14.41
23.29
-8.46
-14.89
23.89
-8.24
-7.70
23.43
-9.52
-13.08
23.47
-9.99
-13.63
23.49
-9.45
-14.27
23.88
-9.02
-14.69
24.16
-8.73
-7.65
23.39
-10.47
-12.17
23.30
-11.00
-12.63
23.43
-10.47
-7.58
23.41
-11.45
-11.80
23.35
-11.65
-7.54
23.24
-12.51
-7.65
22.87
-12.82
-11.46
23.48
-12.39
-7.42
23.20
-13.45
-7.60
22.86
-13.16
-10.74
23.48
-13.75
-11.12
23.57
-13.10
-7.19
23.30
-14.41
-9.92
23.14
-15.01
-10.30
23.47
-14.54
-7.02
23.40
-15.23
-9.76
23.48
-15.63
-10.12
23.81
-15.15
-6.73
23.48
-16.52
-6.88
23.45
-15.89
-9.44
23.58
-16.49
-6.67
23.53
-17.37
-9.16
23.68
-17.22
-6.78
23.62
-18.16
-7.81
23.60
-18.62
-8.35
23.60
-18.24
-8.82
23.72
-17.82
-6.99
23.79
-18.76
-7.39
23.76
-18.90
-6.26
24.81
-21.75
-6.35
24.81
-21.67
-6.27
24.83
-21.84
-6.36
24.84
-21.82
-16.01
24.12
2.80
-16.63
24.09
2.95
-17.28
24.09
2.93
-17.85
24.13
2.72
-14.90
24.28
2.11
-15.47
24.24
2.49
-18.26
24.31
2.32
-13.78
24.40
1.22
-14.37
24.42
1.66
-18.60
24.56
1.78
-18.99
24.53
1.16
-12.72
24.51
0.31
-13.28
24.56
0.76
-19.24
24.53
0.36
-11.16
24.12
-1.09
-11.59
24.49
-0.72
-12.18
24.58
-0.19
-19.31
24.51
-0.49
-10.83
24.48
-1.57
-11.24
24.85
-1.17
-19.18
24.51
-1.35
-9.84
24.50
-2.82
-10.29
24.49
-2.24
-18.55
24.40
-2.74
-18.92
24.50
-2.13
-9.01
24.53
-3.97
-9.41
24.51
-3.38
-17.18
24.14
-4.16
-17.66
24.25
-3.71
-18.17
24.47
-3.29
-8.63
24.53
-4.59
-16.80
24.16
-4.72
-8.03
24.56
-5.98
-8.30
24.54
-5.27
-16.11
24.16
-5.98
-16.46
24.21
-5.37
-7.86
24.56
-6.75
-15.84
24.23
-6.68
-7.77
24.55
-7.62
-15.57
24.38
-7.47
-7.74
24.56
-8.65
-7.77
24.97
-9.09
-15.26
24.64
-8.24
-7.72
24.28
-9.55
-7.76
24.88
-9.64
-13.16
24.05
-10.21
-13.65
24.36
-9.91
-14.31
24.60
-9.42
-14.85
24.73
-8.89
-7.65
24.25
-10.43
-7.70
24.81
-10.30
-12.31
23.91
-11.13
-12.80
24.29
-10.77
-13.32
24.65
-10.43
-7.14
25.02
-11.95
-7.44
24.52
-11.38
-7.60
24.84
-10.82
-12.06
24.11
-11.67
-12.45
24.67
-11.51
-7.02
24.91
-12.67
-7.31
24.19
-12.51
-11.78
24.43
-12.44
-12.19
24.85
-12.07
-6.89
24.82
-13.54
-7.18
24.08
-13.48
-10.93
24.29
-13.92
-11.33
24.40
-13.28
-6.79
24.76
-14.46
-7.04
24.05
-14.41
-10.60
24.34
-14.60
-6.69
24.66
-15.38
-6.91
24.03
-15.24
-9.99
24.30
-15.88
-10.32
24.46
-15.30
-6.61
24.39
-16.34
-6.82
23.97
-15.85
-9.72
24.33
-16.59
-6.52
24.41
-17.41
-9.43
24.42
-17.35
-6.58
24.47
-18.35
-8.01
24.29
-19.00
-8.53
24.34
-18.59
-9.06
24.49
-18.08
-6.79
24.63
-19.29
-7.49
24.50
-19.49
-6.72
25.00
-20.36
-7.29
24.94
-20.44
-6.28
25.09
-21.63
-6.53
25.07
-21.33
-7.13
25.15
-21.28
-6.32
25.13
-21.82
-6.57
25.16
-21.82
-7.04
25.33
-21.85
-8.93
25.72
-25.55
-9.08
25.74
-25.56
-8.93
25.76
-25.69
-9.07
25.77
-25.70
-16.13
24.64
2.63
-16.64
24.70
2.70
-17.23
24.69
2.69
-17.68
24.62
2.61
-15.10
24.91
1.96
-15.77
24.97
2.27
-16.55
25.21
2.33
-17.27
25.19
2.33
-17.88
24.92
2.27
-14.00
25.10
1.12
-14.68
25.41
1.45
-15.65
25.72
1.78
-16.53
25.86
1.91
-17.36
25.80
1.89
-18.19
25.47
1.68
-18.81
25.50
1.01
-12.89
25.40
0.16
-13.57
25.48
0.66
-14.16
25.82
0.96
-19.15
25.51
0.27
-11.80
25.41
-0.79
-12.34
25.47
-0.33
-19.28
25.50
-0.57
-10.86
25.47
-1.76
-11.36
25.56
-1.26
-19.23
25.50
-1.47
-9.88
25.38
-2.85
-10.34
25.46
-2.34
-18.67
25.09
-2.94
-18.99
25.49
-2.44
-9.03
25.46
-3.96
-9.46
25.46
-3.38
-17.31
24.63
-4.33
-17.73
24.90
-4.09
-18.38
25.36
-3.66
-18.82
25.81
-3.19
-8.64
25.49
-4.58
-17.10
24.77
-4.84
-17.59
25.25
-4.75
-18.15
25.76
-4.60
-8.04
25.52
-5.96
-8.30
25.50
-5.25
-16.34
24.68
-6.09
-16.79
24.93
-5.65
-17.41
25.52
-5.53
-17.98
26.06
-5.43
-7.86
25.54
-6.74
-16.21
24.87
-6.68
-16.72
25.36
-6.49
-17.30
25.82
-6.30
-17.79
26.25
-6.18
-7.75
25.54
-7.56
-16.01
25.16
-7.45
-16.61
25.82
-7.31
-17.22
26.19
-6.95
-17.64
26.41
-6.69
-7.70
25.50
-8.46
-7.74
25.47
-9.03
-15.70
25.59
-8.32
-16.27
26.02
-7.94
-7.57
25.80
-9.88
-7.71
25.47
-9.64
-13.88
25.02
-10.12
-14.43
25.44
-9.83
-15.06
25.57
-9.14
-7.47
25.68
-10.40
-7.65
25.29
-10.28
-13.05
24.98
-10.99
-13.55
25.26
-10.65
-14.10
25.85
-10.51
-6.96
25.65
-11.81
-7.32
25.42
-11.07
-7.56
25.18
-10.74
-12.85
25.36
-11.60
-13.43
25.75
-11.26
-13.86
26.10
-11.04
-6.73
25.60
-12.66
-11.96
25.24
-12.85
-12.40
25.40
-12.28
-6.59
25.53
-13.56
-11.10
24.90
-14.08
-11.53
25.26
-13.67
-6.49
25.47
-14.49
-10.89
25.08
-14.69
-11.32
25.68
-14.52
-6.39
25.42
-15.43
-10.19
24.90
-16.04
-10.62
25.33
-15.61
-11.08
25.87
-15.22
-6.00
25.98
-16.84
-6.26
25.42
-16.45
-10.01
25.01
-16.66
-10.38
25.60
-16.54
-5.95
25.95
-17.56
-6.24
25.26
-17.47
-9.76
25.18
-17.47
-10.18
25.79
-17.34
-5.94
25.92
-18.40
-6.24
25.27
-18.42
-8.23
24.74
-19.25
-8.69
24.97
-19.02
-9.43
25.47
-18.51
-9.99
25.97
-18.01
-5.96
25.93
-19.09
-6.25
25.44
-19.39
-8.03
24.94
-19.75
-8.59
25.32
-19.73
-9.18
25.80
-19.61
-6.29
25.46
-20.31
-7.87
25.20
-20.55
-8.47
25.54
-20.58
-9.05
25.98
-20.56
-6.15
25.63
-21.45
-6.24
25.50
-21.02
-7.71
25.44
-21.44
-8.38
25.71
-21.50
-9.00
26.08
-21.51
-6.29
25.73
-21.85
-6.71
25.79
-22.13
-7.47
25.84
-22.38
-8.34
25.89
-22.47
-9.02
26.16
-22.49
-7.91
26.17
-23.47
-8.49
26.01
-23.46
-9.07
26.15
-23.46
-8.18
26.26
-24.36
-8.64
26.02
-24.39
-9.14
26.09
-24.38
-8.38
26.25
-25.08
-8.79
25.95
-25.22
-9.22
26.02
-25.23
-9.49
26.27
-25.38
-8.51
26.25
-25.47
-8.82
26.05
-25.60
-9.16
26.07
-25.63
-9.43
26.27
-25.59
-14.90
26.42
1.16
-15.68
26.57
1.41
-16.54
26.64
1.56
-17.38
26.61
1.55
-18.14
26.50
1.33
-18.73
26.48
0.85
-12.98
26.12
-0.03
-13.55
26.48
0.27
-14.28
26.55
0.75
-19.10
26.49
0.18
-11.96
26.13
-0.89
-12.54
26.47
-0.52
-13.12
26.84
-0.18
-19.28
26.49
-0.62
-10.96
26.39
-1.92
-11.58
26.48
-1.36
-12.11
26.84
-1.02
-19.30
26.50
-1.52
-9.94
26.10
-2.91
-10.39
26.46
-2.53
-19.18
26.52
-2.48
-9.10
26.38
-3.99
-9.60
26.46
-3.39
-10.03
26.84
-3.00
-18.68
26.10
-3.90
-18.99
26.58
-3.47
-8.71
26.45
-4.59
-18.58
26.37
-4.56
-18.91
26.92
-4.34
-8.07
26.49
-5.98
-8.35
26.47
-5.26
-18.48
26.75
-5.39
-18.82
27.10
-4.97
-7.86
26.56
-6.77
-7.83
26.84
-6.95
-18.16
26.83
-6.22
-7.73
26.55
-7.51
-7.78
26.84
-7.20
-16.80
26.43
-7.64
-17.29
26.81
-7.40
-17.82
26.89
-6.85
-7.27
26.99
-9.12
-7.54
26.45
-8.66
-7.66
25.94
-9.02
-15.86
26.57
-8.75
-16.49
26.71
-8.15
-16.96
27.04
-7.88
-7.13
26.94
-9.72
-7.43
26.26
-9.60
-7.63
25.89
-9.40
-14.75
26.19
-9.96
-15.24
26.53
-9.51
-6.92
26.84
-10.52
-7.23
26.21
-10.38
-14.54
26.61
-10.55
-14.99
26.89
-10.10
-6.27
27.11
-12.08
-6.66
26.60
-11.55
-7.07
26.07
-11.00
-12.99
25.92
-12.00
-13.45
26.29
-11.79
-14.04
26.70
-11.39
-6.13
27.03
-12.75
-6.43
26.35
-12.61
-12.20
25.80
-13.05
-12.69
26.09
-12.65
-13.35
26.77
-12.52
-13.84
27.02
-12.05
-6.01
26.96
-13.59
-6.29
26.24
-13.55
-12.01
26.02
-13.67
-12.54
26.51
-13.44
-13.04
27.00
-13.32
-5.91
26.90
-14.51
-6.19
26.18
-14.48
-11.83
26.47
-14.55
-12.44
26.92
-14.12
-12.85
27.18
-13.84
-5.84
26.80
-15.47
-6.11
26.10
-15.38
-10.90
26.04
-15.90
-11.36
26.54
-15.55
-5.79
26.58
-16.49
-6.05
26.03
-16.11
-10.74
26.22
-16.57
-11.14
26.83
-16.48
-5.65
26.64
-17.51
-10.56
26.40
-17.34
-10.93
26.98
-17.27
-5.63
26.57
-18.48
-9.90
26.36
-18.88
-10.36
26.63
-18.19
-10.76
27.07
-17.88
-5.71
26.42
-19.44
-5.98
25.94
-19.75
-9.66
26.42
-19.69
-5.72
26.48
-20.35
-6.00
25.96
-20.35
-9.55
26.50
-20.57
-5.88
26.36
-21.17
-6.03
25.93
-20.88
-9.53
26.56
-21.49
-6.11
26.55
-21.84
-6.58
26.61
-22.35
-7.14
26.67
-22.86
-9.62
26.64
-22.49
-9.96
27.01
-22.85
-7.58
26.78
-23.62
-9.57
26.51
-23.47
-9.95
26.97
-23.55
-7.91
26.81
-24.39
-9.56
26.41
-24.31
-9.88
26.88
-24.36
-8.20
26.76
-25.07
-9.53
26.32
-24.93
-9.69
26.69
-25.11
-8.44
26.62
-25.49
-8.79
26.54
-25.68
-9.19
26.54
-25.70
-9.51
26.61
-25.55
-15.03
27.12
0.96
-15.66
27.45
1.08
-16.56
27.46
1.28
-17.39
27.44
1.29
-18.12
27.40
1.11
-18.69
27.40
0.72
-13.84
27.40
0.13
-14.57
27.46
0.58
-15.17
27.80
0.77
-19.06
27.44
0.12
-12.75
27.43
-0.72
-13.31
27.54
-0.32
-19.27
27.47
-0.65
-11.08
27.12
-2.05
-11.58
27.48
-1.72
-12.23
27.56
-1.20
-19.34
27.50
-1.54
-10.72
27.48
-2.52
-11.21
27.83
-2.18
-19.32
27.52
-2.49
-9.15
27.11
-4.08
-9.57
27.49
-3.71
-10.15
27.57
-3.12
-19.23
27.57
-3.45
-8.86
27.44
-4.59
-9.23
27.82
-4.21
-19.12
27.67
-4.35
-8.12
27.38
-6.01
-8.44
27.42
-5.31
-18.71
27.49
-5.70
-18.96
27.68
-5.13
-7.88
27.34
-6.77
-7.83
27.11
-6.95
-18.43
27.53
-6.35
-7.70
27.37
-7.46
-7.78
27.11
-7.19
-17.56
27.64
-7.54
-18.06
27.64
-6.98
-7.19
27.58
-9.03
-7.45
27.47
-8.38
-16.01
27.47
-9.00
-16.55
27.57
-8.47
-17.07
27.68
-8.04
-6.97
27.68
-9.69
-15.54
27.46
-9.63
-6.70
27.67
-10.47
-14.79
27.43
-10.83
-15.17
27.54
-10.27
-6.13
27.76
-12.01
-6.42
27.63
-11.30
-14.44
27.51
-11.52
-5.94
27.76
-12.76
-13.71
27.47
-12.80
-14.11
27.58
-12.24
-5.80
27.74
-13.61
-13.40
27.55
-13.44
-5.68
27.71
-14.53
-12.08
27.16
-14.94
-12.57
27.53
-14.63
-13.07
27.64
-14.07
-5.56
27.64
-15.51
-11.89
27.48
-15.64
-12.38
27.83
-15.22
-5.44
27.49
-16.50
-11.52
27.56
-16.55
-4.98
28.03
-17.91
-5.27
27.51
-17.52
-11.25
27.62
-17.38
-4.89
27.98
-18.65
-5.25
27.30
-18.53
-10.16
26.90
-19.15
-10.57
27.33
-18.84
-10.97
27.60
-18.16
-4.88
27.88
-19.50
-5.28
27.19
-19.47
-10.05
26.99
-19.77
-10.45
27.52
-19.71
-4.93
27.88
-20.33
-5.33
27.20
-20.35
-9.97
27.05
-20.57
-10.37
27.60
-20.58
-5.08
27.98
-21.05
-5.50
27.27
-21.14
-9.94
27.07
-21.42
-10.33
27.59
-21.50
-5.32
28.08
-21.56
-5.79
27.59
-21.85
-6.41
27.56
-22.47
-6.97
27.56
-23.04
-9.94
27.05
-22.13
-10.26
27.47
-22.49
-7.43
27.58
-23.70
-10.28
27.54
-23.46
-7.82
27.57
-24.40
-10.16
27.55
-24.32
-8.26
27.50
-25.09
-8.78
27.71
-25.39
-9.33
27.72
-25.40
-9.82
27.51
-25.10
-8.45
27.05
-25.48
-8.79
27.08
-25.62
-9.23
27.09
-25.63
-9.56
27.05
-25.50
-15.92
28.27
0.88
-16.64
28.23
1.05
-17.41
28.22
1.07
-18.10
28.21
0.94
-18.62
28.21
0.62
-13.99
28.09
-0.06
-14.60
28.38
0.20
-15.33
28.45
0.57
-18.95
28.34
0.08
-12.94
28.13
-0.86
-13.56
28.47
-0.54
-14.23
28.79
-0.22
-19.20
28.43
-0.68
-11.86
28.39
-1.85
-12.53
28.46
-1.34
-13.11
28.82
-1.05
-19.34
28.48
-1.56
-10.85
28.39
-2.74
-11.37
28.51
-2.33
-19.38
28.50
-2.51
-9.79
28.45
-3.82
-10.35
28.46
-3.27
-19.34
28.53
-3.48
-8.90
28.34
-4.85
-9.32
28.51
-4.37
-19.25
28.56
-4.44
-8.20
28.23
-6.07
-8.53
28.34
-5.47
-18.85
28.07
-5.86
-19.07
28.53
-5.42
-7.95
28.24
-6.75
-18.66
28.24
-6.39
-18.90
28.85
-6.21
-7.71
28.33
-7.51
-17.75
28.52
-7.67
-18.33
28.58
-7.05
-18.70
29.03
-6.73
-7.15
28.21
-9.00
-7.41
28.48
-8.42
-16.15
28.29
-9.18
-16.64
28.43
-8.70
-17.20
28.51
-8.20
-6.94
28.57
-9.56
-7.18
28.88
-9.00
-15.75
28.30
-9.78
-6.60
28.57
-10.42
-14.99
28.05
-11.00
-15.37
28.37
-10.56
-6.03
28.60
-11.96
-6.30
28.57
-11.21
-14.83
28.32
-11.65
-15.23
28.73
-11.24
-5.82
28.61
-12.75
-13.97
27.97
-12.99
-14.40
28.32
-12.59
-5.67
28.61
-13.60
-13.76
28.12
-13.57
-14.22
28.64
-13.47
-5.53
28.62
-14.54
-12.90
28.10
-14.79
-13.43
28.31
-14.34
-14.01
28.88
-14.22
-5.11
29.04
-16.08
-5.33
28.62
-15.58
-12.18
28.28
-15.99
-12.73
28.46
-15.40
-13.39
28.84
-15.01
-13.88
29.14
-14.76
-4.98
28.89
-16.71
-5.19
28.27
-16.48
-11.84
28.29
-16.71
-4.83
28.67
-17.59
-5.08
28.13
-17.19
-11.58
28.33
-17.55
-4.31
29.13
-19.10
-4.56
28.77
-18.65
-10.90
27.94
-19.03
-11.31
28.35
-18.56
-4.28
29.08
-19.64
-4.53
28.54
-19.53
-10.84
28.10
-19.71
-11.28
28.69
-19.58
-4.33
29.06
-20.27
-4.58
28.54
-20.31
-10.78
28.19
-20.58
-11.20
28.80
-20.55
-4.42
29.06
-20.72
-4.74
28.76
-21.01
-10.74
28.21
-21.51
-11.15
28.84
-21.51
-5.20
28.71
-21.63
-5.75
28.58
-22.08
-6.37
28.53
-22.57
-6.94
28.51
-23.10
-10.70
28.19
-22.47
-11.10
28.85
-22.47
-7.41
28.47
-23.71
-10.66
28.23
-23.41
-11.04
28.89
-23.38
-7.81
28.45
-24.33
-10.51
28.33
-24.23
-10.90
28.97
-24.16
-8.26
28.45
-24.88
-8.81
28.55
-25.18
-9.47
28.60
-25.22
-10.18
28.62
-24.91
-10.70
29.10
-24.69
-16.08
28.84
0.71
-16.69
28.90
0.80
-17.42
28.91
0.82
-18.08
28.87
0.72
-18.53
28.79
0.53
-14.94
29.07
0.07
-15.69
29.28
0.31
-16.60
29.48
0.47
-17.41
29.53
0.49
-18.11
29.45
0.37
-18.70
29.20
0.06
-13.84
29.40
-0.80
-14.57
29.50
-0.37
-15.27
29.77
-0.13
-19.04
29.39
-0.71
-12.00
29.07
-2.05
-12.57
29.40
-1.77
-13.26
29.52
-1.29
-19.27
29.46
-1.59
-11.02
29.08
-2.90
-11.60
29.41
-2.56
-12.21
29.79
-2.26
-19.38
29.49
-2.53
-9.99
29.30
-4.00
-10.64
29.41
-3.42
-11.23
29.79
-3.08
-19.39
29.50
-3.49
-8.99
29.03
-5.05
-9.45
29.37
-4.66
-19.34
29.52
-4.45
-8.30
28.87
-6.15
-8.70
29.33
-5.72
-9.18
29.78
-5.25
-19.22
29.55
-5.38
-8.10
29.01
-6.72
-8.37
29.70
-6.58
-19.04
29.65
-6.19
-7.86
29.19
-7.44
-8.08
29.85
-7.34
-17.85
29.40
-7.86
-18.35
29.53
-7.36
-18.76
29.68
-6.84
-7.62
29.53
-8.22
-7.88
29.90
-7.83
-16.27
28.90
-9.32
-16.71
29.36
-9.03
-17.33
29.43
-8.38
-6.92
29.53
-9.72
-7.26
29.60
-9.02
-16.01
29.03
-9.83
-16.36
29.68
-9.76
-6.59
29.51
-10.46
-15.74
29.19
-10.59
-16.11
29.86
-10.49
-6.00
29.52
-11.95
-6.27
29.51
-11.21
-15.07
28.96
-11.93
-15.51
29.47
-11.54
-15.92
29.99
-11.14
-5.79
29.53
-12.74
-14.87
29.07
-12.63
-15.31
29.72
-12.55
-5.64
29.55
-13.59
-14.68
29.26
-13.45
-15.11
29.87
-13.43
-5.50
29.58
-14.49
-14.47
29.46
-14.24
-14.91
30.01
-14.21
-5.09
29.66
-16.02
-5.32
29.60
-15.33
-12.37
28.82
-16.26
-12.85
29.20
-16.04
-13.52
29.45
-15.53
-14.20
29.72
-15.02
-14.71
30.12
-14.79
-4.88
29.63
-16.73
-12.17
28.91
-16.82
-12.60
29.44
-16.80
-4.67
29.59
-17.55
-11.98
29.02
-17.60
-12.43
29.61
-17.59
-4.24
29.63
-19.04
-4.43
29.61
-18.43
-11.83
29.16
-18.52
-12.29
29.75
-18.42
-4.18
29.67
-19.64
-11.81
29.44
-19.53
-12.22
29.89
-19.15
-4.25
29.68
-20.34
-4.40
29.93
-20.74
-11.64
29.44
-20.55
-4.38
29.43
-20.77
-4.66
29.62
-21.14
-11.55
29.47
-21.52
-5.16
29.49
-21.69
-5.73
29.52
-22.13
-6.39
29.51
-22.60
-7.03
29.48
-23.11
-11.49
29.49
-22.48
-7.50
29.37
-23.69
-11.41
29.54
-23.40
-7.90
29.29
-24.27
-11.25
29.63
-24.23
-8.31
29.28
-24.74
-8.85
29.44
-25.02
-9.55
29.52
-25.16
-10.29
29.60
-25.09
-10.92
29.74
-24.86
-15.96
29.98
0.04
-16.63
30.11
0.12
-17.40
30.15
0.13
-18.10
30.08
0.02
-18.58
29.91
-0.19
-14.01
30.08
-1.05
-14.66
30.40
-0.82
-15.60
30.48
-0.39
-16.55
30.74
-0.27
-17.39
30.80
-0.25
-18.14
30.70
-0.40
-18.77
30.38
-0.78
-12.86
30.13
-1.93
-13.56
30.42
-1.57
-14.23
30.77
-1.30
-19.15
30.43
-1.65
-11.84
30.16
-2.77
-12.49
30.54
-2.47
-13.18
30.84
-2.10
-19.33
30.45
-2.56
-10.16
29.95
-4.18
-10.70
30.35
-3.88
-11.47
30.52
-3.29
-12.06
30.87
-3.01
-19.39
30.47
-3.51
-9.83
30.18
-4.68
-10.31
30.75
-4.53
-19.37
30.49
-4.47
-8.93
30.18
-5.89
-9.46
30.60
-5.42
-10.00
30.99
-5.02
-19.29
30.51
-5.39
-8.69
30.59
-6.58
-9.13
30.93
-6.08
-19.11
30.54
-6.23
-8.02
30.73
-7.98
-8.22
30.60
-7.51
-17.94
30.10
-7.99
-18.36
30.48
-7.63
-18.82
30.54
-6.96
-7.76
30.45
-8.36
-7.95
30.31
-7.90
-17.03
30.30
-9.11
-17.59
30.42
-8.49
-18.05
30.82
-8.11
-7.00
30.43
-9.84
-7.38
30.48
-9.13
-16.69
30.42
-9.77
-6.64
30.43
-10.53
-16.43
30.56
-10.54
-6.03
30.45
-11.97
-6.31
30.45
-11.25
-15.80
30.20
-11.85
-16.16
30.65
-11.42
-5.82
30.48
-12.75
-15.72
30.48
-12.59
-16.05
30.89
-12.17
-5.67
30.51
-13.62
-15.49
30.53
-13.48
-5.55
30.58
-14.55
-5.59
30.85
-14.81
-15.26
30.62
-14.31
-5.12
30.40
-15.99
-5.39
30.56
-15.27
-5.53
30.84
-15.07
-13.17
29.74
-16.29
-13.66
30.01
-16.06
-14.36
30.45
-15.73
-14.94
30.68
-15.08
-4.89
30.42
-16.70
-13.05
29.94
-16.83
-13.60
30.36
-16.74
-14.16
30.76
-16.57
-4.65
30.50
-17.53
-12.93
30.14
-17.60
-13.55
30.68
-17.56
-14.03
30.96
-17.20
-4.22
30.16
-19.02
-4.39
30.49
-18.51
-12.77
30.28
-18.48
-13.29
30.77
-18.43
-4.19
30.37
-19.53
-4.28
30.75
-19.15
-12.13
29.98
-19.89
-12.61
30.43
-19.52
-13.12
30.85
-19.15
-4.24
30.36
-20.16
-4.46
30.54
-20.65
-12.04
30.02
-20.64
-12.49
30.56
-20.58
-4.86
30.53
-21.28
-5.27
30.88
-21.67
-11.96
30.06
-21.55
-12.40
30.63
-21.54
-5.20
30.17
-21.71
-5.69
30.52
-22.04
-6.48
30.53
-22.54
-7.27
30.56
-23.08
-7.77
31.03
-23.32
-11.90
30.10
-22.50
-12.33
30.68
-22.51
-7.72
30.21
-23.68
-8.06
30.87
-23.74
-11.82
30.17
-23.45
-12.27
30.74
-23.47
-8.08
30.03
-24.23
-8.41
30.67
-24.27
-11.67
30.33
-24.36
-12.17
30.85
-24.40
-8.38
29.90
-24.62
-8.85
30.35
-24.78
-9.64
30.45
-25.10
-10.46
30.54
-25.24
-11.39
30.71
-25.25
-12.06
31.05
-25.24
-11.85
31.16
-25.91
-12.09
31.26
-25.89
-11.98
31.22
-26.21
-12.08
31.25
-26.21
-14.92
31.11
-1.07
-15.63
31.43
-0.90
-16.56
31.49
-0.65
-17.40
31.51
-0.60
-18.12
31.45
-0.75
-18.69
31.35
-1.12
-13.85
31.15
-1.79
-14.50
31.48
-1.54
-15.16
31.78
-1.32
-19.05
31.35
-1.78
-12.80
31.43
-2.77
-13.51
31.54
-2.29
-14.15
31.86
-2.03
-19.24
31.38
-2.61
-11.00
31.09
-4.06
-11.57
31.41
-3.77
-12.24
31.53
-3.28
-19.32
31.41
-3.53
-10.75
31.48
-4.55
-11.28
31.79
-4.27
-19.34
31.45
-4.48
-9.73
31.53
-5.67
-10.26
31.60
-5.14
-19.29
31.46
-5.42
-8.84
31.51
-6.89
-9.29
31.59
-6.26
-19.15
31.47
-6.29
-8.09
31.15
-8.08
-8.39
31.50
-7.72
-18.54
31.40
-7.68
-18.89
31.46
-7.07
-7.88
31.21
-8.54
-8.13
31.81
-8.44
-17.20
30.96
-9.24
-17.63
31.43
-8.90
-18.16
31.53
-8.23
-7.11
31.26
-9.96
-7.55
31.42
-9.29
-7.89
31.96
-9.01
-16.98
31.11
-9.78
-17.31
31.76
-9.67
-6.77
31.31
-10.62
-16.76
31.30
-10.52
-17.08
31.93
-10.38
-6.12
31.34
-12.01
-6.43
31.40
-11.34
-16.59
31.61
-11.44
-16.92
32.05
-10.97
-5.91
31.41
-12.76
-15.94
31.07
-12.90
-16.26
31.57
-12.52
-5.74
31.43
-13.63
-15.80
31.17
-13.57
-16.11
31.81
-13.47
-5.59
31.39
-14.60
-5.60
31.12
-14.84
-15.60
31.32
-14.42
-15.94
31.95
-14.29
-5.15
30.98
-16.02
-5.37
31.38
-15.47
-5.53
31.12
-15.12
-14.79
31.10
-15.94
-15.34
31.58
-15.45
-15.78
32.05
-14.95
-4.97
31.16
-16.61
-5.11
31.74
-16.35
-14.62
31.28
-16.63
-15.09
31.86
-16.51
-4.78
31.50
-17.39
-4.95
31.85
-16.89
-13.90
31.13
-17.87
-14.36
31.44
-17.50
-14.88
32.03
-17.36
-4.54
31.46
-18.45
-13.76
31.27
-18.56
-14.34
31.87
-18.46
-14.76
32.18
-18.00
-4.25
30.88
-19.68
-4.41
31.38
-19.41
-13.01
30.96
-19.88
-13.49
31.34
-19.51
-14.07
31.96
-19.43
-4.29
30.87
-20.07
-4.52
31.34
-20.31
-12.96
31.10
-20.64
-13.52
31.68
-20.55
-13.95
32.07
-20.18
-4.90
31.47
-21.07
-5.35
31.59
-21.60
-12.87
31.17
-21.56
-13.35
31.71
-21.56
-5.89
31.53
-22.02
-6.59
31.53
-22.41
-7.32
31.57
-22.80
-7.95
31.68
-23.19
-12.80
31.22
-22.52
-13.27
31.75
-22.52
-8.36
31.54
-23.70
-12.74
31.27
-23.48
-13.20
31.79
-23.47
-8.72
31.38
-24.24
-12.66
31.35
-24.40
-13.12
31.85
-24.38
-9.14
31.24
-24.70
-9.77
31.33
-25.02
-10.54
31.43
-25.30
-11.34
31.53
-25.58
-12.53
31.49
-25.23
-13.00
31.95
-25.17
-11.91
31.56
-25.98
-12.36
31.69
-25.91
-12.85
32.07
-25.71
-12.01
31.36
-26.23
-12.15
31.40
-26.21
-15.96
32.20
-1.17
-16.67
32.18
-0.97
-17.42
32.18
-0.93
-18.10
32.14
-1.04
-18.60
32.08
-1.33
-14.76
32.15
-1.79
-15.38
32.40
-1.59
-18.89
32.12
-1.88
-12.99
32.08
-3.05
-13.61
32.40
-2.79
-14.44
32.53
-2.28
-15.11
32.80
-2.05
-19.06
32.20
-2.65
-11.89
32.10
-3.96
-12.56
32.39
-3.62
-13.23
32.74
-3.33
-19.16
32.28
-3.54
-10.96
32.12
-4.80
-11.55
32.46
-4.53
-12.21
32.77
-4.22
-19.21
32.37
-4.50
-9.98
32.31
-5.89
-10.60
32.40
-5.34
-11.20
32.79
-5.11
-19.21
32.38
-5.45
-9.07
32.33
-7.04
-9.51
32.38
-6.47
-19.12
32.39
-6.36
-8.71
32.42
-7.74
-18.64
32.10
-7.73
-18.89
32.41
-7.25
-8.38
32.57
-8.50
-17.92
32.43
-8.95
-18.39
32.45
-8.23
-18.70
32.75
-7.79
-7.19
31.86
-10.14
-7.53
32.18
-9.79
-8.00
32.66
-9.31
-17.58
32.53
-9.67
-6.98
32.11
-10.67
-7.40
32.78
-10.42
-7.81
33.03
-9.93
-17.32
32.61
-10.40
-6.24
32.06
-12.07
-6.62
32.46
-11.53
-7.07
32.96
-11.07
-16.82
32.48
-11.77
-17.09
32.62
-11.10
-6.07
32.35
-12.72
-6.35
32.78
-12.26
-16.58
32.46
-12.61
-5.84
32.38
-13.63
-16.41
32.56
-13.48
-5.65
32.39
-14.56
-16.22
32.63
-14.31
-5.44
32.44
-15.48
-15.71
32.53
-15.76
-16.01
32.66
-15.07
-5.03
32.82
-16.97
-5.16
32.55
-16.42
-15.46
32.59
-16.59
-4.87
32.49
-17.49
-4.98
32.31
-16.94
-15.24
32.66
-17.42
-4.70
32.44
-18.47
-14.71
32.53
-18.81
-15.02
32.69
-18.19
-4.64
32.40
-19.40
-14.48
32.56
-19.61
-4.74
32.36
-20.25
-13.84
32.17
-20.91
-14.25
32.60
-20.56
-5.02
32.40
-20.95
-5.44
32.46
-21.50
-13.77
32.24
-21.64
-14.19
32.79
-21.56
-6.00
32.46
-21.92
-6.68
32.49
-22.26
-7.47
32.55
-22.57
-8.31
32.58
-23.00
-8.95
33.01
-23.14
-13.71
32.29
-22.54
-14.11
32.87
-22.52
-8.73
32.23
-23.63
-9.22
32.77
-23.64
-13.64
32.34
-23.47
-14.03
32.92
-23.46
-9.05
32.00
-24.20
-9.51
32.50
-24.22
-13.54
32.39
-24.37
-13.89
32.96
-24.35
-9.32
31.82
-24.60
-9.85
32.15
-24.77
-10.64
32.27
-25.16
-11.54
32.46
-25.57
-12.20
32.82
-25.80
-13.37
32.47
-25.18
-13.68
32.98
-25.12
-12.01
32.17
-25.93
-12.57
32.51
-26.03
-13.11
32.64
-25.84
-13.49
32.93
-25.60
-12.86
32.73
-26.26
-13.04
32.77
-26.20
-16.20
32.67
-1.35
-16.74
32.74
-1.29
-17.43
32.75
-1.29
-18.07
32.67
-1.38
-18.49
32.54
-1.49
-15.93
32.95
-1.72
-16.65
33.19
-1.73
-17.40
33.22
-1.79
-18.10
33.07
-1.90
-18.61
32.71
-1.94
-13.91
33.07
-3.07
-14.61
33.36
-2.82
-15.55
33.42
-2.35
-16.50
33.68
-2.31
-17.34
33.70
-2.42
-18.14
33.50
-2.69
-18.72
32.90
-2.67
-12.87
33.09
-3.91
-13.55
33.40
-3.62
-14.24
33.71
-3.37
-18.47
33.64
-3.50
-18.87
33.06
-3.54
-11.84
33.13
-4.84
-12.52
33.43
-4.53
-13.19
33.71
-4.21
-18.63
33.76
-4.17
-18.94
33.28
-4.51
-10.13
32.90
-6.13
-10.67
33.11
-5.82
-11.47
33.49
-5.47
-12.18
33.80
-5.17
-19.03
33.25
-5.49
-9.29
32.95
-7.15
-9.82
33.23
-6.74
-10.55
33.62
-6.37
-11.14
33.89
-6.10
-19.02
33.25
-6.39
-9.08
33.24
-7.74
-9.53
33.56
-7.36
-18.90
33.27
-7.20
-8.72
33.36
-8.53
-18.08
33.27
-9.03
-18.43
33.37
-8.39
-18.72
33.35
-7.83
-8.39
33.52
-9.33
-17.80
33.30
-9.71
-7.63
33.61
-10.66
-8.04
33.66
-10.04
-17.56
33.34
-10.48
-6.80
33.42
-11.85
-7.22
33.61
-11.29
-17.05
33.21
-11.94
-17.32
33.33
-11.27
-6.14
33.06
-12.97
-6.45
33.49
-12.59
-16.87
33.22
-12.69
-6.01
33.31
-13.66
-6.28
33.75
-13.26
-16.71
33.30
-13.52
-5.79
33.31
-14.57
-16.52
33.37
-14.39
-5.58
33.38
-15.49
-15.99
33.28
-15.94
-16.29
33.40
-15.24
-5.11
33.39
-17.02
-5.32
33.41
-16.38
-15.77
33.30
-16.69
-4.97
33.33
-17.68
-15.57
33.36
-17.55
-4.88
33.35
-18.52
-14.97
33.04
-18.99
-15.32
33.40
-18.53
-4.86
33.32
-19.41
-14.87
33.19
-19.65
-15.26
33.74
-19.46
-4.93
33.24
-20.22
-14.78
33.42
-20.57
-15.14
33.87
-20.18
-5.15
33.22
-20.86
-5.55
33.31
-21.35
-7.96
34.09
-22.07
-8.50
34.10
-22.20
-9.05
34.16
-22.37
-14.60
33.45
-21.56
-6.07
33.33
-21.77
-6.73
33.40
-22.05
-7.57
33.56
-22.23
-8.42
33.48
-22.55
-9.29
33.72
-22.85
-9.93
34.08
-23.05
-14.50
33.50
-22.51
-9.70
33.36
-23.58
-10.31
33.93
-23.64
-10.79
34.19
-23.97
-14.38
33.55
-23.45
-9.96
33.03
-24.20
-10.50
33.48
-24.30
-11.05
33.95
-24.47
-14.19
33.59
-24.34
-10.15
32.75
-24.64
-10.69
33.01
-24.84
-11.52
33.49
-25.14
-12.49
33.50
-25.64
-13.24
33.67
-25.59
-13.80
33.59
-25.18
-12.81
33.00
-26.04
-13.18
33.09
-25.93
-13.53
33.20
-25.63
-12.93
32.90
-26.27
-13.07
32.93
-26.23
-14.93
33.98
-3.15
-15.61
34.18
-3.01
-16.45
34.23
-2.88
-17.24
34.26
-3.07
-17.86
34.00
-3.12
-13.87
34.00
-3.94
-14.59
34.30
-3.71
-15.27
34.49
-3.47
-17.54
34.54
-3.72
-18.09
34.14
-3.70
-12.86
34.05
-4.85
-13.51
34.25
-4.52
-14.24
34.68
-4.43
-17.74
34.78
-4.42
-18.34
34.28
-4.52
-18.73
33.87
-4.87
-11.82
34.16
-5.82
-12.56
34.45
-5.52
-13.42
34.76
-5.17
-14.04
35.01
-4.99
-17.83
35.07
-5.05
-18.33
34.76
-5.50
-18.78
33.99
-5.58
-10.05
33.87
-7.07
-10.62
34.19
-6.86
-11.46
34.53
-6.50
-12.19
34.82
-6.19
-18.55
34.78
-6.52
-18.83
34.02
-6.44
-9.29
33.84
-7.99
-9.78
34.14
-7.67
-10.51
34.70
-7.54
-11.15
34.91
-7.18
-18.59
34.69
-7.45
-18.80
33.99
-7.25
-9.10
34.08
-8.60
-9.65
34.66
-8.47
-10.21
34.97
-8.17
-18.19
33.90
-9.07
-18.46
34.37
-8.48
-18.69
33.92
-7.87
-8.82
34.40
-9.42
-9.34
34.85
-9.13
-18.03
34.01
-9.72
-18.30
34.72
-9.56
-7.87
34.39
-10.88
-8.34
34.45
-10.22
-17.84
34.08
-10.57
-18.20
34.85
-10.55
-6.99
34.09
-12.03
-7.42
34.45
-11.62
-17.27
33.74
-12.07
-17.62
34.09
-11.59
-18.10
34.86
-11.52
-6.80
34.36
-12.67
-7.20
34.76
-12.28
-17.18
33.86
-12.70
-17.60
34.40
-12.54
-18.05
34.96
-12.41
-6.12
33.95
-13.94
-6.45
34.40
-13.58
-17.07
34.00
-13.55
-17.58
34.68
-13.50
-18.00
35.08
-13.13
-5.99
34.09
-14.62
-6.31
34.71
-14.47
-16.89
34.10
-14.48
-17.33
34.70
-14.43
-5.84
34.31
-15.56
-6.16
34.83
-15.18
-16.24
33.85
-16.07
-16.67
34.27
-15.57
-17.16
34.77
-15.17
-5.23
33.91
-17.10
-5.52
34.25
-16.63
-16.10
33.94
-16.72
-16.51
34.50
-16.60
-5.16
34.02
-17.69
-5.44
34.53
-17.50
-15.95
34.04
-17.56
-16.37
34.65
-17.51
-5.15
34.20
-18.52
-5.40
34.63
-18.18
-15.80
34.18
-18.49
-16.25
34.78
-18.39
-5.15
34.17
-19.46
-5.42
34.57
-19.81
-15.73
34.48
-19.49
-16.16
34.93
-19.11
-5.17
33.95
-20.24
-5.51
34.42
-20.41
-15.04
33.99
-20.91
-15.42
34.44
-20.54
-5.28
33.80
-20.77
-5.68
34.10
-21.08
-7.82
34.63
-21.80
-8.54
34.73
-21.94
-9.30
34.74
-22.20
-9.87
34.97
-22.37
-14.96
34.07
-21.63
-15.36
34.69
-21.55
-6.14
34.06
-21.59
-6.69
34.14
-21.82
-7.29
34.30
-21.89
-9.59
34.34
-22.56
-10.11
34.63
-22.77
-14.86
34.14
-22.52
-15.24
34.78
-22.50
-10.55
34.58
-23.33
-10.95
34.71
-23.81
-14.73
34.21
-23.42
-15.10
34.85
-23.40
-11.33
34.66
-24.43
-14.53
34.31
-24.27
-14.92
34.91
-24.20
-11.86
34.51
-25.04
-12.61
34.47
-25.42
-13.39
34.50
-25.43
-14.16
34.55
-25.03
-14.69
34.99
-24.76
-15.88
34.61
-3.33
-16.41
34.66
-3.31
-16.90
34.63
-3.35
-15.01
34.79
-4.00
-15.62
34.87
-3.79
-16.37
34.97
-3.81
-17.01
34.86
-3.81
-14.83
35.11
-4.56
-15.59
35.31
-4.48
-16.39
35.35
-4.45
-17.14
35.18
-4.46
-12.90
35.07
-5.92
-13.57
35.30
-5.68
-14.49
35.58
-5.36
-15.52
35.83
-5.18
-16.44
35.87
-5.13
-17.34
35.66
-5.25
-17.97
35.62
-5.89
-11.84
35.17
-6.86
-12.58
35.46
-6.57
-13.47
35.80
-6.25
-14.13
35.97
-5.98
-18.30
35.61
-6.68
-10.84
35.24
-7.85
-11.51
35.50
-7.52
-12.21
35.80
-7.23
-18.45
35.58
-7.55
-9.91
35.22
-8.82
-10.53
35.52
-8.51
-11.17
35.77
-8.17
-18.47
35.52
-8.51
-9.01
35.07
-9.83
-9.60
35.45
-9.50
-10.23
35.80
-9.20
-18.48
35.63
-9.52
-8.12
35.03
-11.04
-8.67
35.33
-10.57
-9.25
35.68
-10.19
-18.55
35.75
-10.60
-18.79
36.18
-11.09
-7.89
35.33
-11.69
-8.40
35.68
-11.27
-18.50
35.55
-11.56
-18.81
36.13
-11.70
-7.00
35.00
-12.95
-7.44
35.44
-12.60
-18.45
35.54
-12.48
-18.79
36.11
-12.47
-6.83
35.16
-13.62
-7.22
35.75
-13.48
-17.89
35.17
-13.85
-18.35
35.63
-13.50
-18.73
36.12
-13.15
-6.70
35.46
-14.53
-7.07
35.91
-14.17
-17.74
35.23
-14.57
-18.21
35.75
-14.51
-6.03
34.93
-15.91
-6.40
35.41
-15.55
-17.04
34.89
-15.90
-17.50
35.29
-15.51
-18.06
35.89
-15.40
-5.91
35.00
-16.65
-6.33
35.64
-16.57
-16.97
35.08
-16.63
-17.54
35.68
-16.53
-18.00
36.07
-16.13
-5.82
35.12
-17.56
-6.32
35.80
-17.57
-16.83
35.21
-17.52
-17.33
35.76
-17.50
-5.37
34.68
-18.77
-5.71
35.08
-18.53
-6.37
35.84
-18.68
-6.68
36.10
-19.16
-16.69
35.34
-18.44
-17.18
35.86
-18.38
-5.37
34.65
-19.25
-5.72
34.98
-19.52
-6.33
35.57
-19.58
-6.78
36.03
-19.71
-16.05
35.06
-19.85
-16.54
35.51
-19.47
-17.06
35.95
-19.11
-5.93
34.91
-20.37
-6.48
35.37
-20.40
-7.04
35.85
-20.46
-15.91
35.16
-20.59
-16.37
35.69
-20.45
-6.11
34.69
-21.05
-6.67
35.06
-21.11
-7.50
35.38
-21.30
-8.50
35.52
-21.67
-9.34
35.54
-21.98
-10.09
35.59
-22.30
-10.51
35.88
-22.49
-15.85
35.43
-21.55
-16.27
35.84
-21.18
-6.27
34.52
-21.46
-6.67
34.67
-21.55
-7.14
34.81
-21.61
-10.46
35.26
-22.74
-10.74
35.72
-22.88
-15.64
35.43
-22.53
-10.72
35.09
-23.17
-11.00
35.44
-23.55
-15.48
35.47
-23.44
-11.42
35.45
-24.38
-15.26
35.51
-24.28
-11.96
35.42
-25.08
-12.69
35.33
-25.49
-13.48
35.30
-25.58
-14.25
35.35
-25.37
-14.89
35.52
-24.98
-14.83
36.22
-5.82
-15.55
36.54
-5.80
-16.43
36.59
-5.70
-17.23
36.52
-5.82
-17.78
36.41
-6.19
-12.91
36.11
-6.99
-13.60
36.44
-6.80
-14.45
36.54
-6.32
-15.14
36.86
-6.23
-18.11
36.45
-6.81
-11.85
36.08
-7.88
-12.56
36.42
-7.62
-13.27
36.74
-7.36
-18.31
36.46
-7.61
-10.87
36.08
-8.86
-11.50
36.30
-8.50
-12.19
36.76
-8.38
-18.43
36.48
-8.50
-9.90
36.04
-9.87
-10.60
36.41
-9.59
-11.43
36.79
-9.21
-12.01
37.04
-8.94
-18.54
36.55
-9.43
-8.96
35.97
-10.89
-9.54
36.22
-10.52
-10.21
36.70
-10.43
-18.70
36.63
-10.33
-18.88
36.74
-11.03
-8.17
36.00
-11.97
-8.72
36.32
-11.60
-9.45
36.68
-11.22
-9.99
36.94
-11.01
-18.98
36.77
-11.74
-7.96
36.28
-12.67
-8.46
36.60
-12.29
-19.01
36.77
-12.57
-7.64
36.41
-13.57
-18.67
36.19
-13.86
-18.94
36.70
-13.51
-6.94
36.04
-14.89
-7.35
36.49
-14.53
-18.60
36.31
-14.57
-18.92
36.91
-14.47
-6.82
36.13
-15.61
-7.23
36.73
-15.52
-18.49
36.46
-15.44
-18.84
37.03
-15.32
-6.76
36.31
-16.52
-7.13
36.88
-16.40
-17.90
36.21
-16.86
-18.37
36.68
-16.46
-18.75
37.11
-15.99
-6.80
36.57
-17.52
-7.08
36.98
-17.11
-17.78
36.29
-17.58
-18.24
36.83
-17.51
-6.83
36.61
-18.61
-6.86
36.43
-19.13
-17.64
36.39
-18.46
-18.12
36.93
-18.40
-7.03
36.87
-19.21
-7.07
36.61
-19.65
-16.93
36.07
-19.84
-17.47
36.50
-19.47
-17.98
36.95
-19.13
-7.40
36.56
-20.41
-16.80
36.20
-20.57
-17.29
36.66
-20.44
-7.87
36.36
-21.07
-8.58
36.39
-21.55
-9.37
36.30
-21.93
-10.05
36.25
-22.22
-10.51
36.28
-22.49
-16.16
35.95
-21.90
-16.64
36.37
-21.54
-17.15
36.77
-21.17
-10.76
36.26
-22.94
-16.03
36.00
-22.63
-16.49
36.51
-22.58
-10.99
36.20
-23.63
-15.89
36.06
-23.51
-16.37
36.62
-23.52
-11.31
36.24
-24.46
-15.67
36.13
-24.43
-16.22
36.72
-24.47
-11.85
36.37
-25.38
-12.71
36.09
-25.81
-13.55
35.99
-25.95
-14.39
36.02
-25.83
-15.26
36.23
-25.42
-16.02
36.84
-25.42
-12.10
36.97
-26.13
-12.81
36.69
-26.35
-13.62
36.56
-26.50
-14.44
36.53
-26.48
-15.22
36.68
-26.35
-15.89
37.06
-26.30
-12.35
37.25
-26.57
-12.89
37.17
-26.80
-13.72
37.11
-27.09
-14.50
36.94
-27.09
-15.19
37.01
-27.04
-15.75
37.28
-26.99
-14.13
37.30
-27.47
-14.62
37.26
-27.51
-15.19
37.29
-27.48
-15.60
37.38
-27.40
-15.81
37.16
-6.17
-16.45
37.41
-6.17
-17.24
37.36
-6.26
-17.68
37.03
-6.40
-13.94
36.99
-7.10
-14.56
37.18
-6.84
-15.39
37.50
-6.62
-16.04
37.76
-6.49
-17.57
37.64
-6.64
-17.89
37.28
-6.89
-12.97
37.02
-7.93
-13.66
37.34
-7.70
-14.47
37.65
-7.38
-15.09
37.88
-7.16
-18.14
37.29
-7.65
-12.71
37.26
-8.49
-13.30
37.68
-8.45
-18.31
37.37
-8.50
-10.98
37.01
-10.01
-11.63
37.39
-9.83
-12.40
37.55
-9.22
-13.04
37.91
-9.03
-18.48
37.50
-9.41
-10.71
37.21
-10.61
-11.32
37.68
-10.62
-18.71
37.52
-10.30
-18.92
37.47
-11.01
-9.00
36.89
-12.00
-9.57
37.17
-11.78
-10.32
37.43
-11.38
-11.04
37.93
-11.36
-19.05
37.55
-11.74
-8.25
36.84
-12.98
-8.76
37.13
-12.66
-9.54
37.65
-12.55
-10.28
37.88
-12.14
-10.83
38.13
-11.95
-19.14
37.59
-12.59
-8.10
37.06
-13.65
-8.68
37.59
-13.53
-9.27
37.88
-13.24
-19.16
37.60
-13.52
-7.93
37.31
-14.57
-8.41
37.71
-14.23
-19.15
37.68
-14.46
-7.67
37.38
-15.54
-19.07
37.72
-15.36
-7.51
37.46
-16.46
-18.74
37.44
-16.80
-18.95
37.67
-16.17
-7.08
37.14
-17.82
-7.35
37.49
-17.40
-18.62
37.47
-17.60
-7.16
37.35
-18.55
-7.37
37.70
-18.13
-18.57
37.59
-18.51
-18.82
38.09
-18.85
-7.24
37.40
-19.39
-7.30
37.14
-19.83
-17.86
37.02
-19.85
-18.31
37.46
-19.50
-18.75
38.11
-19.53
-7.43
37.61
-19.93
-7.65
37.40
-20.45
-8.06
37.62
-21.04
-17.75
37.15
-20.57
-18.27
37.68
-20.45
-18.69
38.21
-20.30
-8.01
37.05
-21.05
-8.55
37.36
-21.64
-9.40
36.97
-22.14
-10.06
36.75
-22.39
-10.44
36.62
-22.55
-17.04
36.89
-21.89
-17.54
37.26
-21.51
-18.22
38.01
-21.41
-18.62
38.33
-20.92
-9.01
37.84
-22.55
-9.57
37.38
-22.76
-10.15
37.04
-22.89
-10.57
36.71
-22.96
-16.97
37.02
-22.62
-17.48
37.51
-22.51
-17.98
38.11
-22.44
-9.29
38.02
-23.47
-9.73
37.58
-23.55
-10.25
37.21
-23.61
-10.72
36.78
-23.64
-16.88
37.16
-23.51
-17.39
37.70
-23.43
-17.82
38.22
-23.28
-9.46
38.04
-24.32
-9.84
37.70
-24.36
-10.37
37.34
-24.41
-10.91
36.88
-24.46
-16.77
37.31
-24.46
-17.32
38.01
-24.39
-17.70
38.33
-23.91
-9.57
38.07
-24.99
-9.93
37.83
-25.04
-10.50
37.54
-25.15
-11.18
37.11
-25.29
-16.59
37.41
-25.41
-17.03
38.03
-25.38
-9.66
38.12
-25.35
-10.00
38.06
-25.47
-10.65
37.90
-25.70
-11.52
37.60
-26.05
-16.40
37.56
-26.26
-16.80
38.09
-26.17
-12.17
37.66
-26.62
-12.81
37.70
-26.97
-13.56
37.68
-27.30
-16.15
37.81
-26.98
-16.58
38.15
-26.69
-14.10
37.64
-27.59
-14.65
37.64
-27.69
-15.23
37.66
-27.66
-15.72
37.71
-27.47
-16.67
38.11
-6.48
-17.13
38.07
-6.52
-15.67
38.11
-6.96
-16.22
38.30
-6.81
-17.47
38.20
-6.96
-17.80
37.86
-7.14
-14.02
37.91
-8.05
-14.59
38.17
-7.87
-15.38
38.45
-7.57
-16.02
38.67
-7.35
-17.62
38.58
-7.69
-17.94
38.00
-7.71
-13.81
38.18
-8.62
-14.50
38.60
-8.55
-15.11
38.78
-8.23
-17.82
38.82
-8.41
-18.11
38.20
-8.50
-12.05
37.91
-10.11
-12.61
38.14
-9.83
-13.44
38.47
-9.44
-14.16
38.79
-9.18
-18.00
39.00
-8.99
-18.30
38.55
-9.43
-11.91
38.17
-10.69
-12.58
38.58
-10.56
-13.19
38.77
-10.19
-18.67
38.50
-10.50
-18.90
38.13
-11.05
-11.69
38.48
-11.50
-12.31
38.76
-11.21
-18.84
38.83
-11.20
-19.01
38.42
-11.68
-9.87
38.12
-12.96
-10.43
38.31
-12.69
-11.15
38.58
-12.35
-19.15
38.49
-12.59
-8.99
38.06
-13.93
-9.64
38.37
-13.66
-10.42
38.65
-13.31
-10.99
38.85
-13.04
-19.23
38.51
-13.54
-8.22
37.83
-14.93
-8.71
38.16
-14.63
-9.34
38.60
-14.54
-19.25
38.53
-14.50
-8.11
37.96
-15.64
-8.69
38.50
-15.58
-9.21
38.78
-15.22
-19.21
38.53
-15.47
-7.95
38.04
-16.52
-8.47
38.58
-16.54
-18.94
37.98
-16.96
-19.11
38.46
-16.53
-7.81
38.12
-17.45
-8.33
38.68
-17.44
-18.90
38.04
-17.57
-19.09
38.66
-17.53
-7.39
37.86
-18.80
-7.69
38.22
-18.43
-8.22
38.81
-18.31
-18.86
38.07
-18.19
-19.03
38.61
-18.50
-7.46
37.97
-19.39
-7.84
38.57
-19.42
-8.19
38.97
-18.99
-19.02
38.76
-19.44
-7.53
38.00
-19.93
-7.86
38.34
-20.46
-8.04
38.07
-21.03
-18.95
38.84
-20.26
-8.18
38.70
-21.31
-8.33
38.19
-21.58
-18.55
38.80
-21.69
-18.81
38.87
-20.99
-8.40
38.84
-21.84
-8.71
38.59
-22.35
-18.30
38.82
-22.51
-9.13
38.62
-23.44
-9.38
38.93
-23.85
-18.08
38.85
-23.29
-9.35
38.44
-24.34
-9.55
38.81
-24.45
-17.54
38.77
-24.67
-17.86
38.87
-24.00
-9.50
38.35
-25.00
-9.74
38.65
-25.07
-17.24
38.73
-25.46
-9.65
38.29
-25.37
-10.02
38.44
-25.52
-10.73
38.41
-25.85
-11.62
38.38
-26.27
-12.28
38.66
-26.55
-16.95
38.69
-26.18
-12.15
38.13
-26.66
-12.76
38.35
-26.90
-13.72
38.34
-27.28
-14.56
38.60
-27.41
-15.33
38.61
-27.40
-16.02
38.46
-27.19
-16.59
38.63
-26.74
-14.14
38.02
-27.59
-14.65
38.08
-27.66
-15.26
38.10
-27.64
-15.71
38.08
-27.52
-16.80
38.48
-6.64
-17.03
38.47
-6.66
-16.65
38.70
-7.02
-17.09
38.68
-7.06
-15.75
38.99
-7.97
-16.41
39.18
-7.81
-17.15
39.15
-7.83
-14.83
39.05
-8.90
-15.44
39.25
-8.62
-16.11
39.65
-8.61
-17.52
39.43
-8.54
-13.84
38.99
-9.86
-14.52
39.25
-9.57
-15.33
39.72
-9.48
-15.90
39.94
-9.22
-17.84
39.57
-9.17
-18.17
39.50
-9.79
-12.93
39.01
-10.90
-13.57
39.23
-10.57
-14.42
39.68
-10.46
-15.06
39.92
-10.16
-18.50
39.49
-10.60
-12.05
38.93
-11.88
-12.66
39.19
-11.60
-13.49
39.64
-11.48
-14.15
39.88
-11.17
-18.77
39.55
-11.44
-18.98
39.14
-11.89
-11.79
39.10
-12.55
-12.57
39.58
-12.53
-13.22
39.82
-12.20
-18.89
39.83
-12.08
-19.07
39.44
-12.59
-10.04
38.83
-14.06
-10.61
39.05
-13.86
-11.40
39.30
-13.46
-12.20
39.75
-13.42
-19.20
39.41
-13.58
-9.89
39.01
-14.69
-10.61
39.37
-14.63
-11.41
39.72
-14.45
-12.04
39.94
-14.12
-19.26
39.42
-14.53
-9.09
38.91
-15.91
-9.65
39.16
-15.57
-10.54
39.65
-15.56
-11.18
39.87
-15.20
-19.26
39.43
-15.51
-8.99
39.02
-16.61
-9.60
39.39
-16.53
-10.28
39.78
-16.52
-19.23
39.45
-16.51
-8.89
39.15
-17.46
-9.51
39.56
-17.42
-10.13
39.90
-17.37
-19.22
39.52
-17.50
-8.78
39.31
-18.33
-9.45
39.77
-18.31
-10.00
40.00
-18.04
-19.21
39.53
-18.48
-8.22
39.26
-19.82
-8.62
39.48
-19.20
-9.19
39.83
-18.99
-19.18
39.58
-19.41
-8.17
39.21
-20.55
-19.10
39.60
-20.26
-8.35
39.34
-21.31
-8.67
39.66
-21.68
-18.71
39.62
-21.78
-18.94
39.62
-21.03
-8.48
39.22
-21.83
-8.90
39.41
-22.31
-9.51
39.82
-22.82
-10.02
40.09
-23.11
-18.46
39.62
-22.55
-9.17
39.14
-23.13
-9.61
39.40
-23.59
-10.21
39.89
-23.68
-18.21
39.63
-23.32
-9.93
39.24
-24.42
-10.59
39.73
-24.45
-11.24
39.99
-24.74
-17.60
39.58
-24.75
-17.94
39.62
-24.04
-10.12
39.01
-25.08
-10.74
39.35
-25.18
-11.57
39.71
-25.35
-12.46
39.88
-25.74
-13.16
40.03
-25.97
-17.23
39.51
-25.49
-10.26
38.79
-25.49
-10.80
38.91
-25.67
-11.61
39.07
-25.95
-12.54
39.24
-26.33
-13.47
39.65
-26.44
-14.20
39.72
-26.64
-16.92
39.34
-26.16
-12.96
38.89
-26.77
-13.66
39.06
-26.92
-14.54
39.30
-27.01
-15.38
39.25
-27.10
-16.07
39.19
-26.97
-16.59
39.22
-26.66
-16.71
39.70
-8.29
-17.04
39.68
-8.28
-16.64
40.11
-8.90
-17.21
40.06
-8.86
-15.66
40.16
-9.88
-16.23
40.38
-9.64
-17.62
40.26
-9.46
-18.00
40.30
-10.03
-14.79
40.11
-10.86
-15.39
40.34
-10.56
-16.06
40.75
-10.48
-18.31
40.34
-10.72
-13.87
40.05
-11.88
-14.53
40.29
-11.58
-15.33
40.73
-11.46
-15.90
40.96
-11.15
-18.56
40.39
-11.49
-12.99
39.98
-12.90
-13.61
40.20
-12.60
-14.47
40.65
-12.54
-15.10
40.88
-12.19
-18.76
40.44
-12.26
-18.97
40.26
-12.88
-12.80
40.14
-13.58
-13.50
40.49
-13.51
-14.19
40.83
-13.43
-19.09
40.24
-13.68
-11.84
40.10
-14.84
-12.52
40.33
-14.49
-13.41
40.77
-14.42
-14.04
40.98
-14.11
-19.17
40.26
-14.57
-11.01
40.01
-15.92
-11.61
40.23
-15.60
-12.50
40.67
-15.52
-13.17
40.90
-15.17
-19.20
40.30
-15.52
-10.89
40.13
-16.61
-11.56
40.47
-16.54
-12.24
40.81
-16.46
-19.21
40.35
-16.50
-10.74
40.27
-17.48
-11.51
40.69
-17.50
-12.09
40.92
-17.17
-19.22
40.43
-17.50
-9.81
40.11
-18.73
-10.42
40.34
-18.41
-11.21
40.75
-18.45
-19.23
40.42
-18.48
-8.47
39.69
-20.08
-8.88
39.93
-19.83
-9.56
40.21
-19.43
-10.35
40.56
-19.31
-11.05
40.89
-19.29
-19.21
40.43
-19.40
-8.48
39.77
-20.59
-9.02
40.22
-20.59
-9.66
40.53
-20.23
-10.36
40.79
-20.05
-10.94
41.00
-19.92
-19.13
40.43
-20.25
-8.53
39.79
-21.10
-8.96
40.15
-21.40
-9.43
40.45
-21.71
-18.75
40.48
-21.77
-18.98
40.45
-21.03
-9.12
39.99
-22.00
-9.66
40.32
-22.27
-10.38
40.54
-22.82
-11.01
40.91
-22.97
-18.50
40.50
-22.55
-10.69
40.36
-23.55
-11.29
40.79
-23.57
-18.22
40.49
-23.31
-10.95
40.20
-24.13
-11.60
40.51
-24.37
-12.26
40.76
-24.66
-17.50
40.44
-24.70
-17.91
40.46
-24.02
-11.92
40.24
-24.99
-12.62
40.50
-25.21
-13.57
40.54
-25.66
-14.54
40.72
-25.81
-15.42
40.79
-25.84
-16.22
40.70
-25.74
-16.95
40.38
-25.45
-13.87
40.13
-26.18
-14.59
40.14
-26.38
-15.43
40.26
-26.35
-16.15
40.18
-26.27
-16.69
39.91
-26.15
-14.87
39.77
-26.76
-15.47
39.79
-26.77
-16.10
39.74
-26.70
-16.52
39.65
-26.56
-16.88
40.56
-9.31
-17.17
40.58
-9.31
-16.80
40.82
-9.83
-17.37
40.94
-9.90
-17.83
40.96
-10.27
-16.68
41.20
-10.64
-17.17
41.30
-10.42
-18.09
41.02
-10.85
-15.70
41.12
-11.86
-16.28
41.35
-11.56
-18.30
41.10
-11.64
-14.90
41.03
-12.90
-15.47
41.24
-12.59
-16.16
41.61
-12.52
-18.52
41.17
-12.63
-18.83
40.82
-13.06
-14.76
41.19
-13.57
-15.42
41.52
-13.49
-16.07
41.85
-13.41
-18.56
41.52
-13.65
-18.90
40.93
-13.73
-13.84
41.13
-14.82
-14.49
41.35
-14.47
-15.36
41.80
-14.42
-15.97
42.02
-14.12
-18.67
41.67
-14.58
-18.97
41.01
-14.59
-12.97
41.04
-15.90
-13.60
41.27
-15.58
-14.45
41.67
-15.46
-15.10
41.90
-15.16
-18.75
41.77
-15.51
-19.03
41.08
-15.52
-12.83
41.17
-16.61
-13.60
41.56
-16.58
-14.22
41.78
-16.22
-18.82
41.85
-16.42
-19.06
41.18
-16.48
-11.96
41.01
-17.87
-12.54
41.24
-17.54
-13.33
41.65
-17.56
-18.89
41.90
-17.15
-19.07
41.36
-17.50
-11.84
41.10
-18.57
-12.50
41.41
-18.51
-13.21
41.76
-18.50
-19.14
41.27
-18.50
-11.68
41.21
-19.42
-12.41
41.55
-19.42
-13.13
41.87
-19.40
-19.14
41.25
-19.41
-9.33
40.56
-20.89
-9.80
40.75
-20.82
-10.53
41.01
-20.68
-11.41
41.30
-20.37
-12.32
41.70
-20.30
-13.04
42.01
-20.22
-19.07
41.23
-20.24
-9.31
40.54
-21.25
-9.79
40.75
-21.45
-10.60
41.09
-21.46
-11.58
41.54
-21.48
-12.41
41.92
-21.11
-12.99
42.14
-20.85
-18.70
41.36
-21.66
-18.93
41.24
-20.98
-9.98
40.71
-21.97
-10.58
40.95
-22.19
-11.41
41.35
-22.51
-18.41
41.39
-22.47
-11.90
41.37
-23.39
-12.61
41.70
-23.74
-13.15
41.92
-23.97
-18.12
41.36
-23.26
-12.02
41.05
-24.05
-12.62
41.25
-24.37
-13.32
41.64
-24.44
-17.37
41.29
-24.48
-17.81
41.28
-23.92
-12.96
41.02
-24.89
-13.69
41.28
-25.02
-14.59
41.33
-25.28
-15.44
41.38
-25.33
-16.22
41.33
-25.26
-16.87
41.23
-25.01
-17.54
41.36
-10.35
-17.76
41.34
-10.46
-17.01
41.55
-11.02
-17.41
41.56
-10.84
-17.82
41.45
-10.92
-16.89
41.70
-11.68
-17.43
41.78
-11.68
-17.91
41.60
-11.69
-16.81
41.91
-12.57
-17.42
42.01
-12.61
-18.00
41.78
-12.64
-16.69
42.15
-13.53
-17.38
42.33
-13.65
-18.04
42.13
-13.74
-15.77
42.15
-14.85
-16.46
42.38
-14.55
-17.10
42.53
-14.30
-18.28
42.24
-14.65
-14.85
42.00
-15.89
-15.48
42.22
-15.61
-16.24
42.58
-15.60
-18.40
42.36
-15.58
-14.06
41.89
-16.94
-14.63
42.08
-16.63
-15.41
42.41
-16.58
-16.14
42.75
-16.57
-18.51
42.46
-16.56
-13.98
41.98
-17.65
-14.65
42.26
-17.57
-15.37
42.56
-17.53
-16.07
42.87
-17.52
-18.69
42.43
-17.55
-18.94
41.95
-17.88
-13.91
42.08
-18.52
-14.62
42.37
-18.49
-15.34
42.67
-18.47
-16.01
42.97
-18.45
-18.71
42.58
-18.54
-18.97
41.97
-18.59
-13.84
42.19
-19.41
-14.57
42.49
-19.40
-15.31
42.78
-19.39
-15.96
43.06
-19.33
-18.70
42.60
-19.47
-18.96
41.97
-19.44
-13.73
42.32
-20.29
-14.51
42.63
-20.27
-15.32
42.94
-20.29
-15.91
43.14
-20.03
-18.65
42.52
-20.39
-18.92
41.93
-20.26
-12.12
41.93
-21.91
-12.77
42.26
-21.75
-13.52
42.46
-21.17
-14.41
42.77
-21.05
-15.06
42.97
-20.95
-18.54
42.24
-21.34
-18.84
41.84
-20.88
-12.09
41.88
-22.49
-12.70
42.27
-22.48
-18.20
42.25
-22.33
-12.25
41.84
-23.02
-12.85
42.18
-23.18
-13.61
42.32
-23.68
-14.48
42.58
-23.76
-15.15
42.71
-23.81
-17.43
42.45
-23.56
-17.85
42.18
-23.21
-13.89
42.02
-24.32
-14.63
42.26
-24.32
-15.48
42.45
-24.25
-16.33
42.35
-24.30
-17.12
42.11
-24.14
-17.64
41.90
-23.80
-14.08
41.75
-24.75
-14.68
41.85
-24.83
-15.47
41.93
-24.84
-16.22
41.89
-24.81
-16.78
41.78
-24.70
-17.57
42.58
-14.18
-17.86
42.51
-14.21
-16.92
42.70
-14.99
-17.40
42.73
-14.77
-17.90
42.62
-14.80
-16.86
42.86
-15.71
-17.44
42.96
-15.71
-17.97
42.80
-15.69
-16.80
43.04
-16.64
-17.47
43.24
-16.77
-18.06
43.05
-16.76
-16.70
43.18
-17.56
-17.27
43.42
-17.64
-18.30
43.07
-17.65
-16.62
43.27
-18.48
-17.16
43.52
-18.51
-18.37
43.14
-18.56
-16.53
43.35
-19.41
-17.07
43.58
-19.37
-18.37
43.16
-19.49
-15.73
43.20
-20.74
-16.41
43.42
-20.41
-16.97
43.61
-20.07
-18.30
43.12
-20.41
-13.21
42.58
-22.04
-13.75
42.74
-21.86
-14.54
42.95
-21.72
-15.43
43.17
-21.46
-16.32
43.45
-21.40
-18.16
43.03
-21.31
-13.21
42.61
-22.49
-13.81
42.81
-22.48
-14.59
42.99
-22.46
-15.50
43.17
-22.40
-16.49
43.36
-22.28
-17.23
43.27
-22.42
-17.83
43.01
-22.19
-13.24
42.55
-22.92
-13.78
42.68
-23.07
-14.57
42.86
-23.17
-15.49
42.96
-23.31
-16.40
43.05
-23.19
-17.16
42.89
-23.21
-17.66
42.75
-22.91
-15.80
42.77
-23.83
-16.39
42.76
-23.81
-16.93
42.64
-23.77
-17.71
43.47
-17.23
-17.94
43.40
-17.23
-17.67
43.56
-17.79
-18.00
43.45
-17.79
-17.62
43.63
-18.58
-18.02
43.51
-18.59
-17.53
43.67
-19.46
-17.98
43.53
-19.49
-16.91
43.64
-20.74
-17.36
43.68
-20.39
-17.89
43.53
-20.39
-16.90
43.65
-21.33
-17.37
43.67
-21.23
-17.81
43.49
-21.21
-16.93
43.60
-21.86
-17.33
43.57
-21.86
-17.69
43.44
-21.79