0
1
2
3
2
1
0
18
1
19
1
18
0
2
18
23
18
2
1
19
24
1
24
3
2
3
4
5
4
3
2
4
23
28
23
4
3
24
29
3
29
5
4
5
7
8
7
5
4
7
28
32
28
7
5
6
9
5
9
8
5
29
30
5
30
6
6
30
9
34
9
30
7
8
33
7
33
32
8
9
33
34
33
9
10
11
15
16
15
11
10
38
11
39
11
38
10
15
38
44
38
15
11
12
17
11
17
16
11
39
40
11
40
12
12
13
17
18
17
13
12
40
13
41
13
40
13
14
19
13
19
18
13
41
42
13
42
14
14
42
19
45
19
42
15
16
21
15
21
20
15
20
47
15
47
44
16
17
21
22
21
17
17
18
23
17
23
22
19
45
48
19
48
24
20
21
25
26
25
21
20
25
47
50
47
25
21
22
27
21
27
26
22
23
27
28
27
23
24
48
29
53
29
48
25
26
51
25
51
50
26
27
51
52
51
27
27
28
32
27
32
31
27
31
57
27
57
52
29
33
34
29
34
30
29
53
59
29
59
33
31
32
36
31
36
35
31
35
62
31
62
57
32
33
58
59
58
33
32
58
36
63
36
58
35
36
63
35
63
62
37
38
44
37
44
43
37
72
73
37
73
38
37
43
78
37
78
72
38
73
39
74
39
73
39
74
75
39
75
40
40
75
41
76
41
75
41
76
77
41
77
42
42
77
45
79
45
77
43
44
47
43
47
46
43
46
80
43
80
78
45
79
81
45
81
48
46
47
49
50
49
47
46
49
80
82
80
49
48
81
53
83
53
81
49
50
55
49
55
54
49
54
84
49
84
82
50
51
55
56
55
51
51
52
57
51
57
56
53
83
87
53
87
59
54
55
84
85
84
55
55
56
61
55
61
60
55
60
89
55
89
85
56
57
61
62
61
57
58
59
86
87
86
59
58
86
63
90
63
86
60
61
64
65
64
61
60
64
89
92
89
64
61
62
66
61
66
65
62
63
66
67
66
63
63
90
93
63
93
67
64
65
68
69
68
65
64
68
92
95
92
68
65
66
70
65
70
69
66
67
70
71
70
67
67
93
98
67
98
71
68
69
95
96
95
69
69
70
97
69
97
96
70
71
97
98
97
71
72
107
73
108
73
107
72
78
107
113
107
78
73
108
109
73
109
74
74
109
75
110
75
109
75
110
111
75
111
76
76
111
77
112
77
111
77
112
114
77
114
79
78
80
113
115
113
80
79
114
116
79
116
81
80
82
115
117
115
82
81
116
118
81
118
83
82
84
117
119
117
84
83
118
121
83
121
87
84
85
88
89
88
85
84
88
119
122
119
88
86
87
120
121
120
87
86
120
90
123
90
120
88
89
91
92
91
89
88
91
122
124
122
91
90
123
93
125
93
123
91
92
95
91
95
94
91
94
126
91
126
124
93
125
130
93
130
98
94
95
126
127
126
95
95
96
128
95
128
127
96
97
128
129
128
97
97
98
130
97
130
129
99
100
102
99
102
101
99
131
132
99
132
100
99
101
133
99
133
131
100
132
102
134
102
132
101
102
104
101
104
103
101
103
135
101
135
133
102
134
104
136
104
134
103
104
106
103
106
105
103
105
137
103
137
135
104
136
106
138
106
136
105
106
111
105
111
110
105
110
143
105
143
137
106
138
111
144
111
138
107
140
141
107
141
108
107
113
147
107
147
140
108
141
109
142
109
141
109
142
143
109
143
110
111
144
145
111
145
112
112
145
114
148
114
145
113
115
150
113
150
147
114
148
116
151
116
148
115
117
152
115
152
150
116
151
118
153
118
151
117
119
154
117
154
152
118
153
121
156
121
153
119
122
159
119
159
154
120
121
155
156
155
121
120
155
123
160
123
155
122
124
159
163
159
124
123
160
164
123
164
125
124
126
163
167
163
126
125
164
171
125
171
130
126
127
167
168
167
127
127
128
169
127
169
168
128
129
169
170
169
129
129
130
171
129
171
170
131
133
134
131
134
132
133
178
179
133
179
134
133
135
183
133
183
178
134
179
136
184
136
179
135
137
188
135
188
183
136
184
138
189
138
184
137
143
194
137
194
188
138
189
144
195
144
189
139
140
147
139
147
146
139
190
191
139
191
140
139
146
197
139
197
190
140
191
141
192
141
191
141
192
193
141
193
142
142
193
143
194
143
193
144
195
145
196
145
195
145
196
199
145
199
148
146
147
149
150
149
147
146
149
197
200
197
149
148
199
151
202
151
199
149
150
201
149
201
200
150
152
201
205
201
152
151
202
206
151
206
153
152
154
205
209
205
154
153
206
211
153
211
156
154
159
209
214
209
159
155
156
211
155
211
210
155
210
215
155
215
160
157
158
162
157
162
161
157
212
213
157
213
158
157
161
216
157
216
212
158
159
162
163
162
159
158
213
159
214
159
213
160
215
164
217
164
215
161
162
166
161
166
165
161
165
218
161
218
216
162
163
166
167
166
163
164
217
171
223
171
217
165
166
219
165
219
218
166
167
219
220
219
167
167
168
221
167
221
220
168
169
221
222
221
169
169
170
173
169
173
172
169
172
224
169
224
222
170
171
173
174
173
171
171
223
226
171
226
174
172
173
224
225
224
173
173
174
226
173
226
225
175
176
181
175
181
180
175
235
236
175
236
176
175
180
240
175
240
235
176
177
181
182
181
177
176
236
177
237
177
236
177
178
183
177
183
182
177
237
238
177
238
178
178
238
179
239
179
238
179
239
241
179
241
184
180
181
185
186
185
181
180
185
240
242
240
185
181
182
187
181
187
186
182
183
187
188
187
183
184
241
189
243
189
241
185
186
192
185
192
191
185
191
245
185
245
242
186
187
192
193
192
187
187
188
194
187
194
193
189
243
246
189
246
195
190
244
191
245
191
244
190
197
244
250
244
197
195
198
199
195
199
196
195
246
251
195
251
198
197
200
256
197
256
250
198
251
199
252
199
251
199
252
257
199
257
202
200
201
204
205
204
201
200
204
256
261
256
204
202
257
206
262
206
257
203
204
208
203
208
207
203
260
261
203
261
204
203
207
265
203
265
260
204
205
208
209
208
205
206
262
211
267
211
262
207
208
213
207
213
212
207
212
270
207
270
265
208
209
213
214
213
209
210
211
266
267
266
211
210
266
215
271
215
266
212
216
270
274
270
216
215
271
275
215
275
217
216
218
274
278
274
218
217
275
283
217
283
223
218
219
278
279
278
219
219
220
280
219
280
279
220
221
280
281
280
221
221
222
282
221
282
281
222
224
282
289
282
224
223
283
291
223
291
226
224
225
289
290
289
225
225
226
291
225
291
290
227
228
230
227
230
229
227
295
296
227
296
228
227
229
300
227
300
295
228
296
230
301
230
296
229
230
232
229
232
231
229
231
306
229
306
300
230
301
232
307
232
301
231
232
234
231
234
233
231
233
314
231
314
306
232
307
234
315
234
307
233
234
238
233
238
237
233
237
322
233
322
314
234
315
238
323
238
315
235
320
321
235
321
236
235
240
329
235
329
320
236
321
237
322
237
321
238
323
239
324
239
323
239
324
331
239
331
241
240
242
329
336
329
242
241
331
337
241
337
243
242
245
336
342
336
245
243
337
343
243
343
246
244
341
245
342
245
341
244
250
341
347
341
250
246
343
251
348
251
343
247
248
254
247
254
253
247
344
345
247
345
248
247
253
350
247
350
344
248
249
254
255
254
249
248
345
249
346
249
345
249
250
256
249
256
255
249
346
347
249
347
250
251
348
349
251
349
252
252
349
257
352
257
349
253
254
259
253
259
258
253
258
353
253
353
350
254
255
259
260
259
255
255
256
261
255
261
260
257
352
355
257
355
262
258
259
263
264
263
259
258
263
353
356
353
263
259
260
265
259
265
264
262
355
267
358
267
355
263
264
269
263
269
268
263
268
359
263
359
356
264
265
269
270
269
265
266
267
357
358
357
267
266
357
271
361
271
357
268
269
359
360
359
269
269
270
274
269
274
273
269
273
363
269
363
360
271
361
364
271
364
275
272
273
276
277
276
273
272
362
273
363
273
362
272
276
362
365
362
276
273
274
278
273
278
277
275
364
370
275
370
283
276
277
284
285
284
277
276
284
365
371
365
284
277
278
286
277
286
285
278
279
366
367
366
279
278
366
286
373
286
366
279
280
368
279
368
367
280
281
287
288
287
281
280
287
368
375
368
287
281
282
289
281
289
288
283
370
379
283
379
291
284
285
371
372
371
285
285
286
373
285
373
372
287
288
376
287
376
375
288
289
376
377
376
289
289
290
378
289
378
377
290
291
378
379
378
291
292
293
297
298
297
293
292
380
293
381
293
380
292
297
380
385
380
297
293
294
299
293
299
298
293
381
382
293
382
294
294
295
299
300
299
295
294
382
295
383
295
382
295
383
384
295
384
296
296
384
301
389
301
384
297
298
304
297
304
303
297
303
392
297
392
385
298
299
304
305
304
299
299
300
306
299
306
305
301
389
396
301
396
307
302
303
310
311
310
303
302
391
303
392
303
391
302
310
391
399
391
310
303
304
312
303
312
311
304
305
312
313
312
305
305
306
314
305
314
313
307
396
400
307
400
315
308
309
316
317
316
309
308
397
309
398
309
397
308
316
397
401
397
316
309
310
318
309
318
317
309
398
399
309
399
310
310
311
318
319
318
311
311
312
320
311
320
319
312
313
320
321
320
313
313
314
322
313
322
321
315
400
402
315
402
323
316
317
325
326
325
317
316
325
401
403
401
325
317
318
327
317
327
326
318
319
327
328
327
319
319
320
329
319
329
328
323
330
331
323
331
324
323
402
404
323
404
330
325
326
333
325
333
332
325
332
407
325
407
403
326
327
333
334
333
327
327
328
335
327
335
334
328
329
335
336
335
329
330
404
331
405
331
404
331
405
408
331
408
337
332
333
338
339
338
333
332
338
407
410
407
338
333
334
340
333
340
339
334
335
340
341
340
335
335
336
342
335
342
341
337
408
411
337
411
343
338
339
344
345
344
339
338
344
410
413
410
344
339
340
346
339
346
345
340
341
346
347
346
341
343
411
414
343
414
348
344
350
413
416
413
350
348
351
349
352
349
351
348
414
351
417
351
414
350
353
416
419
416
353
351
354
355
351
355
352
351
417
420
351
420
354
353
356
423
353
423
419
354
357
355
358
355
357
354
420
357
424
357
420
356
359
423
427
423
359
357
424
428
357
428
361
359
360
363
359
363
362
359
362
431
359
431
427
361
428
432
361
432
364
362
365
431
435
431
365
364
432
370
440
370
432
365
371
442
365
442
435
366
367
373
374
373
367
367
368
375
367
375
374
369
378
379
369
379
370
369
370
440
369
440
439
369
439
449
369
449
378
371
372
443
371
443
442
372
373
443
444
443
373
373
374
445
373
445
444
374
375
445
446
445
375
375
376
447
375
447
446
376
377
447
448
447
377
377
378
449
377
449
448
380
460
381
461
381
460
380
385
460
462
460
385
381
386
387
381
387
382
381
461
463
381
463
386
382
387
383
388
383
387
383
388
389
383
389
384
385
392
467
385
467
462
386
393
387
394
387
393
386
463
393
468
393
463
387
394
395
387
395
388
388
395
389
396
389
395
390
391
398
399
398
391
390
465
391
466
391
465
390
398
465
473
465
398
391
466
467
391
467
392
393
468
469
393
469
394
394
469
395
470
395
469
395
470
471
395
471
396
396
471
400
477
400
471
397
472
473
397
473
398
397
401
478
397
478
472
400
477
402
479
402
477
401
403
480
401
480
478
402
479
404
481
404
479
403
407
484
403
484
480
404
481
405
482
405
481
405
482
486
405
486
408
406
407
409
410
409
407
406
483
407
484
407
483
406
409
483
487
483
409
408
486
411
489
411
486
409
410
413
409
413
412
409
412
490
409
490
487
411
489
492
411
492
414
412
413
415
416
415
413
412
415
490
493
490
415
414
492
417
495
417
492
415
416
419
415
419
418
415
418
496
415
496
493
417
495
497
417
497
420
418
419
422
423
422
419
418
422
496
500
496
422
420
497
424
501
424
497
421
422
426
421
426
425
421
499
500
421
500
422
421
425
503
421
503
499
422
423
426
427
426
423
424
501
428
504
428
501
425
426
430
425
430
429
425
429
506
425
506
503
426
427
430
431
430
427
428
504
432
507
432
504
429
430
434
429
434
433
429
433
508
429
508
506
430
431
434
435
434
431
432
507
440
514
440
507
433
434
509
433
509
508
434
435
441
442
441
435
434
441
509
517
509
441
436
446
437
447
437
446
436
437
510
511
510
437
436
510
446
520
446
510
437
447
448
437
448
438
437
438
512
437
512
511
438
448
439
449
439
448
438
439
512
513
512
439
439
440
514
439
514
513
441
442
518
441
518
517
442
443
450
451
450
443
442
450
518
524
518
450
443
444
452
443
452
451
444
445
452
453
452
445
445
446
454
445
454
453
446
520
454
526
454
520
450
451
455
456
455
451
450
455
524
528
524
455
451
452
457
451
457
456
452
453
457
458
457
453
453
454
459
453
459
458
454
526
459
532
459
526
455
456
529
455
529
528
456
457
529
530
529
457
457
458
531
457
531
530
458
459
531
532
531
459
460
533
461
534
461
533
460
462
533
535
533
462
461
534
536
461
536
463
462
467
535
541
535
467
463
536
542
463
542
468
464
465
472
473
472
465
464
538
465
539
465
538
464
472
538
544
538
472
465
539
540
465
540
466
466
540
467
541
467
540
468
474
469
475
469
474
468
542
474
546
474
542
469
475
476
469
476
470
470
476
471
477
471
476
472
478
544
551
544
478
474
546
475
547
475
546
475
547
548
475
548
476
476
548
477
549
477
548
477
549
552
477
552
479
478
480
551
554
551
480
479
552
555
479
555
481
480
484
554
558
554
484
481
485
486
481
486
482
481
555
559
481
559
485
483
557
558
483
558
484
483
487
562
483
562
557
485
488
489
485
489
486
485
559
563
485
563
488
487
490
567
487
567
562
488
491
489
492
489
491
488
563
491
568
491
563
490
493
567
572
567
493
491
494
495
491
495
492
491
568
573
491
573
494
493
496
578
493
578
572
494
573
495
574
495
573
495
574
580
495
580
497
496
500
578
584
578
500
497
580
586
497
586
501
498
499
502
503
502
499
498
582
499
583
499
582
498
502
582
588
582
502
499
583
584
499
584
500
501
586
590
501
590
504
502
503
505
506
505
503
502
505
588
592
588
505
504
590
507
595
507
590
505
506
593
505
593
592
506
508
593
598
593
508
507
595
604
507
604
514
508
509
516
517
516
509
508
516
598
607
598
516
510
511
600
601
600
511
510
600
520
609
520
600
511
512
602
511
602
601
512
513
602
603
602
513
513
514
604
513
604
603
515
516
522
515
522
521
515
606
607
515
607
516
515
521
611
515
611
606
516
517
522
523
522
517
517
518
524
517
524
523
519
525
526
519
526
520
519
520
609
519
609
608
519
608
617
519
617
525
521
522
612
521
612
611
522
523
612
613
612
523
523
524
528
523
528
527
523
527
618
523
618
613
525
531
532
525
532
526
525
617
622
525
622
531
527
528
619
527
619
618
528
529
619
620
619
529
529
530
621
529
621
620
530
531
621
622
621
531
533
535
536
533
536
534
535
541
542
535
542
536
537
538
544
537
544
543
537
623
624
537
624
538
537
543
628
537
628
623
538
624
539
625
539
624
539
625
626
539
626
540
540
626
541
627
541
626
541
545
546
541
546
542
541
627
629
541
629
545
543
544
551
543
551
550
543
550
634
543
634
628
545
629
630
545
630
546
546
630
547
631
547
630
547
631
632
547
632
548
548
632
549
633
549
632
549
633
638
549
638
552
550
551
553
554
553
551
550
553
634
639
634
553
552
638
555
643
555
638
553
554
558
553
558
557
553
557
645
553
645
639
555
643
646
555
646
559
556
557
561
562
561
557
556
644
557
645
557
644
556
561
644
648
644
561
559
646
649
559
649
563
560
561
565
566
565
561
560
647
561
648
561
647
560
565
647
652
647
565
561
562
567
561
567
566
563
649
653
563
653
568
564
565
569
570
569
565
564
651
565
652
565
651
564
569
651
655
651
569
565
566
571
565
571
570
566
567
571
572
571
567
568
653
573
656
573
653
569
570
576
569
576
575
569
575
658
569
658
655
570
571
576
577
576
571
571
572
578
571
578
577
573
579
580
573
580
574
573
656
659
573
659
579
575
576
582
575
582
581
575
581
661
575
661
658
576
577
582
583
582
577
577
578
584
577
584
583
579
585
586
579
586
580
579
659
662
579
662
585
581
582
588
581
588
587
581
587
664
581
664
661
585
589
590
585
590
586
585
662
665
585
665
589
587
588
592
587
592
591
587
591
666
587
666
664
589
594
595
589
595
590
589
665
669
589
669
594
591
592
597
591
597
596
591
596
670
591
670
666
592
593
597
598
597
593
594
603
595
604
595
603
594
669
603
675
603
669
596
597
605
606
605
597
596
605
670
676
670
605
597
598
607
597
607
606
599
608
609
599
609
600
599
600
672
599
672
671
599
671
677
599
677
608
600
601
672
673
672
601
601
602
674
601
674
673
602
603
674
675
674
603
605
606
611
605
611
610
605
610
678
605
678
676
608
677
617
685
617
677
610
611
678
679
678
611
611
612
680
611
680
679
612
613
680
681
680
613
613
618
619
613
619
614
613
614
682
613
682
681
614
619
615
620
615
619
614
615
682
683
682
615
615
620
621
615
621
616
615
616
684
615
684
683
616
621
617
622
617
621
616
617
684
685
684
617
623
695
696
623
696
624
623
628
701
623
701
695
624
696
625
697
625
696
625
697
698
625
698
626
626
698
627
699
627
698
627
699
702
627
702
629
628
634
701
705
701
634
629
702
703
629
703
630
630
635
631
636
631
635
630
703
635
706
635
703
631
636
637
631
637
632
632
637
633
638
633
637
634
639
705
708
705
639
635
640
641
635
641
636
635
706
709
635
709
640
636
641
637
642
637
641
637
642
643
637
643
638
639
645
716
639
716
708
640
709
641
710
641
709
641
710
711
641
711
642
642
711
643
712
643
711
643
712
720
643
720
646
644
715
645
716
645
715
644
648
715
723
715
648
646
720
649
725
649
720
647
722
723
647
723
648
647
652
728
647
728
722
649
725
730
649
730
653
650
651
654
655
654
651
650
726
651
727
651
726
650
654
726
731
726
654
651
727
728
651
728
652
653
730
734
653
734
656
654
655
657
658
657
655
654
657
731
735
731
657
656
734
659
737
659
734
657
658
661
657
661
660
657
660
741
657
741
735
659
737
743
659
743
662
660
661
663
664
663
661
660
663
741
747
741
663
662
743
665
751
665
743
663
664
748
663
748
747
664
666
748
756
748
666
665
751
759
665
759
669
666
670
756
764
756
670
667
673
674
667
674
668
667
668
758
667
758
757
667
757
767
667
767
673
668
674
669
675
669
674
668
669
758
759
758
669
670
676
764
772
764
676
671
672
766
671
766
765
671
765
773
671
773
677
672
673
766
767
766
673
676
678
772
778
772
678
677
773
785
677
785
685
678
679
778
779
778
679
679
680
780
679
780
779
680
681
780
781
780
681
681
682
782
681
782
781
682
683
782
783
782
683
683
684
784
683
784
783
684
685
784
785
784
685
686
687
688
689
688
687
686
786
687
787
687
786
686
688
786
788
786
688
687
787
789
687
789
689
688
689
690
691
690
689
688
690
788
790
788
690
689
789
791
689
791
691
690
691
692
693
692
691
690
692
790
792
790
692
691
791
793
691
793
693
692
693
698
699
698
693
692
698
792
799
792
698
693
793
800
693
800
699
694
695
700
701
700
695
694
795
695
796
695
795
694
700
795
803
795
700
695
796
797
695
797
696
696
797
697
798
697
797
697
798
799
697
799
698
699
800
804
699
804
702
700
701
704
705
704
701
700
704
803
808
803
704
702
804
703
805
703
804
703
805
810
703
810
706
704
705
707
708
707
705
704
707
808
813
808
707
706
810
709
815
709
810
707
708
716
707
716
715
707
715
818
707
818
813
709
717
718
709
718
710
709
815
819
709
819
717
710
718
711
719
711
718
711
719
720
711
720
712
713
714
722
713
722
721
713
816
817
713
817
714
713
721
822
713
822
816
714
715
722
723
722
715
714
817
715
818
715
817
717
819
820
717
820
718
718
820
719
821
719
820
719
724
725
719
725
720
719
821
823
719
823
724
721
722
728
721
728
727
721
727
826
721
826
822
724
729
725
730
725
729
724
823
729
827
729
823
726
731
727
732
727
731
727
732
832
727
832
826
729
733
734
729
734
730
729
827
833
729
833
733
731
831
832
731
832
732
731
735
837
731
837
831
733
736
737
733
737
734
733
833
838
733
838
736
735
741
842
735
842
837
736
742
737
743
737
742
736
838
742
843
742
838
738
739
744
745
744
739
738
839
739
840
739
839
738
744
839
844
839
744
739
740
746
739
746
745
739
840
841
739
841
740
740
741
746
747
746
741
740
841
741
842
741
841
742
750
743
751
743
750
742
843
750
846
750
843
744
745
752
753
752
745
744
752
844
847
844
752
745
746
754
745
754
753
746
747
754
755
754
747
747
748
756
747
756
755
749
757
758
749
758
750
749
750
846
749
846
845
749
845
848
749
848
757
750
758
751
759
751
758
752
753
760
761
760
753
752
760
847
849
847
760
753
754
762
753
762
761
754
755
762
763
762
755
755
756
764
755
764
763
757
848
852
757
852
767
760
761
768
769
768
761
760
768
849
853
849
768
761
762
770
761
770
769
762
763
770
771
770
763
763
764
772
763
772
771
765
766
851
765
851
850
765
850
855
765
855
773
766
767
851
852
851
767
768
769
774
775
774
769
768
774
853
857
853
774
769
770
776
769
776
775
770
771
776
777
776
771
771
772
778
771
778
777
773
855
868
773
868
785
774
775
857
858
857
775
775
776
859
775
859
858
776
777
859
860
859
777
777
778
861
777
861
860
778
779
861
862
861
779
779
780
863
779
863
862
780
781
863
864
863
781
781
782
865
781
865
864
782
783
865
866
865
783
783
784
867
783
867
866
784
785
867
868
867
785
786
869
787
870
787
869
786
788
869
871
869
788
787
870
872
787
872
789
788
790
871
873
871
790
789
872
874
789
874
791
790
792
873
875
873
792
791
874
876
791
876
793
792
799
875
882
875
799
793
876
883
793
883
800
794
795
802
803
802
795
794
877
795
878
795
877
794
802
877
885
877
802
795
878
879
795
879
796
796
879
797
880
797
879
797
880
881
797
881
798
798
881
799
882
799
881
800
883
804
886
804
883
801
802
807
801
807
806
801
884
885
801
885
802
801
806
888
801
888
884
802
803
807
808
807
803
804
809
805
810
805
809
804
886
809
889
809
886
806
807
811
812
811
807
806
811
888
891
888
811
807
808
813
807
813
812
809
814
815
809
815
810
809
889
892
809
892
814
811
812
817
811
817
816
811
816
895
811
895
891
812
813
817
818
817
813
814
892
815
893
815
892
815
893
897
815
897
819
816
822
895
901
895
822
819
897
898
819
898
820
820
898
821
899
821
898
821
899
905
821
905
823
822
826
901
908
901
826
823
905
912
823
912
827
824
825
830
831
830
825
824
906
825
907
825
906
824
830
906
915
906
830
825
826
832
825
832
831
825
907
908
825
908
826
827
912
918
827
918
833
828
829
834
835
834
829
828
913
829
914
829
913
828
834
913
919
913
834
829
830
836
829
836
835
829
914
915
829
915
830
830
831
836
837
836
831
833
918
922
833
922
838
834
835
839
840
839
835
834
839
919
923
919
839
835
836
841
835
841
840
836
837
841
842
841
837
838
922
843
926
843
922
839
844
927
839
927
923
843
926
930
843
930
846
844
847
927
931
927
847
845
846
930
845
930
929
845
929
933
845
933
848
847
849
934
847
934
931
848
933
852
936
852
933
849
853
937
849
937
934
850
851
855
856
855
851
851
852
936
851
936
935
851
935
940
851
940
856
853
857
941
853
941
937
854
867
855
868
855
867
854
855
938
939
938
855
854
938
867
951
867
938
855
856
940
855
940
939
857
858
942
857
942
941
858
859
942
943
942
859
859
860
944
859
944
943
860
861
944
945
944
861
861
862
946
861
946
945
862
863
946
947
946
863
863
864
948
863
948
947
864
865
948
949
948
865
865
866
950
865
950
949
866
867
950
951
950
867
869
871
872
869
872
870
871
873
874
871
874
872
873
875
876
873
876
874
875
952
953
875
953
876
875
882
960
875
960
952
876
953
883
961
883
953
877
955
956
877
956
878
877
885
963
877
963
955
878
956
879
957
879
956
879
957
958
879
958
880
880
958
881
959
881
958
881
959
960
881
960
882
883
961
965
883
965
886
884
962
885
963
885
962
884
888
962
967
962
888
886
965
889
968
889
965
887
888
891
887
891
890
887
966
967
887
967
888
887
890
969
887
969
966
889
968
970
889
970
892
890
891
894
895
894
891
890
894
969
971
969
894
892
896
893
897
893
896
892
970
896
972
896
970
894
895
900
901
900
895
894
900
971
973
971
900
896
902
897
903
897
902
896
972
902
974
902
972
897
903
904
897
904
898
898
904
899
905
899
904
900
901
907
908
907
901
900
907
973
978
973
907
902
909
903
910
903
909
902
974
909
979
909
974
903
910
911
903
911
904
904
911
905
912
905
911
906
977
907
978
907
977
906
915
977
983
977
915
909
979
980
909
980
910
910
916
911
917
911
916
910
980
916
984
916
980
911
917
918
911
918
912
913
981
982
913
982
914
913
919
985
913
985
981
914
982
915
983
915
982
916
920
917
921
917
920
916
984
920
986
920
984
917
921
922
917
922
918
919
923
987
919
987
985
920
924
921
925
921
924
920
986
924
988
924
986
921
925
926
921
926
922
923
927
989
923
989
987
924
928
925
929
925
928
924
988
928
990
928
988
925
929
930
925
930
926
927
931
991
927
991
989
928
932
929
933
929
932
928
990
932
992
932
990
931
934
993
931
993
991
932
935
933
936
933
935
932
992
935
994
935
992
934
937
993
995
993
937
935
994
1001
935
1001
940
937
941
1002
937
1002
995
938
939
999
1000
999
939
938
999
951
1012
951
999
939
940
1001
939
1001
1000
941
942
1003
941
1003
1002
942
943
1003
1004
1003
943
943
944
1005
943
1005
1004
944
945
1005
1006
1005
945
945
946
1007
945
1007
1006
946
947
1007
1008
1007
947
947
948
1009
947
1009
1008
948
949
1009
1010
1009
949
949
950
1011
949
1011
1010
950
951
1011
1012
1011
951
952
960
953
961
953
960
954
955
962
963
962
955
954
1017
955
1018
955
1017
954
962
1017
1024
1017
962
955
1018
1019
955
1019
956
956
1019
957
1020
957
1019
957
1020
1021
957
1021
958
958
1021
959
1022
959
1021
959
1022
1023
959
1023
960
960
964
961
965
961
964
960
1023
964
1025
964
1023
962
967
1024
1028
1024
967
964
1025
965
1026
965
1025
965
1026
1029
965
1029
968
966
1027
967
1028
967
1027
966
969
1027
1030
1027
969
968
1029
970
1031
970
1029
969
971
1034
969
1034
1030
970
1031
972
1035
972
1031
971
973
1039
971
1039
1034
972
1035
974
1040
974
1035
973
978
1044
973
1044
1039
974
1040
979
1045
979
1040
975
976
982
975
982
981
975
1041
1042
975
1042
976
975
981
1047
975
1047
1041
976
977
982
983
982
977
976
1042
977
1043
977
1042
977
1043
1044
977
1044
978
979
1045
1046
979
1046
980
980
1046
984
1048
984
1046
981
985
1049
981
1049
1047
984
1048
986
1050
986
1048
985
987
1051
985
1051
1049
986
1050
988
1054
988
1050
987
989
1055
987
1055
1051
988
1054
990
1058
990
1054
989
991
1059
989
1059
1055
990
1058
992
1062
992
1058
991
993
1063
991
1063
1059
992
1062
994
1070
994
1062
993
995
1071
993
1071
1063
994
1070
1001
1078
1001
1070
995
1002
1079
995
1079
1071
996
1009
997
1010
997
1009
996
997
1073
1074
1073
997
996
1073
1009
1086
1009
1073
997
1010
1011
997
1011
998
997
998
1075
997
1075
1074
998
1011
999
1012
999
1011
998
999
1075
1076
1075
999
999
1000
1077
999
1077
1076
1000
1001
1077
1078
1077
1001
1002
1003
1079
1080
1079
1003
1003
1004
1081
1003
1081
1080
1004
1005
1081
1082
1081
1005
1005
1006
1083
1005
1083
1082
1006
1007
1083
1084
1083
1007
1007
1008
1085
1007
1085
1084
1008
1009
1085
1086
1085
1009
1013
1014
1021
1013
1021
1020
1013
1087
1088
1013
1088
1014
1013
1020
1095
1013
1095
1087
1014
1015
1021
1022
1021
1015
1014
1088
1015
1089
1015
1088
1015
1016
1023
1015
1023
1022
1015
1089
1090
1015
1090
1016
1016
1090
1023
1097
1023
1090
1017
1092
1093
1017
1093
1018
1017
1024
1099
1017
1099
1092
1018
1093
1019
1094
1019
1093
1019
1094
1095
1019
1095
1020
1023
1097
1102
1023
1102
1025
1024
1028
1099
1105
1099
1028
1025
1102
1103
1025
1103
1026
1026
1103
1029
1106
1029
1103
1027
1104
1105
1027
1105
1028
1027
1030
1107
1027
1107
1104
1029
1106
1108
1029
1108
1031
1030
1034
1107
1111
1107
1034
1031
1108
1112
1031
1112
1035
1032
1033
1037
1038
1037
1033
1032
1109
1033
1110
1033
1109
1032
1037
1109
1114
1109
1037
1033
1034
1039
1033
1039
1038
1033
1110
1111
1033
1111
1034
1035
1112
1115
1035
1115
1040
1036
1037
1041
1042
1041
1037
1036
1113
1037
1114
1037
1113
1036
1041
1113
1116
1113
1041
1037
1038
1043
1037
1043
1042
1038
1039
1043
1044
1043
1039
1040
1115
1045
1117
1045
1115
1041
1047
1119
1041
1119
1116
1045
1117
1118
1045
1118
1046
1046
1118
1048
1122
1048
1118
1047
1049
1124
1047
1124
1119
1048
1122
1050
1127
1050
1122
1049
1051
1129
1049
1129
1124
1050
1127
1054
1132
1054
1127
1051
1055
1134
1051
1134
1129
1052
1056
1053
1057
1053
1056
1052
1053
1130
1131
1130
1053
1052
1130
1056
1135
1056
1130
1053
1057
1058
1053
1058
1054
1053
1054
1132
1053
1132
1131
1055
1059
1137
1055
1137
1134
1056
1060
1057
1061
1057
1060
1056
1135
1060
1138
1060
1135
1057
1061
1062
1057
1062
1058
1059
1063
1140
1059
1140
1137
1060
1138
1061
1139
1061
1138
1061
1069
1070
1061
1070
1062
1061
1139
1151
1061
1151
1069
1063
1071
1152
1063
1152
1140
1064
1072
1065
1073
1065
1072
1064
1065
1146
1147
1146
1065
1064
1146
1072
1158
1072
1146
1065
1073
1074
1065
1074
1066
1065
1066
1148
1065
1148
1147
1066
1074
1067
1075
1067
1074
1066
1067
1148
1149
1148
1067
1067
1075
1076
1067
1076
1068
1067
1068
1150
1067
1150
1149
1068
1076
1069
1077
1069
1076
1068
1069
1150
1151
1150
1069
1069
1077
1078
1069
1078
1070
1071
1079
1159
1071
1159
1152
1072
1085
1073
1086
1073
1085
1072
1158
1085
1165
1085
1158
1079
1080
1160
1079
1160
1159
1080
1081
1160
1161
1160
1081
1081
1082
1162
1081
1162
1161
1082
1083
1162
1163
1162
1083
1083
1084
1164
1083
1164
1163
1084
1085
1164
1165
1164
1085
1087
1095
1096
1087
1096
1088
1088
1166
1089
1167
1089
1166
1088
1096
1166
1172
1166
1096
1089
1167
1168
1089
1168
1090
1090
1091
1097
1098
1097
1091
1090
1168
1091
1169
1091
1168
1091
1169
1175
1091
1175
1098
1092
1099
1093
1100
1093
1099
1093
1100
1101
1093
1101
1094
1094
1170
1095
1171
1095
1170
1094
1101
1170
1178
1170
1101
1095
1171
1172
1095
1172
1096
1097
1098
1103
1097
1103
1102
1098
1175
1103
1183
1103
1175
1099
1176
1177
1099
1177
1100
1099
1105
1185
1099
1185
1176
1100
1177
1101
1178
1101
1177
1103
1183
1192
1103
1192
1106
1104
1184
1105
1185
1105
1184
1104
1107
1184
1193
1184
1107
1106
1192
1108
1201
1108
1192
1107
1111
1204
1107
1204
1193
1108
1201
1112
1208
1112
1201
1109
1202
1203
1109
1203
1110
1109
1114
1210
1109
1210
1202
1110
1203
1111
1204
1111
1203
1112
1208
1115
1215
1115
1208
1113
1209
1210
1113
1210
1114
1113
1116
1216
1113
1216
1209
1115
1215
1218
1115
1218
1117
1116
1119
1216
1220
1216
1119
1117
1121
1122
1117
1122
1118
1117
1218
1222
1117
1222
1121
1119
1124
1224
1119
1224
1220
1120
1125
1121
1126
1121
1125
1120
1121
1221
1222
1221
1121
1120
1221
1125
1225
1125
1221
1121
1126
1127
1121
1127
1122
1123
1124
1129
1123
1129
1128
1123
1223
1224
1123
1224
1124
1123
1128
1226
1123
1226
1223
1125
1130
1131
1125
1131
1126
1125
1225
1227
1125
1227
1130
1126
1131
1127
1132
1127
1131
1128
1129
1133
1134
1133
1129
1128
1133
1226
1228
1226
1133
1130
1227
1135
1229
1135
1227
1133
1134
1137
1133
1137
1136
1133
1136
1230
1133
1230
1228
1135
1229
1241
1135
1241
1138
1136
1137
1230
1231
1230
1137
1137
1140
1242
1137
1242
1231
1138
1150
1139
1151
1139
1150
1138
1241
1150
1252
1150
1241
1140
1152
1141
1153
1141
1152
1140
1141
1242
1243
1242
1141
1141
1153
1154
1141
1154
1142
1141
1142
1244
1141
1244
1243
1142
1154
1143
1155
1143
1154
1142
1143
1244
1245
1244
1143
1143
1155
1156
1143
1156
1144
1143
1144
1246
1143
1246
1245
1144
1156
1145
1157
1145
1156
1144
1145
1246
1247
1246
1145
1145
1157
1253
1145
1253
1247
1146
1147
1248
1249
1248
1147
1146
1248
1158
1254
1158
1248
1147
1148
1250
1147
1250
1249
1148
1149
1250
1251
1250
1149
1149
1150
1252
1149
1252
1251
1152
1159
1153
1160
1153
1159
1153
1160
1161
1153
1161
1154
1154
1161
1155
1162
1155
1161
1155
1162
1163
1155
1163
1156
1156
1163
1157
1164
1157
1163
1157
1164
1165
1157
1165
1158
1157
1158
1254
1157
1254
1253
1166
1172
1167
1173
1167
1172
1167
1173
1174
1167
1174
1168
1168
1174
1169
1175
1169
1174
1170
1178
1171
1179
1171
1178
1171
1179
1180
1171
1180
1172
1172
1180
1173
1181
1173
1180
1173
1181
1182
1173
1182
1174
1174
1182
1175
1183
1175
1182
1176
1185
1177
1186
1177
1185
1177
1186
1187
1177
1187
1178
1178
1187
1179
1188
1179
1187
1179
1188
1189
1179
1189
1180
1180
1189
1181
1190
1181
1189
1181
1190
1191
1181
1191
1182
1182
1191
1183
1192
1183
1191
1184
1193
1185
1194
1185
1193
1185
1194
1195
1185
1195
1186
1186
1195
1187
1196
1187
1195
1187
1196
1197
1187
1197
1188
1188
1197
1189
1198
1189
1197
1189
1198
1199
1189
1199
1190
1190
1199
1191
1200
1191
1199
1191
1200
1201
1191
1201
1192
1193
1255
1256
1193
1256
1194
1193
1204
1262
1193
1262
1255
1194
1256
1195
1257
1195
1256
1195
1257
1258
1195
1258
1196
1196
1258
1197
1259
1197
1258
1197
1259
1260
1197
1260
1198
1198
1205
1199
1206
1199
1205
1198
1260
1205
1263
1205
1260
1199
1206
1207
1199
1207
1200
1200
1207
1201
1208
1201
1207
1202
1210
1203
1211
1203
1210
1203
1261
1262
1203
1262
1204
1203
1211
1266
1203
1266
1261
1205
1212
1213
1205
1213
1206
1205
1263
1268
1205
1268
1212
1206
1213
1207
1214
1207
1213
1207
1214
1215
1207
1215
1208
1209
1264
1265
1209
1265
1210
1209
1216
1271
1209
1271
1264
1210
1265
1211
1266
1211
1265
1212
1268
1213
1269
1213
1268
1213
1269
1270
1213
1270
1214
1214
1217
1215
1218
1215
1217
1214
1270
1217
1274
1217
1270
1216
1220
1271
1276
1271
1220
1217
1221
1222
1217
1222
1218
1217
1274
1279
1217
1279
1221
1219
1220
1224
1219
1224
1223
1219
1275
1276
1219
1276
1220
1219
1223
1280
1219
1280
1275
1221
1279
1283
1221
1283
1225
1223
1226
1284
1223
1284
1280
1225
1283
1287
1225
1287
1227
1226
1228
1284
1288
1284
1228
1227
1287
1291
1227
1291
1229
1228
1230
1288
1292
1288
1230
1229
1291
1303
1229
1303
1241
1230
1231
1292
1293
1292
1231
1231
1242
1243
1231
1243
1232
1231
1232
1294
1231
1294
1293
1232
1243
1233
1244
1233
1243
1232
1233
1294
1295
1294
1233
1233
1244
1245
1233
1245
1234
1233
1234
1296
1233
1296
1295
1234
1245
1235
1246
1235
1245
1234
1235
1296
1297
1296
1235
1235
1246
1247
1235
1247
1236
1235
1236
1298
1235
1298
1297
1236
1247
1237
1248
1237
1247
1236
1237
1298
1299
1298
1237
1237
1248
1249
1237
1249
1238
1237
1238
1300
1237
1300
1299
1238
1249
1239
1250
1239
1249
1238
1239
1300
1301
1300
1239
1239
1250
1304
1239
1304
1301
1240
1251
1241
1252
1241
1251
1240
1241
1302
1303
1302
1241
1240
1302
1251
1305
1251
1302
1247
1253
1254
1247
1254
1248
1250
1251
1304
1305
1304
1251
1255
1310
1311
1255
1311
1256
1255
1262
1316
1255
1316
1310
1256
1311
1257
1312
1257
1311
1257
1312
1313
1257
1313
1258
1258
1313
1259
1314
1259
1313
1259
1314
1315
1259
1315
1260
1260
1315
1263
1320
1263
1315
1261
1266
1267
1261
1267
1262
1262
1267
1316
1324
1316
1267
1263
1320
1325
1263
1325
1268
1264
1321
1265
1322
1265
1321
1264
1271
1321
1326
1321
1271
1265
1322
1323
1265
1323
1266
1266
1323
1267
1324
1267
1323
1268
1272
1269
1273
1269
1272
1268
1325
1272
1328
1272
1325
1269
1273
1274
1269
1274
1270
1271
1276
1330
1271
1330
1326
1272
1277
1273
1278
1273
1277
1272
1328
1277
1334
1277
1328
1273
1278
1279
1273
1279
1274
1275
1329
1330
1275
1330
1276
1275
1280
1335
1275
1335
1329
1277
1281
1282
1277
1282
1278
1277
1334
1339
1277
1339
1281
1278
1282
1279
1283
1279
1282
1280
1284
1335
1340
1335
1284
1281
1285
1286
1281
1286
1282
1281
1339
1344
1281
1344
1285
1282
1286
1283
1287
1283
1286
1284
1288
1340
1345
1340
1288
1285
1289
1290
1285
1290
1286
1285
1344
1350
1285
1350
1289
1286
1290
1287
1291
1287
1290
1288
1292
1345
1351
1345
1292
1289
1301
1302
1289
1302
1290
1289
1350
1360
1289
1360
1301
1290
1302
1291
1303
1291
1302
1292
1293
1351
1352
1351
1293
1293
1294
1353
1293
1353
1352
1294
1295
1353
1354
1353
1295
1295
1296
1355
1295
1355
1354
1296
1297
1355
1356
1355
1297
1297
1298
1357
1297
1357
1356
1298
1299
1357
1358
1357
1299
1299
1300
1359
1299
1359
1358
1300
1301
1359
1360
1359
1301
1301
1304
1305
1301
1305
1302
1306
1307
1308
1309
1308
1307
1306
1363
1307
1364
1307
1363
1306
1308
1363
1365
1363
1308
1307
1364
1366
1307
1366
1309
1308
1309
1313
1314
1313
1309
1308
1313
1365
1368
1365
1313
1309
1366
1369
1309
1369
1314
1310
1316
1311
1317
1311
1316
1311
1317
1318
1311
1318
1312
1312
1367
1313
1368
1313
1367
1312
1318
1367
1372
1367
1318
1314
1319
1315
1320
1315
1319
1314
1369
1319
1373
1319
1369
1316
1370
1317
1371
1317
1370
1316
1324
1370
1377
1370
1324
1317
1371
1372
1317
1372
1318
1319
1373
1374
1319
1374
1320
1320
1374
1325
1379
1325
1374
1321
1326
1327
1321
1327
1322
1322
1375
1323
1376
1323
1375
1322
1327
1375
1380
1375
1327
1323
1376
1377
1323
1377
1324
1325
1379
1382
1325
1382
1328
1326
1330
1327
1331
1327
1330
1327
1331
1385
1327
1385
1380
1328
1382
1334
1388
1334
1382
1329
1383
1384
1329
1384
1330
1329
1335
1389
1329
1389
1383
1330
1384
1331
1385
1331
1384
1332
1337
1333
1338
1333
1337
1332
1333
1386
1387
1386
1333
1332
1386
1337
1393
1337
1386
1333
1338
1339
1333
1339
1334
1333
1334
1388
1333
1388
1387
1335
1340
1394
1335
1394
1389
1336
1341
1337
1342
1337
1341
1336
1337
1392
1393
1392
1337
1336
1392
1341
1396
1341
1392
1337
1342
1343
1337
1343
1338
1338
1343
1339
1344
1339
1343
1340
1345
1394
1397
1394
1345
1341
1347
1348
1341
1348
1342
1341
1396
1400
1341
1400
1347
1342
1348
1343
1349
1343
1348
1343
1349
1350
1343
1350
1344
1345
1351
1401
1345
1401
1397
1346
1356
1347
1357
1347
1356
1346
1347
1399
1400
1399
1347
1346
1399
1356
1406
1356
1399
1347
1357
1358
1347
1358
1348
1348
1358
1349
1359
1349
1358
1349
1359
1360
1349
1360
1350
1351
1352
1402
1351
1402
1401
1352
1353
1402
1403
1402
1353
1353
1354
1404
1353
1404
1403
1354
1355
1404
1405
1404
1355
1355
1356
1406
1355
1406
1405
1361
1362
1364
1361
1364
1363
1361
1407
1408
1361
1408
1362
1361
1363
1409
1361
1409
1407
1362
1408
1364
1410
1364
1408
1363
1365
1411
1363
1411
1409
1364
1410
1366
1412
1366
1410
1365
1368
1414
1365
1414
1411
1366
1412
1369
1415
1369
1412
1367
1413
1414
1367
1414
1368
1367
1372
1418
1367
1418
1413
1369
1415
1419
1369
1419
1373
1370
1416
1371
1417
1371
1416
1370
1377
1416
1422
1416
1377
1371
1417
1418
1371
1418
1372
1373
1378
1379
1373
1379
1374
1373
1419
1423
1373
1423
1378
1375
1420
1421
1375
1421
1376
1375
1380
1424
1375
1424
1420
1376
1421
1377
1422
1377
1421
1378
1381
1379
1382
1379
1381
1378
1423
1381
1426
1381
1423
1380
1385
1424
1427
1424
1385
1381
1387
1388
1381
1388
1382
1381
1426
1430
1381
1430
1387
1383
1389
1390
1383
1390
1384
1384
1390
1385
1391
1385
1390
1385
1391
1432
1385
1432
1427
1386
1387
1429
1430
1429
1387
1386
1429
1393
1434
1393
1429
1389
1394
1395
1389
1395
1390
1390
1431
1391
1432
1391
1431
1390
1395
1431
1435
1431
1395
1392
1393
1433
1434
1433
1393
1392
1433
1396
1437
1396
1433
1394
1397
1395
1398
1395
1397
1395
1398
1438
1395
1438
1435
1396
1437
1400
1441
1400
1437
1397
1401
1402
1397
1402
1398
1398
1402
1438
1442
1438
1402
1399
1400
1441
1399
1441
1440
1399
1440
1446
1399
1446
1406
1402
1403
1442
1443
1442
1403
1403
1404
1444
1403
1444
1443
1404
1405
1444
1445
1444
1405
1405
1406
1446
1405
1446
1445
1407
1409
1410
1407
1410
1408
1409
1411
1412
1409
1412
1410
1411
1447
1448
1411
1448
1412
1411
1414
1450
1411
1450
1447
1412
1448
1415
1451
1415
1448
1413
1449
1450
1413
1450
1414
1413
1418
1454
1413
1454
1449
1415
1451
1456
1415
1456
1419
1416
1452
1417
1453
1417
1452
1416
1422
1452
1458
1452
1422
1417
1453
1454
1417
1454
1418
1419
1456
1462
1419
1462
1423
1420
1424
1421
1425
1421
1424
1421
1457
1458
1421
1458
1422
1421
1425
1464
1421
1464
1457
1423
1462
1469
1423
1469
1426
1424
1463
1425
1464
1425
1463
1424
1427
1463
1470
1463
1427
1426
1469
1430
1476
1430
1469
1427
1432
1477
1427
1477
1470
1428
1433
1429
1434
1429
1433
1428
1429
1474
1475
1474
1429
1428
1474
1433
1481
1433
1474
1429
1430
1476
1429
1476
1475
1431
1435
1436
1431
1436
1432
1432
1436
1477
1482
1477
1436
1433
1481
1486
1433
1486
1437
1435
1438
1439
1435
1439
1436
1436
1439
1482
1487
1482
1439
1437
1486
1491
1437
1491
1441
1438
1442
1439
1443
1439
1442
1439
1443
1492
1439
1492
1487
1440
1441
1490
1491
1490
1441
1440
1490
1446
1495
1446
1490
1443
1444
1493
1443
1493
1492
1444
1445
1493
1494
1493
1445
1445
1446
1495
1445
1495
1494
1447
1450
1451
1447
1451
1448
1449
1454
1455
1449
1455
1450
1450
1455
1451
1456
1451
1455
1452
1458
1453
1459
1453
1458
1453
1459
1460
1453
1460
1454
1454
1460
1455
1461
1455
1460
1455
1461
1462
1455
1462
1456
1457
1464
1465
1457
1465
1458
1458
1465
1459
1466
1459
1465
1459
1466
1467
1459
1467
1460
1460
1467
1461
1468
1461
1467
1461
1468
1469
1461
1469
1462
1463
1470
1471
1463
1471
1464
1464
1471
1465
1472
1465
1471
1465
1472
1473
1465
1473
1466
1466
1473
1467
1474
1467
1473
1467
1474
1475
1467
1475
1468
1468
1475
1469
1476
1469
1475
1470
1477
1471
1478
1471
1477
1471
1478
1479
1471
1479
1472
1472
1479
1473
1480
1473
1479
1473
1480
1481
1473
1481
1474
1477
1482
1483
1477
1483
1478
1478
1483
1479
1484
1479
1483
1479
1484
1485
1479
1485
1480
1480
1485
1481
1486
1481
1485
1482
1487
1483
1488
1483
1487
1483
1488
1489
1483
1489
1484
1484
1489
1485
1490
1485
1489
1485
1490
1491
1485
1491
1486
1487
1492
1493
1487
1493
1488
1488
1493
1489
1494
1489
1493
1489
1494
1495
1489
1495
1490