-23.51
8.65
-31.98
-23.85
8.62
-31.93
-24.40
8.60
-31.90
-24.87
8.57
-31.94
-26.91
8.63
-32.01
-27.29
8.65
-32.07
-27.59
8.71
-32.16
-23.51
8.62
-32.14
-23.85
8.57
-32.18
-24.40
8.54
-32.21
-24.88
8.52
-32.17
-26.96
8.57
-32.21
-27.35
8.60
-32.28
-27.67
8.71
-32.32
-24.88
9.24
-31.38
-25.40
9.19
-31.45
-25.93
9.15
-31.51
-23.31
8.95
-31.93
-23.77
8.95
-31.72
-24.51
8.97
-31.60
-25.32
8.81
-31.82
-26.40
8.94
-31.85
-27.17
9.00
-31.96
-27.66
9.05
-32.20
-23.31
8.87
-32.27
-23.78
8.78
-32.48
-24.51
8.75
-32.63
-25.36
8.70
-32.40
-26.52
8.73
-32.41
-27.31
8.80
-32.59
-27.90
9.08
-32.61
-28.30
9.36
-32.91
-24.86
8.96
-33.04
-25.56
8.95
-33.03
-26.48
8.98
-33.04
-27.30
9.06
-33.10
-27.94
9.23
-33.11
-28.31
9.43
-33.15
-21.00
10.44
-31.50
-21.44
10.37
-31.44
-24.71
9.72
-31.24
-25.43
9.74
-31.29
-25.94
9.48
-31.40
-21.00
10.22
-31.90
-21.78
10.01
-31.78
-22.78
9.56
-31.80
-23.51
9.49
-31.50
-24.17
9.52
-31.35
-25.89
9.98
-31.38
-26.40
9.66
-31.59
-27.17
9.63
-31.88
-27.74
9.64
-32.20
-21.00
10.05
-32.58
-21.81
9.78
-32.54
-22.79
9.36
-32.56
-23.55
9.12
-32.88
-24.18
9.02
-32.99
-28.15
9.70
-32.63
-28.43
9.75
-33.01
-21.03
10.03
-33.32
-21.79
9.83
-33.31
-22.66
9.61
-33.36
-23.55
9.43
-33.47
-24.52
9.27
-33.46
-25.51
9.31
-33.60
-26.46
9.35
-33.63
-27.30
9.43
-33.63
-27.98
9.59
-33.58
-28.42
9.86
-33.46
-21.11
10.09
-33.92
-21.75
9.99
-34.02
-22.61
9.88
-34.10
-23.54
9.79
-34.17
-24.51
9.73
-34.20
-25.50
9.75
-34.24
-26.45
9.78
-34.22
-27.30
9.86
-34.17
-27.98
9.99
-34.08
-28.38
10.16
-33.96
-19.18
11.39
-31.48
-19.77
11.19
-31.40
-20.65
10.89
-31.34
-21.62
10.77
-31.18
-22.54
10.80
-31.07
-23.42
10.73
-31.05
-24.33
10.48
-31.12
-25.17
10.49
-31.23
-18.07
11.41
-32.18
-18.76
11.23
-31.94
-19.55
10.84
-31.93
-20.34
10.52
-31.90
-22.00
10.28
-31.39
-22.66
10.16
-31.34
-23.38
10.08
-31.24
-23.97
10.01
-31.20
-25.81
10.61
-31.41
-26.49
10.45
-31.66
-27.19
10.35
-31.94
-27.76
10.33
-32.29
-16.27
11.53
-33.32
-16.80
11.40
-33.12
-17.65
11.25
-32.78
-18.57
10.90
-32.71
-19.43
10.59
-32.67
-20.25
10.32
-32.63
-28.23
10.47
-32.80
-28.50
10.23
-33.12
-16.20
11.39
-33.76
-16.80
11.15
-33.75
-17.63
10.93
-33.64
-18.53
10.69
-33.58
-19.43
10.47
-33.54
-20.31
10.26
-33.47
-28.47
10.84
-33.30
-28.58
10.56
-33.61
-16.15
11.35
-34.29
-16.71
11.11
-34.57
-17.62
10.84
-34.53
-18.55
10.64
-34.51
-19.52
10.48
-34.49
-20.60
10.30
-34.43
-21.60
10.23
-34.72
-22.55
10.17
-34.85
-23.51
10.13
-34.90
-24.50
10.13
-34.93
-25.51
10.18
-34.93
-26.47
10.23
-34.83
-27.32
10.32
-34.73
-28.01
10.47
-34.58
-28.48
10.74
-34.33
-16.91
11.09
-35.45
-17.69
10.86
-35.44
-18.57
10.70
-35.47
-19.53
10.59
-35.50
-20.55
10.52
-35.53
-21.54
10.48
-35.59
-22.51
10.45
-35.68
-23.50
10.43
-35.70
-24.49
10.47
-35.71
-25.56
10.61
-35.76
-26.52
10.65
-35.48
-27.35
10.76
-35.32
-28.02
10.91
-35.15
-28.43
11.10
-34.96
-17.03
11.19
-36.23
-17.73
10.99
-36.30
-18.58
10.86
-36.42
-19.52
10.77
-36.48
-20.56
10.77
-36.60
-21.52
10.73
-36.46
-22.48
10.75
-36.61
-23.48
10.69
-36.52
-24.39
10.72
-36.51
-25.24
10.86
-36.56
-17.12
11.33
-36.80
-17.69
11.24
-37.04
-18.53
11.14
-37.38
-19.44
10.97
-37.38
-20.26
10.97
-37.45
-22.83
10.95
-37.34
-23.57
10.90
-37.26
-24.34
10.93
-37.24
-25.07
11.05
-37.27
-18.87
11.35
-38.15
-19.51
11.18
-38.11
-20.15
11.17
-38.15
-23.00
11.12
-37.86
-23.61
11.12
-37.89
-24.33
11.14
-37.88
-24.93
11.20
-37.82
-19.14
11.49
-38.59
-19.59
11.41
-38.63
-20.08
11.38
-38.62
-19.10
11.89
-31.28
-19.79
11.81
-31.11
-20.63
11.70
-31.01
-21.56
11.64
-30.94
-22.49
11.61
-30.91
-23.41
11.57
-30.96
-24.38
11.51
-31.11
-25.06
11.19
-31.26
-17.88
11.90
-31.97
-18.51
11.87
-31.62
-24.92
11.88
-31.31
-25.63
11.58
-31.55
-26.50
11.24
-31.85
-27.20
11.03
-32.12
-27.68
10.89
-32.37
-15.47
12.29
-33.38
-15.94
11.99
-33.20
-16.60
11.92
-32.77
-17.29
11.87
-32.39
-26.07
12.05
-31.93
-26.64
11.90
-32.18
-27.30
11.64
-32.47
-27.92
11.32
-32.83
-15.29
12.21
-33.81
-15.73
11.78
-33.81
-28.39
11.54
-33.55
-28.62
11.20
-33.88
-15.17
12.18
-34.34
-15.65
11.72
-34.62
-16.19
11.36
-34.90
-28.59
11.88
-34.18
-28.66
11.53
-34.52
-15.70
11.74
-35.52
-16.29
11.39
-35.54
-26.05
10.90
-36.16
-26.66
11.00
-36.06
-27.41
11.16
-35.93
-28.09
11.39
-35.74
-28.58
11.70
-35.38
-15.83
11.83
-36.29
-16.44
11.49
-36.29
-20.99
10.92
-37.09
-21.54
10.93
-37.07
-22.09
10.92
-37.08
-25.92
11.08
-36.71
-26.65
11.28
-36.71
-27.43
11.52
-36.65
-28.18
11.83
-36.51
-28.61
12.05
-36.13
-16.00
11.95
-36.88
-16.68
11.70
-37.06
-17.44
11.66
-37.61
-18.10
11.49
-37.81
-20.89
11.07
-37.63
-21.57
11.11
-37.66
-22.26
11.08
-37.60
-25.73
11.28
-37.43
-26.55
11.53
-37.49
-27.41
11.81
-37.46
-28.04
11.98
-37.19
-17.70
11.94
-38.14
-18.35
11.79
-38.38
-20.79
11.30
-38.29
-21.62
11.37
-38.34
-22.59
11.33
-38.29
-23.53
11.39
-38.47
-24.43
11.43
-38.45
-25.37
11.49
-38.23
-26.39
11.78
-38.34
-27.13
11.93
-38.13
-18.99
11.88
-38.87
-19.69
11.80
-39.04
-20.53
11.68
-38.97
-21.54
11.74
-39.07
-22.53
11.74
-39.11
-23.50
11.74
-39.17
-24.44
11.76
-39.15
-25.34
11.82
-39.04
-26.07
11.93
-38.98
-19.04
12.62
-31.17
-19.77
12.60
-30.99
-20.62
12.59
-30.91
-21.54
12.54
-30.88
-22.46
12.46
-30.88
-23.32
12.42
-30.95
-24.11
12.42
-31.12
-17.74
12.62
-31.81
-18.38
12.62
-31.47
-24.74
12.53
-31.38
-25.36
12.53
-31.70
-15.35
12.80
-33.29
-15.86
12.70
-32.90
-16.47
12.62
-32.52
-17.12
12.59
-32.17
-25.94
12.69
-32.10
-26.65
12.69
-32.55
-27.33
12.30
-32.81
-27.81
12.04
-33.08
-15.00
12.79
-33.86
-27.01
13.05
-32.96
-27.47
12.85
-33.22
-28.06
12.49
-33.65
-14.14
13.13
-35.15
-14.70
12.72
-34.71
-15.13
12.17
-34.96
-28.54
12.59
-34.48
-28.73
12.20
-34.84
-13.28
13.35
-36.23
-13.82
13.13
-35.81
-14.50
12.62
-35.64
-15.12
12.16
-35.62
-28.73
12.90
-35.12
-28.82
12.53
-35.52
-12.65
13.34
-37.09
-13.03
13.27
-36.79
-13.71
12.95
-36.57
-14.47
12.60
-36.46
-15.23
12.22
-36.41
-28.56
12.26
-36.87
-28.94
12.66
-36.50
-12.63
13.36
-37.39
-13.04
13.19
-37.30
-13.71
12.98
-37.24
-14.54
12.73
-37.22
-15.53
12.39
-37.24
-16.42
12.21
-37.61
-17.06
12.09
-37.89
-27.83
12.11
-37.89
-28.48
12.35
-37.62
-29.36
12.95
-37.58
-30.16
13.32
-38.08
-30.64
13.50
-38.34
-12.68
13.42
-37.66
-13.05
13.36
-37.73
-13.71
13.24
-37.80
-14.55
13.09
-37.87
-15.48
12.91
-37.98
-16.41
12.74
-38.21
-17.30
12.45
-38.40
-18.08
12.44
-38.81
-26.81
12.06
-38.83
-27.56
12.20
-38.60
-28.51
12.51
-38.59
-29.41
12.85
-38.57
-30.21
13.13
-38.73
-30.82
13.43
-38.82
-18.81
12.60
-39.34
-19.69
12.39
-39.54
-20.57
12.28
-39.67
-21.53
12.24
-39.81
-22.52
12.16
-39.88
-23.51
12.10
-39.90
-24.47
12.08
-39.88
-25.44
12.11
-39.77
-26.46
12.19
-39.54
-27.49
12.43
-39.57
-28.55
12.71
-39.64
-29.48
12.91
-39.44
-30.34
13.12
-39.54
-31.08
13.42
-39.53
-31.45
13.54
-39.86
-19.12
13.03
-39.82
-19.73
12.96
-40.04
-20.55
12.88
-40.29
-21.52
12.81
-40.60
-22.54
12.58
-40.66
-23.53
12.43
-40.68
-24.50
12.36
-40.66
-25.47
12.37
-40.60
-26.43
12.45
-40.52
-27.37
12.62
-40.51
-28.23
12.82
-40.56
-30.67
13.23
-40.06
-31.13
13.39
-40.09
-31.46
13.55
-40.15
-21.85
13.10
-41.23
-22.60
12.96
-41.51
-23.58
12.71
-41.48
-24.53
12.60
-41.47
-25.48
12.59
-41.45
-26.41
12.65
-41.42
-27.30
12.79
-41.41
-28.08
12.96
-41.39
-22.95
13.17
-42.29
-23.71
12.94
-42.26
-24.57
12.83
-42.26
-25.48
12.80
-42.26
-26.39
12.85
-42.26
-27.30
12.99
-42.29
-27.97
13.08
-42.06
-23.20
13.31
-42.85
-23.79
13.18
-42.92
-24.60
13.08
-42.98
-25.48
13.04
-43.01
-26.34
13.06
-42.98
-27.03
13.11
-42.92
-18.99
13.44
-31.17
-19.72
13.45
-31.02
-20.60
13.56
-30.99
-21.57
13.47
-31.00
-22.47
13.26
-30.99
-23.27
13.18
-31.06
-23.96
13.16
-31.22
-17.61
13.44
-31.76
-18.31
13.46
-31.44
-20.90
14.02
-31.11
-21.35
14.01
-31.15
-24.53
13.27
-31.51
-25.12
13.31
-31.85
-15.28
13.53
-33.21
-15.82
13.50
-32.74
-16.43
13.39
-32.37
-17.02
13.34
-32.06
-25.67
13.47
-32.27
-26.32
13.52
-32.71
-14.85
13.55
-33.79
-26.87
13.61
-33.12
-27.41
13.54
-33.50
-27.93
13.44
-33.97
-14.02
13.64
-35.02
-14.45
13.58
-34.48
-28.36
13.49
-34.62
-13.18
13.79
-36.16
-13.64
13.74
-35.60
-28.72
13.61
-35.36
-28.94
13.24
-35.77
-12.56
13.55
-37.10
-12.79
13.76
-36.80
-28.95
13.94
-35.92
-29.19
13.61
-36.39
-12.51
13.68
-37.44
-12.60
13.94
-37.24
-29.69
13.73
-37.20
-30.31
13.87
-37.76
-30.81
13.93
-38.23
-12.63
13.70
-37.79
-13.04
13.78
-38.04
-13.71
13.69
-38.25
-14.55
13.58
-38.41
-15.45
13.47
-38.57
-16.40
13.40
-38.81
-17.25
13.10
-38.91
-17.84
12.96
-39.09
-31.16
13.90
-38.78
-16.76
13.74
-39.24
-17.39
13.57
-39.37
-18.17
13.32
-39.56
-29.01
12.92
-40.13
-29.57
13.02
-40.06
-30.13
13.13
-40.04
-31.45
13.87
-39.42
-31.63
13.85
-39.92
-18.82
13.54
-40.07
-19.58
13.56
-40.47
-20.42
13.51
-40.85
-21.13
13.29
-41.01
-28.92
13.02
-40.72
-29.63
13.18
-40.71
-30.41
13.31
-40.57
-31.11
13.56
-40.63
-31.60
13.90
-40.49
-20.76
13.79
-41.38
-21.45
13.55
-41.61
-22.12
13.35
-41.88
-28.78
13.17
-41.53
-29.60
13.39
-41.55
-30.42
13.57
-41.43
-31.11
13.80
-41.37
-31.61
14.15
-41.32
-21.73
13.76
-42.24
-22.33
13.57
-42.52
-27.75
13.21
-42.74
-28.49
13.33
-42.46
-29.56
13.66
-42.55
-30.45
13.83
-42.25
-31.14
14.05
-42.09
-31.59
14.30
-41.96
-22.91
13.68
-43.28
-23.74
13.51
-43.52
-24.59
13.40
-43.65
-25.50
13.36
-43.72
-26.44
13.34
-43.65
-27.41
13.37
-43.42
-28.37
13.58
-43.42
-29.20
13.82
-43.43
-23.09
13.95
-43.94
-23.73
13.86
-44.14
-24.56
13.77
-44.32
-25.51
13.75
-44.51
-26.49
13.66
-44.39
-27.41
13.70
-44.30
-28.34
13.86
-44.32
-29.03
13.96
-44.09
-25.86
13.97
-45.05
-26.57
13.94
-45.05
-27.38
13.96
-45.01
-28.07
14.02
-44.95
-18.96
14.20
-31.26
-19.61
14.19
-31.14
-20.25
14.25
-31.15
-21.91
13.97
-31.18
-22.56
13.88
-31.21
-23.28
13.79
-31.27
-23.84
13.68
-31.35
-16.25
14.82
-32.34
-16.71
14.66
-32.11
-17.42
14.34
-31.84
-18.30
14.33
-31.53
-20.78
14.48
-31.29
-21.61
14.51
-31.42
-22.55
14.44
-31.51
-23.39
14.31
-31.60
-24.21
13.99
-31.70
-24.88
13.90
-31.98
-15.29
14.31
-33.17
-15.88
14.41
-32.64
-16.47
14.11
-32.25
-16.96
13.94
-32.02
-21.91
15.06
-31.78
-22.61
15.04
-31.88
-23.45
14.94
-32.01
-24.33
14.71
-32.19
-25.25
14.34
-32.46
-26.06
14.28
-32.92
-14.86
14.36
-33.77
-26.68
14.32
-33.36
-27.28
14.24
-33.76
-27.77
14.18
-34.17
-14.00
14.20
-34.99
-14.40
14.48
-34.53
-28.13
14.30
-34.71
-13.23
14.40
-36.15
-13.70
14.49
-35.51
-14.08
14.83
-35.07
-28.48
14.50
-35.37
-12.91
14.42
-36.78
-28.88
14.63
-35.98
-29.32
14.57
-36.53
-12.55
14.04
-37.63
-12.76
14.45
-37.49
-29.85
14.59
-37.12
-30.45
14.64
-37.64
-31.00
14.65
-38.17
-12.65
14.05
-37.92
-13.03
14.49
-38.27
-13.73
14.26
-38.67
-14.54
14.12
-38.90
-15.39
14.01
-39.06
-16.09
13.88
-39.14
-31.41
14.55
-38.77
-13.31
14.96
-38.99
-13.82
14.78
-39.23
-14.57
14.62
-39.43
-15.48
14.52
-39.65
-16.45
14.19
-39.60
-17.33
14.05
-39.79
-17.98
13.88
-39.92
-31.73
14.49
-39.49
-31.81
14.28
-39.94
-15.86
14.79
-40.15
-16.57
14.65
-40.22
-17.44
14.48
-40.35
-18.39
14.19
-40.46
-19.36
14.21
-40.94
-20.07
14.02
-41.15
-31.92
14.72
-39.94
-31.91
14.60
-40.43
-19.69
14.48
-41.47
-20.38
14.28
-41.74
-21.09
14.02
-41.97
-31.94
14.75
-41.42
-20.69
14.54
-42.54
-21.40
14.18
-42.62
-21.99
13.96
-42.89
-30.00
13.94
-43.04
-30.59
14.11
-42.93
-31.27
14.36
-42.77
-31.85
14.78
-42.45
-20.85
14.73
-43.19
-21.47
14.54
-43.51
-22.25
14.14
-43.51
-29.84
14.07
-43.67
-30.58
14.32
-43.68
-31.33
14.59
-43.61
-32.02
15.00
-43.58
-32.35
15.13
-43.98
-21.83
14.71
-44.36
-22.67
14.36
-44.35
-23.59
14.25
-44.75
-24.45
14.12
-44.93
-25.15
14.03
-45.01
-28.78
14.11
-44.78
-29.52
14.23
-44.51
-30.48
14.53
-44.51
-31.31
14.77
-44.37
-31.97
14.99
-44.26
-32.34
15.14
-44.31
-22.00
14.88
-45.01
-22.66
14.74
-45.18
-23.54
14.65
-45.55
-24.52
14.46
-45.63
-25.52
14.26
-45.57
-26.52
14.23
-45.71
-27.46
14.23
-45.68
-28.44
14.27
-45.47
-29.44
14.51
-45.46
-30.43
14.86
-45.45
-31.28
15.08
-45.03
-31.95
15.18
-44.70
-32.29
15.19
-44.58
-23.84
14.86
-46.21
-24.58
14.81
-46.44
-25.56
14.64
-46.44
-26.53
14.55
-46.46
-27.48
14.52
-46.44
-28.41
14.58
-46.37
-29.28
14.75
-46.34
-30.02
15.03
-46.33
-24.87
15.04
-47.06
-25.62
15.02
-47.22
-26.57
14.90
-47.17
-27.49
14.86
-47.14
-28.37
14.89
-47.09
-29.16
15.00
-47.03
-29.75
15.22
-46.99
-25.93
15.32
-47.71
-26.63
15.30
-47.71
-27.49
15.28
-47.68
-28.36
15.29
-47.60
-29.11
15.32
-47.48
-29.56
15.32
-47.37
-19.01
14.76
-31.39
-19.54
14.76
-31.33
-20.06
14.72
-31.31
-16.26
15.30
-32.43
-16.82
15.29
-32.16
-17.57
15.21
-31.94
-18.58
15.23
-31.73
-19.53
15.25
-31.63
-20.40
15.07
-31.57
-21.17
15.07
-31.67
-15.32
14.90
-33.23
-15.77
15.25
-32.91
-18.91
15.83
-32.02
-19.62
15.85
-32.01
-20.51
15.76
-32.01
-21.52
15.62
-32.04
-22.51
15.70
-32.22
-23.43
15.65
-32.40
-24.34
15.52
-32.67
-25.25
15.29
-33.04
-25.93
14.90
-33.21
-15.05
15.09
-33.72
-15.44
15.63
-33.55
-25.73
15.66
-33.67
-26.43
15.09
-33.71
-27.17
14.86
-34.06
-27.62
14.69
-34.30
-14.74
15.43
-34.46
-15.20
15.89
-34.12
-25.99
16.02
-34.23
-26.59
15.65
-34.33
-27.24
15.35
-34.54
-27.80
14.97
-34.73
-13.31
14.95
-36.25
-13.71
15.33
-35.91
-14.25
15.51
-35.24
-26.15
16.33
-34.63
-26.66
16.16
-34.81
-27.34
15.90
-35.05
-28.09
15.47
-35.40
-13.13
15.11
-36.78
-13.45
15.65
-36.61
-28.74
15.51
-36.07
-29.31
15.49
-36.61
-13.05
15.41
-37.54
-13.31
15.87
-37.18
-29.90
15.50
-37.12
-30.54
15.53
-37.60
-31.22
15.58
-38.16
-31.60
16.02
-38.42
-13.07
15.50
-38.46
-31.62
15.29
-38.77
-31.83
15.91
-38.88
-13.28
15.65
-39.43
-13.83
15.28
-39.79
-14.52
15.05
-39.97
-15.17
14.92
-40.07
-31.87
15.15
-39.41
-32.01
15.77
-39.55
-13.36
16.03
-40.37
-13.88
15.65
-40.51
-14.62
15.40
-40.62
-15.53
15.15
-40.63
-16.52
15.04
-40.86
-17.44
14.90
-40.99
-18.32
14.73
-41.10
-19.00
14.63
-41.26
-31.99
15.11
-39.90
-32.09
15.49
-40.36
-13.44
16.27
-41.08
-13.93
15.97
-41.19
-14.65
15.77
-41.34
-15.56
15.59
-41.52
-16.53
15.39
-41.65
-17.47
15.22
-41.74
-18.39
15.05
-41.80
-19.28
14.83
-41.82
-19.94
14.70
-42.05
-32.16
15.57
-41.44
-13.54
16.43
-41.51
-13.95
16.32
-41.70
-14.64
16.21
-41.97
-15.59
16.09
-42.43
-16.58
15.71
-42.52
-17.52
15.47
-42.58
-18.43
15.29
-42.62
-19.32
15.10
-42.65
-20.09
14.87
-42.68
-32.19
15.60
-42.49
-16.06
16.28
-43.31
-16.75
15.94
-43.42
-17.60
15.66
-43.49
-18.50
15.46
-43.53
-19.41
15.26
-43.55
-20.36
15.02
-43.56
-21.01
14.88
-43.87
-32.28
15.63
-43.56
-32.44
15.34
-43.97
-16.31
16.42
-43.91
-16.86
16.24
-44.33
-17.68
15.84
-44.41
-18.56
15.60
-44.46
-19.47
15.41
-44.49
-20.38
15.22
-44.52
-21.19
15.00
-44.56
-32.22
15.76
-44.28
-32.41
15.37
-44.32
-17.20
16.34
-45.20
-17.83
16.02
-45.29
-18.63
15.76
-45.36
-19.53
15.58
-45.43
-20.49
15.38
-45.47
-21.52
15.15
-45.47
-22.44
15.03
-45.81
-23.12
14.94
-46.00
-30.76
15.26
-45.81
-31.26
15.58
-45.49
-31.97
15.58
-44.82
-32.31
15.35
-44.61
-17.42
16.45
-45.76
-17.95
16.30
-46.07
-18.71
16.00
-46.18
-19.60
15.82
-46.33
-20.54
15.61
-46.41
-21.51
15.42
-46.47
-22.46
15.28
-46.58
-23.39
15.12
-46.62
-24.13
15.09
-46.85
-30.47
15.41
-46.38
-30.81
15.74
-46.22
-18.26
16.42
-46.59
-18.80
16.32
-46.80
-19.68
16.22
-47.18
-20.62
15.91
-47.28
-21.56
15.69
-47.34
-22.49
15.56
-47.39
-23.43
15.45
-47.43
-24.41
15.35
-47.46
-25.19
15.35
-47.61
-29.71
16.03
-47.34
-30.10
15.70
-46.99
-30.54
15.82
-46.66
-20.11
16.41
-47.78
-20.80
16.29
-48.05
-21.64
16.02
-48.07
-22.52
15.90
-48.11
-23.43
15.86
-48.14
-24.43
15.94
-48.22
-25.54
15.76
-48.07
-26.54
15.85
-48.10
-27.46
15.87
-48.04
-28.35
15.87
-47.89
-29.21
15.84
-47.63
-29.67
15.58
-47.41
-21.20
16.47
-48.52
-21.77
16.37
-48.59
-22.53
16.31
-48.64
-23.33
16.29
-48.64
-23.98
16.30
-48.62
-16.38
15.72
-32.52
-16.86
15.84
-32.39
-17.55
15.86
-32.20
-18.21
15.85
-32.07
-16.17
15.92
-32.93
-16.81
16.36
-32.87
-17.64
16.40
-32.59
-18.56
16.34
-32.39
-19.55
16.45
-32.43
-20.50
16.47
-32.45
-21.49
16.47
-32.50
-22.46
16.46
-32.59
-23.36
16.42
-32.76
-24.26
16.37
-33.11
-24.92
15.97
-33.27
-15.85
16.22
-33.57
-16.41
16.67
-33.50
-24.70
16.73
-33.69
-25.22
16.22
-33.71
-14.92
16.16
-34.80
-15.51
16.57
-34.39
-16.16
16.91
-34.04
-25.02
16.98
-34.23
-25.50
16.51
-34.25
-14.00
16.01
-36.02
-14.56
16.44
-35.58
-15.15
16.83
-35.11
-25.28
17.16
-34.62
-25.83
16.87
-34.78
-26.57
16.79
-35.14
-27.31
16.64
-35.45
-28.01
16.45
-35.79
-13.78
16.25
-36.62
-14.21
16.77
-36.47
-28.65
16.41
-36.27
-29.25
16.38
-36.73
-13.21
16.14
-37.84
-13.55
16.54
-37.42
-13.98
16.95
-37.08
-29.87
16.39
-37.18
-30.53
16.40
-37.60
-31.16
16.44
-38.00
-31.61
16.56
-38.38
-13.17
16.44
-38.57
-13.42
16.81
-38.10
-31.89
16.56
-38.91
-13.11
16.49
-39.51
-32.06
16.52
-39.63
-13.13
16.64
-40.37
-32.16
16.45
-40.49
-13.23
16.75
-41.08
-32.23
16.47
-41.47
-13.45
16.82
-41.59
-13.90
16.82
-41.94
-14.52
16.80
-42.30
-15.21
16.78
-42.77
-32.25
16.49
-42.46
-15.72
16.83
-43.41
-32.19
16.50
-43.42
-16.11
16.87
-44.02
-16.53
16.84
-44.60
-31.04
17.17
-45.19
-31.42
16.90
-44.89
-31.93
16.54
-44.31
-16.90
16.86
-45.28
-30.79
16.95
-45.66
-31.24
16.35
-45.44
-31.77
16.14
-44.89
-17.27
16.88
-45.86
-17.74
16.84
-46.33
-29.98
16.97
-46.71
-30.42
16.73
-46.33
-30.80
16.21
-46.18
-18.17
16.80
-46.75
-18.70
16.84
-47.08
-19.38
16.84
-47.50
-29.69
16.64
-47.20
-30.23
16.27
-46.83
-30.57
16.09
-46.60
-19.95
16.89
-47.97
-20.56
16.88
-48.35
-24.79
16.55
-48.64
-25.61
16.51
-48.51
-26.50
16.61
-48.41
-27.42
16.62
-48.25
-28.28
16.61
-48.02
-29.04
16.59
-47.69
-21.13
16.92
-48.70
-21.78
16.90
-48.88
-22.56
16.88
-48.96
-23.38
16.85
-48.94
-24.16
16.78
-48.85
-17.13
16.83
-33.14
-17.73
16.93
-33.05
-18.58
17.01
-32.97
-19.53
17.08
-32.92
-20.48
17.15
-32.90
-21.47
17.27
-32.96
-22.43
17.18
-32.94
-23.23
17.13
-33.05
-23.88
17.13
-33.31
-16.94
17.10
-33.61
-17.66
17.36
-33.58
-18.55
17.60
-33.60
-19.52
17.64
-33.43
-20.41
17.68
-33.34
-21.12
17.72
-33.29
-24.27
17.32
-33.76
-15.91
17.34
-34.79
-16.63
17.44
-34.28
-17.49
17.74
-34.15
-18.17
17.90
-34.07
-24.61
17.53
-34.29
-14.93
17.29
-35.91
-15.44
17.42
-35.39
-25.04
17.69
-34.79
-25.71
17.62
-35.13
-26.48
17.55
-35.47
-27.25
17.43
-35.79
-27.93
17.26
-36.09
-14.57
17.40
-36.61
-28.53
17.23
-36.50
-29.14
17.17
-36.90
-13.78
17.16
-37.71
-14.22
17.50
-37.38
-29.74
17.22
-37.34
-30.46
17.20
-37.74
-31.11
17.16
-38.07
-31.56
17.15
-38.42
-13.29
17.22
-38.93
-13.64
17.41
-38.33
-14.09
17.78
-38.04
-31.82
17.20
-38.94
-13.15
17.23
-39.65
-31.97
17.23
-39.66
-13.12
17.28
-40.41
-32.06
17.27
-40.53
-13.21
17.32
-41.09
-32.12
17.34
-41.49
-13.44
17.35
-41.60
-13.89
17.44
-41.97
-14.49
17.47
-42.38
-15.11
17.49
-42.86
-32.14
17.35
-42.43
-15.62
17.50
-43.45
-32.06
17.36
-43.28
-16.03
17.50
-44.06
-16.43
17.50
-44.67
-30.85
17.69
-45.03
-31.35
17.56
-44.55
-31.80
17.41
-44.00
-16.81
17.50
-45.31
-29.95
17.93
-45.94
-30.40
17.61
-45.63
-17.23
17.51
-45.89
-17.76
17.52
-46.45
-18.18
17.81
-46.76
-29.78
17.57
-46.52
-30.21
17.29
-46.17
-18.13
17.27
-46.81
-18.59
17.55
-47.10
-19.29
17.57
-47.58
-29.36
17.41
-47.18
-19.89
17.57
-48.04
-20.48
17.57
-48.45
-24.95
17.08
-48.84
-25.57
17.21
-48.76
-26.38
17.52
-48.62
-27.36
17.49
-48.33
-28.19
17.45
-48.01
-28.85
17.34
-47.67
-21.09
17.58
-48.79
-21.79
17.60
-49.00
-22.60
17.60
-49.10
-23.49
17.58
-49.09
-24.47
17.51
-48.99
-25.31
17.76
-48.92
-25.88
17.91
-48.83
-21.82
17.74
-33.27
-22.47
17.73
-33.29
-23.17
17.68
-33.36
-23.65
17.58
-33.45
-18.88
18.02
-34.00
-19.61
18.11
-33.95
-20.51
18.15
-33.82
-21.47
18.11
-33.66
-22.41
18.18
-33.74
-23.20
18.10
-33.82
-23.83
17.81
-33.83
-16.14
17.85
-35.15
-16.74
17.99
-34.90
-17.56
18.17
-34.70
-18.50
18.29
-34.50
-19.53
18.57
-34.60
-20.53
18.61
-34.42
-21.48
18.64
-34.32
-22.41
18.65
-34.35
-23.33
18.56
-34.48
-24.10
18.11
-34.40
-15.24
17.82
-36.13
-15.85
18.11
-35.82
-16.71
18.40
-35.51
-17.55
18.58
-35.33
-18.42
18.71
-35.19
-19.15
18.83
-35.13
-23.81
18.80
-34.97
-24.60
18.46
-35.04
-25.52
18.40
-35.46
-26.37
18.33
-35.82
-27.22
18.22
-36.20
-27.85
17.85
-36.34
-15.00
17.97
-36.71
-15.53
18.40
-36.67
-27.67
18.54
-36.80
-28.35
17.99
-36.82
-28.99
17.75
-37.10
-14.73
18.13
-37.48
-15.29
18.57
-37.45
-27.95
18.84
-37.44
-28.61
18.44
-37.49
-29.44
18.01
-37.65
-30.35
17.88
-38.09
-31.05
17.71
-38.34
-31.47
17.57
-38.51
-13.43
17.71
-39.18
-13.80
17.99
-38.89
-14.47
18.36
-38.43
-15.10
18.69
-38.12
-28.12
19.05
-37.98
-28.69
18.84
-38.13
-29.45
18.60
-38.37
-30.31
18.45
-38.79
-31.09
18.08
-38.88
-31.58
17.71
-38.95
-13.37
17.83
-39.73
-13.83
18.34
-39.65
-14.31
18.58
-39.22
-30.62
18.68
-39.60
-31.23
18.30
-39.61
-31.70
17.84
-39.66
-13.31
17.87
-40.44
-13.70
18.37
-40.46
-30.79
18.84
-40.37
-31.32
18.47
-40.41
-31.78
17.97
-40.52
-13.37
17.86
-41.10
-13.74
18.30
-41.16
-30.91
18.95
-40.99
-31.34
18.66
-41.17
-31.80
18.17
-41.52
-13.51
17.79
-41.54
-13.94
18.08
-41.76
-14.57
18.14
-42.24
-15.23
18.19
-42.74
-31.92
18.10
-42.43
-15.73
18.16
-43.39
-31.87
18.08
-43.19
-16.11
18.14
-44.01
-16.52
18.17
-44.59
-30.03
18.85
-44.94
-30.58
18.41
-44.73
-31.21
18.22
-44.24
-31.65
18.09
-43.79
-16.89
18.15
-45.24
-29.20
19.05
-46.07
-29.69
18.64
-45.68
-30.22
18.22
-45.34
-17.26
18.13
-45.79
-17.74
18.21
-46.22
-18.28
18.36
-46.60
-28.96
18.91
-46.60
-29.37
18.30
-46.50
-18.79
18.31
-47.06
-19.41
18.38
-47.50
-28.63
18.70
-47.22
-29.03
18.09
-47.16
-19.95
18.31
-47.99
-20.53
18.33
-48.41
-26.50
18.41
-48.58
-27.34
18.38
-48.25
-28.17
18.35
-47.81
-28.71
17.94
-47.60
-21.11
18.30
-48.76
-21.79
18.39
-48.96
-22.61
18.41
-49.08
-23.51
18.43
-49.09
-24.43
18.38
-49.03
-25.24
18.41
-48.95
-25.89
18.42
-48.82
-19.88
18.92
-35.07
-20.61
19.00
-35.02
-21.49
19.06
-34.96
-22.37
19.08
-34.95
-23.07
19.01
-34.93
-16.21
18.61
-36.21
-16.79
18.79
-36.09
-17.59
18.94
-35.98
-18.50
19.05
-35.85
-19.50
19.14
-35.65
-20.53
19.34
-35.71
-21.49
19.44
-35.64
-22.48
19.51
-35.65
-23.49
19.28
-35.43
-24.49
19.18
-35.61
-25.38
19.11
-35.87
-26.21
19.08
-36.24
-26.87
18.81
-36.40
-16.07
18.79
-36.78
-16.76
19.03
-36.78
-17.59
19.21
-36.73
-18.50
19.34
-36.66
-19.48
19.49
-36.58
-20.53
19.69
-36.60
-21.46
19.75
-36.31
-22.16
19.79
-36.19
-26.51
19.42
-36.87
-27.13
19.04
-36.87
-15.89
18.93
-37.57
-16.68
19.21
-37.60
-17.56
19.41
-37.58
-18.47
19.57
-37.52
-19.38
19.73
-37.47
-20.20
19.90
-37.43
-26.73
19.65
-37.59
-27.39
19.26
-37.55
-14.91
18.80
-38.84
-15.60
19.03
-38.51
-16.57
19.35
-38.53
-17.53
19.58
-38.51
-18.45
19.77
-38.39
-19.37
19.98
-38.36
-20.05
20.05
-38.07
-26.94
19.84
-38.37
-27.74
19.46
-38.39
-28.58
19.23
-38.75
-29.33
19.01
-38.96
-29.91
18.85
-39.13
-14.20
18.72
-39.93
-14.73
18.91
-39.60
-15.60
19.21
-39.53
-16.54
19.48
-39.53
-17.57
19.77
-39.56
-18.45
19.96
-39.21
-19.14
20.11
-39.06
-27.08
20.03
-39.01
-27.73
19.88
-39.32
-28.59
19.59
-39.52
-29.36
19.31
-39.66
-30.04
19.02
-39.71
-14.17
18.76
-40.53
-14.79
19.02
-40.48
-15.59
19.27
-40.49
-16.46
19.53
-40.50
-17.32
19.79
-40.54
-27.98
20.10
-40.01
-28.70
19.94
-40.36
-29.47
19.58
-40.47
-30.22
19.19
-40.49
-14.19
18.69
-41.18
-14.80
18.94
-41.27
-15.60
19.18
-41.41
-16.47
19.48
-41.46
-17.30
19.78
-41.46
-29.06
20.03
-40.95
-29.60
19.84
-41.38
-30.51
19.28
-41.41
-31.19
18.93
-41.77
-31.59
18.62
-41.95
-14.25
18.54
-41.66
-14.78
18.67
-41.92
-15.62
18.86
-42.38
-16.57
19.33
-42.43
-17.52
19.73
-42.44
-18.26
19.99
-42.82
-18.76
20.21
-43.02
-29.85
19.86
-42.44
-30.54
19.40
-42.43
-31.17
19.02
-42.50
-31.62
18.63
-42.53
-16.07
18.72
-43.28
-16.72
19.12
-43.39
-17.50
19.51
-43.47
-18.22
19.83
-43.62
-18.83
20.15
-43.68
-29.91
19.77
-43.40
-30.56
19.32
-43.30
-31.16
18.96
-43.22
-31.60
18.60
-43.17
-16.30
18.60
-43.89
-16.82
18.81
-44.30
-17.56
19.29
-44.39
-18.27
19.66
-44.49
-18.90
20.05
-44.53
-29.83
19.48
-44.41
-30.55
19.01
-44.08
-31.14
18.72
-43.82
-31.52
18.52
-43.62
-17.16
18.69
-45.14
-17.70
19.08
-45.22
-18.37
19.44
-45.36
-19.02
19.90
-45.41
-28.96
19.59
-45.90
-29.37
19.48
-45.27
-17.37
18.57
-45.64
-17.80
18.76
-45.86
-18.51
19.05
-46.23
-19.23
19.65
-46.30
-28.63
19.54
-46.55
-18.98
18.91
-46.87
-19.69
19.31
-47.23
-20.48
19.68
-47.73
-20.99
19.92
-47.97
-28.26
19.42
-47.19
-20.08
18.93
-47.86
-20.68
19.12
-48.24
-21.30
19.64
-48.33
-23.88
19.79
-48.70
-24.57
19.73
-48.62
-25.41
19.56
-48.55
-26.28
19.24
-48.44
-27.18
19.20
-48.11
-27.85
19.21
-47.72
-21.15
18.90
-48.64
-21.76
19.21
-48.75
-22.61
19.21
-48.92
-23.53
19.30
-48.92
-24.45
19.13
-48.90
-25.26
19.02
-48.83
-25.84
18.92
-48.75
-22.87
19.81
-36.12
-23.58
19.77
-36.10
-24.44
19.71
-36.18
-25.24
19.64
-36.31
-25.81
19.56
-36.44
-21.01
19.95
-37.03
-21.66
20.02
-36.89
-22.55
20.04
-36.68
-23.51
20.11
-36.77
-24.41
20.09
-36.84
-25.23
19.99
-36.90
-25.92
19.79
-36.92
-20.85
20.10
-37.62
-21.65
20.25
-37.60
-22.54
20.34
-37.54
-23.48
20.40
-37.57
-24.40
20.39
-37.64
-25.28
20.27
-37.68
-26.06
20.01
-37.64
-19.85
20.23
-38.80
-20.58
20.30
-38.43
-21.57
20.48
-38.39
-22.50
20.59
-38.35
-23.43
20.65
-38.38
-24.38
20.68
-38.56
-25.36
20.55
-38.64
-26.24
20.21
-38.49
-18.06
20.00
-40.01
-18.68
20.17
-39.86
-19.61
20.41
-39.62
-20.61
20.59
-39.30
-21.55
20.74
-39.18
-22.48
20.83
-39.12
-23.35
20.87
-39.09
-24.04
20.87
-39.09
-25.79
20.68
-39.41
-26.61
20.38
-39.34
-27.28
20.25
-39.67
-17.98
20.04
-40.64
-18.64
20.28
-40.63
-19.37
20.55
-40.63
-26.00
20.83
-40.01
-26.67
20.68
-40.12
-27.55
20.47
-40.33
-28.40
20.42
-40.86
-28.68
20.54
-41.28
-17.95
20.04
-41.38
-18.58
20.29
-41.44
-19.27
20.57
-41.55
-28.84
20.29
-41.13
-29.03
20.38
-41.62
-17.99
20.00
-42.01
-18.50
20.20
-42.21
-19.18
20.48
-42.57
-29.26
20.36
-42.52
-19.39
20.50
-43.57
-29.32
20.30
-43.42
-19.49
20.46
-44.50
-29.24
20.19
-44.30
-19.60
20.38
-45.39
-28.61
20.20
-45.69
-28.99
20.15
-45.05
-19.77
20.25
-46.22
-28.26
20.16
-46.42
-20.09
20.13
-46.90
-20.64
20.25
-47.35
-21.26
20.33
-47.72
-24.87
20.68
-47.73
-25.57
20.61
-47.66
-26.38
20.50
-47.54
-27.15
20.34
-47.38
-27.83
20.09
-47.11
-21.84
20.17
-48.20
-22.65
20.27
-48.33
-23.54
20.23
-48.40
-24.53
20.34
-48.17
-25.48
20.16
-48.14
-26.34
19.97
-48.03
-27.12
19.86
-47.82
-27.64
19.76
-47.60
-22.05
19.77
-48.61
-22.62
19.81
-48.70
-23.22
19.82
-48.73
-24.61
20.85
-39.09
-25.07
20.79
-39.12
-20.12
20.73
-40.11
-20.75
20.86
-40.01
-21.59
20.98
-39.94
-22.50
21.05
-39.88
-23.43
21.06
-39.81
-24.36
21.00
-39.64
-25.19
20.91
-39.66
-20.04
20.83
-40.76
-20.77
21.03
-40.76
-21.61
21.16
-40.74
-22.53
21.23
-40.70
-23.48
21.23
-40.65
-24.47
21.18
-40.58
-25.54
21.06
-40.52
-26.53
20.98
-40.82
-27.41
20.86
-41.03
-28.13
20.78
-41.27
-28.52
20.73
-41.44
-19.99
20.89
-41.60
-20.76
21.13
-41.61
-21.62
21.28
-41.61
-22.54
21.35
-41.59
-23.50
21.36
-41.57
-24.50
21.34
-41.55
-25.50
21.28
-41.56
-26.47
21.21
-41.67
-27.35
21.11
-41.77
-28.09
20.97
-41.86
-28.63
20.75
-41.85
-19.98
20.88
-42.55
-20.77
21.16
-42.54
-21.62
21.33
-42.54
-22.54
21.41
-42.53
-23.51
21.44
-42.53
-24.50
21.43
-42.52
-25.49
21.40
-42.53
-26.45
21.34
-42.57
-27.34
21.24
-42.61
-28.11
21.06
-42.62
-28.73
20.77
-42.60
-20.05
20.87
-43.52
-20.79
21.16
-43.51
-21.63
21.34
-43.51
-22.55
21.43
-43.51
-23.51
21.46
-43.50
-24.50
21.46
-43.50
-25.49
21.44
-43.50
-26.45
21.39
-43.51
-27.34
21.27
-43.51
-28.13
21.07
-43.50
-28.77
20.75
-43.45
-20.11
20.85
-44.47
-20.82
21.14
-44.47
-21.64
21.32
-44.48
-22.55
21.42
-44.49
-23.51
21.45
-44.49
-24.50
21.45
-44.48
-25.48
21.43
-44.47
-26.44
21.37
-44.46
-27.33
21.23
-44.44
-28.12
20.98
-44.40
-28.73
20.67
-44.27
-20.18
20.78
-45.37
-20.85
21.08
-45.39
-21.65
21.26
-45.43
-22.55
21.36
-45.45
-23.51
21.39
-45.45
-24.50
21.39
-45.44
-25.48
21.36
-45.42
-26.42
21.28
-45.39
-27.30
21.11
-45.36
-28.14
20.75
-45.33
-28.66
20.58
-44.90
-20.26
20.68
-46.15
-20.87
20.94
-46.22
-21.66
21.10
-46.34
-22.56
21.22
-46.36
-23.52
21.26
-46.37
-24.50
21.24
-46.36
-25.47
21.21
-46.30
-26.39
21.13
-46.24
-27.20
20.96
-46.20
-27.85
20.66
-46.21
-20.36
20.55
-46.69
-20.85
20.69
-46.91
-21.66
20.80
-47.22
-22.59
20.99
-47.19
-23.51
21.03
-47.20
-24.51
20.97
-47.26
-25.49
20.96
-47.07
-26.37
20.88
-46.97
-27.12
20.74
-46.87
-27.64
20.55
-46.77
-22.04
20.61
-47.80
-22.67
20.70
-47.83
-23.46
20.72
-47.85
-24.16
20.72
-47.80