-8.16
23.42
-28.13
-8.71
23.30
-28.09
-9.39
23.26
-28.12
-9.94
23.32
-28.19
-8.18
23.35
-28.72
-8.78
23.13
-28.75
-9.46
23.08
-28.76
-10.17
23.21
-28.75
-10.66
23.36
-28.99
-8.23
23.34
-29.46
-8.81
23.08
-29.49
-9.49
23.00
-29.50
-10.16
23.09
-29.52
-10.71
23.32
-29.59
-8.31
23.40
-30.18
-8.85
23.15
-30.22
-9.50
23.06
-30.25
-10.16
23.12
-30.27
-10.70
23.33
-30.29
-8.43
23.49
-30.71
-8.87
23.36
-30.87
-9.51
23.26
-30.94
-10.16
23.28
-30.93
-10.63
23.40
-30.86
-4.62
24.42
-23.55
-4.95
24.39
-23.48
-5.48
24.41
-23.45
-5.96
24.47
-23.48
-4.56
24.32
-23.92
-4.95
24.16
-23.92
-5.54
24.14
-23.91
-6.20
24.30
-23.91
-6.68
24.46
-24.13
-4.55
24.23
-24.51
-4.97
24.05
-24.53
-5.58
24.01
-24.58
-6.29
24.12
-24.65
-6.90
24.37
-24.72
-4.58
24.21
-25.09
-4.99
24.08
-25.16
-5.63
24.03
-25.30
-6.43
24.09
-25.49
-7.29
24.28
-25.62
-7.95
24.34
-26.02
-4.64
24.26
-25.46
-4.98
24.28
-25.64
-5.63
24.23
-25.97
-6.50
24.16
-26.43
-7.46
24.05
-26.57
-8.41
24.14
-26.65
-9.36
24.14
-27.00
-10.13
24.20
-27.28
-10.64
24.33
-27.49
-6.91
24.13
-27.24
-7.64
23.82
-27.64
-8.54
23.67
-27.46
-9.39
23.63
-27.57
-10.19
23.69
-27.84
-10.81
24.08
-27.97
-7.67
23.75
-28.60
-10.48
23.49
-28.39
-10.95
23.76
-28.70
-7.76
23.79
-29.44
-11.12
23.71
-29.56
-7.91
23.89
-30.24
-11.10
23.72
-30.40
-8.24
23.91
-30.97
-8.80
23.79
-31.47
-9.53
23.61
-31.58
-10.24
23.60
-31.52
-10.89
23.78
-31.26
-9.02
24.06
-32.03
-9.59
24.03
-32.22
-10.28
23.97
-32.14
-10.85
24.11
-32.02
-9.84
24.35
-32.58
-10.34
24.34
-32.55
-10.79
24.38
-32.44
-4.56
24.71
-23.47
-4.94
24.83
-23.29
-5.52
24.89
-23.21
-6.17
24.91
-23.32
-6.61
25.14
-23.46
-4.39
24.72
-23.89
-4.37
25.07
-24.08
-6.44
24.64
-23.64
-6.85
24.91
-23.89
-4.37
24.58
-24.53
-4.38
25.05
-24.62
-7.24
24.90
-24.60
-4.44
24.51
-25.13
-4.52
24.97
-25.28
-7.66
24.84
-25.34
-8.14
24.77
-25.84
-4.58
24.46
-25.53
-4.86
24.76
-25.87
-5.49
24.66
-26.42
-6.11
24.55
-26.92
-8.68
24.77
-26.29
-9.45
24.79
-26.65
-10.20
24.82
-26.99
-10.82
24.84
-27.40
-6.60
24.53
-27.67
-7.14
24.16
-27.97
-11.28
24.71
-28.05
-11.61
24.89
-28.37
-6.76
24.78
-28.53
-7.21
24.24
-28.63
-11.41
24.35
-28.76
-11.69
24.80
-28.86
-6.98
24.92
-29.31
-7.34
24.37
-29.42
-11.50
24.24
-29.58
-11.75
24.75
-29.62
-7.15
24.97
-29.85
-7.50
24.67
-30.27
-11.49
24.22
-30.45
-11.74
24.75
-30.47
-7.98
24.66
-31.32
-8.47
24.28
-31.73
-11.39
24.29
-31.30
-11.68
24.78
-31.30
-8.25
25.01
-32.10
-8.75
24.52
-32.25
-9.29
24.42
-32.48
-11.27
24.49
-32.02
-11.56
24.86
-31.99
-8.44
25.26
-32.52
-8.88
25.06
-32.68
-9.58
24.83
-32.77
-10.36
24.87
-32.77
-11.04
24.83
-32.51
-11.42
24.96
-32.38
-4.56
25.06
-23.41
-4.89
25.49
-23.33
-5.55
25.62
-23.10
-6.18
25.68
-23.14
-6.70
25.74
-23.39
-4.42
25.08
-23.66
-4.53
25.55
-23.87
-7.08
25.68
-23.88
-4.48
25.70
-24.62
-7.47
25.65
-24.56
-4.61
25.70
-25.44
-7.93
25.60
-25.31
-8.25
25.27
-25.74
-4.95
25.63
-26.36
-5.46
25.21
-26.88
-5.88
24.95
-27.17
-8.31
25.84
-25.69
-8.71
25.54
-26.03
-9.51
25.55
-26.43
-10.29
25.59
-26.79
-10.98
25.63
-27.28
-5.18
25.97
-27.10
-5.58
25.67
-27.52
-6.08
25.15
-27.72
-11.51
25.54
-28.01
-11.69
25.22
-28.36
-5.83
25.85
-28.14
-6.29
25.50
-28.51
-11.79
25.80
-28.74
-11.80
25.26
-28.86
-6.71
25.64
-29.42
-6.92
25.91
-29.96
-11.87
25.86
-29.59
-11.85
25.29
-29.62
-7.03
25.39
-29.91
-7.24
25.61
-30.43
-11.86
25.88
-30.48
-11.84
25.30
-30.48
-7.65
25.61
-31.34
-11.77
25.87
-31.34
-11.78
25.30
-31.32
-7.99
25.73
-32.09
-11.56
25.81
-32.07
-11.64
25.29
-32.00
-8.36
25.81
-32.61
-8.89
25.75
-32.90
-9.60
25.67
-33.02
-10.39
25.64
-32.94
-11.14
25.59
-32.60
-11.46
25.26
-32.41
-5.07
26.50
-23.32
-5.63
26.53
-23.05
-6.23
26.56
-23.07
-6.76
26.58
-23.34
-4.71
26.52
-23.88
-7.20
26.56
-23.85
-4.58
26.57
-24.64
-7.59
26.53
-24.50
-4.62
26.58
-25.50
-8.00
26.48
-25.17
-4.82
26.59
-26.43
-8.37
26.41
-25.63
-8.86
26.34
-25.96
-9.57
26.37
-26.27
-10.36
26.46
-26.60
-11.17
26.65
-27.10
-11.60
27.13
-27.31
-5.10
26.65
-27.38
-5.42
26.23
-27.76
-11.63
26.44
-27.85
-11.83
27.07
-27.78
-5.32
26.95
-28.15
-5.67
26.40
-28.34
-6.10
26.14
-28.74
-11.88
26.57
-28.66
-11.96
27.07
-28.32
-5.47
27.09
-28.57
-5.79
26.92
-28.84
-6.37
26.54
-29.34
-6.81
26.53
-30.00
-11.92
26.51
-29.58
-7.16
26.53
-30.61
-11.89
26.51
-30.49
-7.51
26.55
-31.39
-11.78
26.52
-31.37
-7.87
26.59
-32.12
-11.55
26.53
-32.14
-8.30
26.61
-32.67
-8.89
26.59
-33.03
-9.62
26.55
-33.18
-10.40
26.52
-33.09
-11.10
26.52
-32.74
-5.16
27.51
-23.31
-5.69
27.51
-23.02
-6.27
27.52
-23.03
-6.82
27.51
-23.31
-4.80
27.51
-23.87
-7.28
27.49
-23.82
-4.64
27.52
-24.64
-7.70
27.47
-24.46
-4.62
27.53
-25.52
-8.21
27.42
-25.17
-8.84
27.74
-25.56
-9.54
27.88
-25.84
-10.24
28.00
-26.07
-10.77
28.11
-26.28
-4.73
27.54
-26.44
-8.45
26.96
-25.58
-8.90
27.05
-25.82
-9.58
27.15
-26.07
-10.34
27.30
-26.33
-11.10
27.66
-26.67
-11.67
27.74
-27.20
-4.93
27.59
-27.35
-11.98
27.73
-27.81
-5.20
27.70
-28.19
-5.43
28.00
-28.64
-12.01
27.09
-28.96
-12.12
27.61
-28.63
-5.44
27.47
-28.63
-5.77
27.69
-29.01
-6.43
27.53
-29.67
-6.78
27.18
-30.08
-12.03
27.12
-29.64
-12.20
27.75
-29.57
-6.77
27.76
-30.13
-7.05
27.49
-30.57
-12.00
27.16
-30.51
-12.19
27.82
-30.49
-7.45
27.50
-31.40
-11.89
27.20
-31.39
-12.11
27.87
-31.39
-7.83
27.51
-32.13
-11.67
27.28
-32.19
-11.93
27.93
-32.18
-8.29
27.50
-32.71
-8.91
27.49
-33.11
-9.67
27.47
-33.30
-10.46
27.43
-33.25
-11.24
27.50
-32.90
-11.68
28.01
-32.74
-5.20
28.53
-23.27
-5.72
28.53
-22.97
-6.32
28.51
-22.98
-6.89
28.49
-23.27
-4.85
28.51
-23.85
-7.36
28.44
-23.77
-4.67
28.51
-24.63
-7.78
28.41
-24.37
-4.63
28.50
-25.51
-8.25
28.43
-24.93
-8.84
28.58
-25.34
-9.53
28.68
-25.64
-10.25
28.74
-25.91
-10.87
28.74
-26.21
-4.69
28.50
-26.42
-11.39
28.59
-26.65
-11.84
28.51
-27.16
-4.85
28.52
-27.29
-12.16
28.56
-27.79
-5.10
28.57
-28.05
-5.43
28.66
-28.63
-12.35
28.48
-28.63
-5.88
28.59
-29.15
-6.47
28.54
-29.77
-6.80
28.85
-30.17
-12.44
28.48
-29.55
-6.78
28.27
-30.16
-7.06
28.51
-30.60
-12.44
28.50
-30.49
-7.47
28.47
-31.40
-12.35
28.53
-31.40
-7.86
28.44
-32.13
-12.14
28.58
-32.23
-8.32
28.40
-32.72
-8.96
28.40
-33.13
-9.81
28.44
-33.43
-10.53
28.22
-33.46
-11.20
28.27
-33.28
-11.75
28.62
-32.96
-10.20
28.76
-33.62
-10.64
28.73
-33.62
-11.18
28.76
-33.52
-11.57
28.84
-33.35
-5.20
29.58
-23.17
-5.73
29.58
-22.86
-6.39
29.54
-22.90
-7.01
29.49
-23.22
-4.86
29.53
-23.79
-7.49
29.36
-23.72
-4.69
29.50
-24.60
-7.89
29.28
-24.28
-4.66
29.47
-25.50
-8.31
29.28
-24.77
-8.86
29.44
-25.13
-9.56
29.54
-25.47
-10.28
29.58
-25.79
-10.97
29.58
-26.17
-4.72
29.44
-26.41
-11.62
29.53
-26.70
-11.97
29.19
-27.15
-4.87
29.42
-27.25
-12.03
29.86
-27.11
-12.35
29.58
-27.70
-12.71
30.09
-28.16
-5.11
29.44
-27.97
-5.47
29.49
-28.58
-12.59
29.31
-28.65
-12.85
30.00
-28.77
-5.94
29.49
-29.14
-6.46
29.49
-29.70
-6.84
29.48
-30.17
-12.69
29.23
-29.56
-12.91
29.95
-29.59
-7.18
29.46
-30.68
-12.68
29.20
-30.48
-12.87
29.91
-30.48
-7.57
29.41
-31.40
-12.58
29.21
-31.39
-12.74
29.86
-31.36
-7.97
29.33
-32.11
-12.36
29.24
-32.20
-12.56
29.77
-32.10
-8.38
29.21
-32.66
-8.98
29.22
-33.04
-9.83
29.27
-33.34
-10.57
29.53
-33.36
-11.29
29.56
-33.24
-11.94
29.39
-32.90
-12.36
29.73
-32.57
-10.21
29.07
-33.59
-10.66
29.14
-33.59
-11.22
29.16
-33.50
-11.63
29.14
-33.33
-5.18
31.22
-22.57
-5.41
31.23
-22.45
-5.14
30.73
-22.96
-5.71
30.74
-22.64
-6.48
30.60
-22.77
-7.27
30.58
-23.14
-7.77
31.04
-23.33
-4.85
30.57
-23.71
-7.72
30.21
-23.70
-8.06
30.87
-23.74
-4.74
30.50
-24.57
-8.07
30.03
-24.24
-8.40
30.67
-24.28
-4.75
30.45
-25.50
-8.37
29.90
-24.64
-8.84
30.35
-24.84
-9.60
30.43
-25.29
-10.34
30.48
-25.66
-11.04
30.49
-26.07
-4.82
30.34
-26.40
-11.65
30.48
-26.54
-4.96
30.26
-27.22
-12.08
30.50
-27.00
-12.47
30.56
-27.48
-12.83
30.71
-28.07
-5.18
30.24
-27.89
-5.55
30.35
-28.45
-13.02
30.73
-28.76
-6.03
30.39
-29.07
-6.60
30.42
-29.72
-6.89
30.11
-30.14
-13.05
30.70
-29.57
-6.95
30.67
-30.11
-7.25
30.38
-30.55
-12.95
30.63
-30.44
-7.77
30.30
-31.33
-12.35
30.83
-31.72
-12.69
30.57
-31.35
-8.25
30.16
-32.08
-8.90
30.43
-32.40
-9.66
30.56
-32.56
-10.49
30.62
-32.59
-11.31
30.61
-32.50
-12.05
30.56
-32.24
-12.48
30.24
-32.10
-8.47
29.79
-32.57
-8.97
29.89
-32.80
-9.72
29.98
-32.98
-10.52
30.08
-33.02
-11.30
30.09
-32.92
-11.97
30.03
-32.70
-12.35
30.01
-32.52
-5.13
31.80
-22.51
-5.44
31.79
-22.34
-4.96
31.64
-22.96
-5.91
31.64
-22.40
-6.59
31.57
-22.56
-7.32
31.59
-22.85
-7.95
31.68
-23.20
-4.83
31.55
-23.67
-8.36
31.54
-23.70
-4.83
31.50
-24.55
-8.72
31.37
-24.24
-4.93
31.46
-25.52
-5.15
31.99
-25.91
-9.12
31.24
-24.73
-9.73
31.32
-25.11
-10.45
31.39
-25.51
-11.18
31.43
-25.95
-5.01
31.17
-26.45
-5.30
31.86
-26.59
-11.81
31.38
-26.47
-12.24
31.76
-26.74
-5.13
30.98
-27.23
-5.45
31.60
-27.38
-12.15
31.11
-26.89
-12.54
31.45
-27.22
-12.98
31.54
-27.92
-5.28
30.84
-27.80
-5.66
31.22
-28.17
-13.16
31.54
-28.68
-6.16
31.23
-28.90
-6.76
31.37
-29.53
-7.29
31.73
-29.89
-13.11
31.54
-29.49
-7.05
31.13
-30.03
-7.52
31.29
-30.43
-12.92
31.36
-30.30
-8.12
31.13
-31.21
-8.84
31.42
-31.47
-9.63
31.56
-31.59
-10.48
31.59
-31.62
-11.33
31.52
-31.58
-12.10
31.31
-31.47
-12.63
31.26
-30.99
-8.38
30.79
-31.79
-8.90
30.97
-31.98
-9.64
31.09
-32.09
-10.47
31.13
-32.13
-11.27
31.09
-32.07
-11.86
31.01
-31.96
-5.12
32.61
-22.40
-5.48
32.60
-22.19
-4.92
32.55
-22.89
-6.01
32.54
-22.22
-6.69
32.52
-22.37
-7.47
32.56
-22.60
-8.31
32.58
-23.01
-8.95
33.01
-23.14
-4.87
32.51
-23.61
-8.73
32.23
-23.63
-9.22
32.77
-23.64
-4.96
32.50
-24.49
-5.16
32.90
-24.97
-9.05
32.00
-24.20
-9.50
32.50
-24.23
-5.03
32.20
-25.21
-5.31
32.65
-25.63
-9.31
31.82
-24.61
-9.83
32.15
-24.80
-10.59
32.26
-25.25
-11.44
32.43
-25.75
-12.09
32.82
-26.06
-5.68
32.67
-26.58
-6.11
33.06
-27.01
-11.87
32.09
-26.25
-12.37
32.42
-26.52
-5.83
32.28
-27.45
-6.25
32.83
-27.59
-12.82
32.29
-27.10
-13.28
32.47
-27.73
-13.67
33.03
-27.89
-6.04
32.00
-28.18
-6.48
32.58
-28.28
-13.35
32.39
-28.56
-13.67
33.04
-28.40
-6.31
31.85
-28.73
-6.84
32.26
-29.02
-7.68
32.46
-29.66
-8.64
32.84
-29.90
-9.56
33.01
-30.03
-10.50
33.06
-30.06
-11.42
33.02
-30.01
-12.28
32.87
-29.83
-13.06
32.57
-29.38
-13.52
33.08
-28.88
-8.03
31.96
-30.37
-8.75
32.31
-30.46
-9.59
32.48
-30.53
-10.49
32.52
-30.55
-11.38
32.47
-30.51
-12.16
32.31
-30.39
-12.73
32.00
-30.22
-8.29
31.70
-30.88
-8.84
31.89
-30.99
-9.62
32.02
-31.06
-10.49
32.05
-31.08
-11.35
31.99
-31.04
-12.08
31.85
-30.93
-12.54
31.72
-30.74
-5.13
33.55
-22.17
-5.53
33.50
-21.95
-7.96
34.09
-22.07
-8.50
34.10
-22.21
-9.05
34.16
-22.37
-4.95
33.50
-22.75
-6.06
33.42
-22.02
-6.73
33.42
-22.13
-7.57
33.57
-22.25
-8.42
33.48
-22.55
-9.29
33.72
-22.85
-9.93
34.08
-23.05
-4.95
33.45
-23.47
-9.70
33.36
-23.58
-10.31
33.93
-23.64
-10.78
34.19
-23.98
-5.06
33.39
-24.19
-5.30
33.54
-24.79
-9.95
33.03
-24.21
-10.50
33.48
-24.31
-11.03
33.95
-24.49
-5.60
33.50
-25.49
-10.14
32.75
-24.66
-10.67
33.01
-24.88
-11.49
33.50
-25.23
-12.46
33.58
-25.91
-13.26
33.98
-26.22
-13.77
34.21
-26.42
-5.95
33.49
-26.22
-6.42
33.69
-26.85
-6.85
34.08
-27.13
-12.82
33.09
-26.50
-13.38
33.53
-26.67
-13.87
33.95
-26.84
-6.64
33.41
-27.60
-7.06
33.94
-27.66
-13.04
32.83
-26.93
-13.43
33.11
-27.20
-13.88
33.63
-27.52
-6.88
33.18
-28.26
-7.34
33.72
-28.30
-13.89
33.70
-28.22
-7.13
32.96
-28.79
-7.77
33.39
-29.01
-8.67
33.54
-29.41
-9.57
33.64
-29.60
-10.51
33.68
-29.66
-11.44
33.66
-29.62
-12.32
33.60
-29.48
-13.08
33.53
-29.19
-13.61
33.66
-28.77
-5.11
35.40
-20.47
-5.38
35.39
-20.37
-5.09
35.15
-20.89
-5.46
35.06
-20.81
-5.12
34.59
-21.71
-5.62
34.45
-21.48
-7.82
34.63
-21.81
-8.54
34.73
-21.94
-9.30
34.73
-22.20
-9.87
34.97
-22.37
-5.01
34.43
-22.54
-6.12
34.18
-21.75
-6.68
34.18
-21.87
-7.29
34.31
-21.91
-9.59
34.34
-22.56
-10.11
34.63
-22.77
-5.11
34.38
-23.40
-5.38
34.72
-23.87
-10.55
34.58
-23.33
-10.94
34.71
-23.81
-5.18
34.06
-24.03
-5.51
34.36
-24.50
-11.32
34.65
-24.45
-5.93
34.33
-25.34
-6.37
34.72
-25.67
-11.83
34.51
-25.11
-12.57
34.51
-25.65
-13.34
34.62
-26.01
-14.02
34.72
-26.35
-14.42
35.01
-26.50
-6.13
34.09
-25.95
-6.57
34.44
-26.29
-7.08
34.62
-26.88
-14.25
34.49
-26.84
-14.55
34.95
-26.85
-7.42
34.52
-27.56
-14.29
34.38
-27.45
-14.57
34.90
-27.34
-7.75
34.35
-28.21
-14.14
34.51
-28.08
-14.48
34.91
-27.75
-8.14
34.19
-28.74
-8.80
34.24
-29.05
-9.62
34.31
-29.23
-10.53
34.34
-29.30
-11.46
34.33
-29.29
-12.35
34.30
-29.20
-13.12
34.28
-29.00
-13.70
34.33
-28.65
-6.10
36.08
-18.88
-6.20
36.11
-18.89
-6.03
36.02
-19.24
-6.30
36.10
-19.25
-6.60
36.21
-19.46
-4.74
35.80
-20.26
-5.05
35.70
-20.28
-5.71
35.75
-19.99
-6.31
35.87
-19.86
-6.74
36.10
-19.90
-4.70
35.78
-20.41
-4.91
35.60
-20.72
-5.90
35.31
-20.62
-6.47
35.55
-20.53
-7.01
35.88
-20.56
-5.02
35.35
-21.55
-6.08
34.90
-21.22
-6.66
35.15
-21.18
-7.49
35.39
-21.33
-8.49
35.50
-21.68
-9.33
35.53
-21.98
-10.09
35.58
-22.30
-10.51
35.88
-22.49
-5.10
35.21
-22.35
-6.26
34.62
-21.55
-6.66
34.72
-21.59
-7.14
34.83
-21.63
-10.46
35.26
-22.74
-10.74
35.72
-22.88
-5.27
35.18
-23.07
-5.65
35.36
-23.70
-6.11
35.79
-23.93
-10.71
35.09
-23.17
-10.99
35.43
-23.56
-5.88
35.09
-24.46
-6.33
35.61
-24.55
-11.38
35.41
-24.39
-6.13
34.94
-25.07
-6.65
35.35
-25.37
-7.25
35.70
-25.76
-11.88
35.36
-25.14
-12.61
35.27
-25.66
-13.36
35.25
-25.99
-14.02
35.27
-26.24
-14.44
35.33
-26.47
-6.90
35.08
-26.07
-7.52
35.41
-26.52
-8.18
35.80
-26.82
-14.61
35.35
-26.83
-7.87
35.13
-27.43
-8.44
35.61
-27.44
-14.61
35.33
-27.30
-8.17
34.91
-28.12
-8.84
35.36
-28.12
-9.68
35.46
-28.38
-10.57
35.51
-28.48
-11.49
35.51
-28.50
-12.41
35.47
-28.47
-13.25
35.37
-28.37
-13.96
35.16
-28.16
-14.45
35.28
-27.74
-8.36
34.68
-28.56
-8.88
34.83
-28.69
-9.66
34.92
-28.85
-10.55
34.96
-28.93
-11.48
34.97
-28.94
-12.37
34.94
-28.89
-13.15
34.88
-28.76
-13.67
34.82
-28.58
-6.11
36.15
-18.87
-6.21
36.20
-18.88
-6.04
36.20
-19.22
-6.33
36.35
-19.24
-6.68
36.43
-19.47
-4.76
35.91
-20.24
-5.08
35.98
-20.22
-5.76
36.27
-19.91
-6.18
36.49
-19.62
-6.93
36.46
-19.93
-4.74
35.91
-20.39
-5.04
35.99
-20.66
-5.62
36.43
-20.64
-7.30
36.44
-20.57
-5.22
35.94
-21.48
-5.74
36.52
-21.50
-6.21
36.87
-21.86
-7.81
36.28
-21.15
-8.52
36.32
-21.59
-9.34
36.26
-21.93
-10.04
36.24
-22.22
-10.50
36.28
-22.49
-5.32
35.81
-22.26
-5.77
36.29
-22.37
-6.41
36.78
-22.59
-6.90
37.01
-22.97
-10.75
36.25
-22.94
-5.40
35.67
-22.82
-5.78
35.94
-23.11
-6.41
36.31
-23.53
-7.09
36.82
-23.58
-10.96
36.16
-23.62
-6.76
36.14
-24.40
-7.35
36.58
-24.42
-11.22
36.14
-24.47
-7.00
35.95
-25.05
-7.64
36.28
-25.35
-8.31
36.53
-25.70
-11.61
36.13
-25.44
-12.52
35.87
-25.96
-13.34
35.74
-26.23
-14.00
35.66
-26.40
-14.39
35.60
-26.51
-7.92
36.03
-26.12
-8.64
36.30
-26.42
-9.59
36.51
-26.59
-10.46
36.55
-26.57
-11.39
36.40
-26.36
-12.44
36.15
-26.59
-13.32
35.99
-26.72
-14.01
35.85
-26.79
-14.45
35.66
-26.82
-8.96
36.02
-27.27
-9.70
36.22
-27.30
-10.55
36.28
-27.30
-11.48
36.24
-27.25
-12.43
36.12
-27.29
-13.30
36.00
-27.31
-14.00
35.85
-27.30
-14.45
35.66
-27.27
-9.16
35.80
-27.80
-9.76
35.90
-27.90
-10.58
35.95
-27.94
-11.50
35.94
-27.95
-12.43
35.88
-27.94
-13.28
35.78
-27.89
-13.98
35.65
-27.78
-14.38
35.58
-27.63
-6.54
36.62
-19.50
-6.74
36.64
-19.58
-6.09
36.66
-20.11
-6.49
36.77
-19.94
-6.90
36.77
-20.00
-6.10
36.82
-20.65
-6.70
37.11
-20.78
-7.35
37.04
-20.81
-7.84
37.29
-21.27
-6.10
36.89
-21.20
-6.56
37.18
-21.52
-7.86
36.86
-21.19
-8.36
37.09
-21.72
-9.31
36.86
-22.15
-10.02
36.71
-22.39
-10.43
36.61
-22.55
-6.82
37.25
-22.22
-7.24
37.32
-22.73
-8.60
37.36
-22.53
-9.38
37.16
-22.74
-10.07
36.95
-22.88
-10.54
36.68
-22.95
-7.71
37.25
-23.37
-8.51
37.37
-23.32
-9.39
37.24
-23.51
-10.12
37.04
-23.60
-10.65
36.69
-23.63
-7.94
36.97
-24.29
-8.65
37.14
-24.33
-9.44
37.16
-24.38
-10.18
37.01
-24.42
-10.78
36.68
-24.44
-8.08
36.75
-24.99
-8.69
36.87
-25.25
-9.50
37.00
-25.22
-10.24
36.93
-25.23
-10.91
36.66
-25.26
-8.96
36.71
-25.90
-9.59
36.81
-25.94
-10.31
36.80
-25.93
-10.89
36.68
-25.87
-7.05
37.44
-21.18
-7.42
37.48
-21.24
-7.74
37.51
-21.39
-7.05
37.50
-21.60
-7.49
37.60
-21.72
-7.93
37.52
-21.78
-7.13
37.51
-22.05
-7.55
37.57
-22.34
-8.06
37.57
-22.37
-7.80
37.52
-22.87
-8.13
37.56
-22.86