-11.16
-16.60
-14.23
-11.78
-16.74
-14.15
-12.60
-16.84
-14.09
-13.50
-16.88
-14.06
-14.39
-16.89
-14.06
-15.12
-16.87
-14.07
-11.07
-16.78
-14.78
-11.78
-16.97
-14.79
-12.61
-17.07
-14.77
-13.52
-17.10
-14.76
-14.47
-17.07
-14.73
-15.48
-17.00
-14.62
-16.44
-16.96
-14.78
-17.25
-16.89
-14.89
-17.85
-16.82
-15.00
-11.02
-16.89
-15.49
-11.74
-17.05
-15.56
-12.60
-17.15
-15.57
-13.53
-17.18
-15.57
-14.50
-17.14
-15.55
-15.48
-17.09
-15.47
-16.40
-17.03
-15.48
-17.22
-16.96
-15.49
-17.89
-16.86
-15.51
-11.03
-16.90
-16.13
-11.65
-17.00
-16.43
-12.58
-17.11
-16.42
-13.52
-17.12
-16.44
-14.53
-17.07
-16.47
-15.52
-17.03
-16.26
-16.43
-16.98
-16.18
-17.24
-16.92
-16.11
-17.85
-16.86
-16.02
-11.87
-16.89
-17.24
-12.61
-16.99
-17.21
-13.47
-16.97
-17.28
-14.19
-16.97
-17.12
-12.00
-16.75
-17.78
-12.58
-16.80
-17.82
-13.18
-16.82
-17.83
-11.13
-15.81
-13.32
-11.76
-15.89
-13.15
-12.59
-15.96
-12.98
-13.52
-16.02
-12.84
-14.51
-16.12
-12.82
-15.51
-16.18
-12.86
-16.49
-16.14
-12.87
-17.46
-16.05
-12.91
-18.41
-15.92
-12.99
-19.25
-15.81
-13.14
-19.84
-15.71
-13.26
-9.18
-15.67
-14.41
-9.76
-15.85
-14.19
-10.73
-16.12
-13.89
-11.69
-16.35
-13.63
-12.58
-16.46
-13.50
-13.51
-16.52
-13.44
-14.48
-16.57
-13.46
-15.49
-16.61
-13.60
-16.51
-16.51
-13.55
-17.46
-16.41
-13.62
-18.39
-16.28
-13.74
-19.31
-16.10
-13.80
-20.11
-15.87
-13.76
-8.41
-15.69
-15.28
-8.87
-15.80
-14.96
-9.62
-16.16
-14.85
-10.41
-16.47
-14.74
-15.85
-16.83
-14.12
-16.56
-16.77
-14.18
-17.42
-16.69
-14.32
-18.34
-16.59
-14.63
-19.42
-16.34
-14.62
-20.49
-16.07
-14.57
-21.44
-15.95
-14.88
-22.22
-15.80
-15.06
-22.75
-15.69
-15.23
-8.29
-15.69
-15.75
-8.85
-16.03
-15.68
-9.57
-16.35
-15.62
-10.35
-16.64
-15.56
-18.54
-16.69
-15.53
-19.49
-16.50
-15.54
-20.48
-16.32
-15.57
-21.41
-16.18
-15.68
-22.24
-16.01
-15.77
-22.93
-15.78
-15.78
-8.23
-15.70
-16.46
-8.84
-16.07
-16.46
-9.60
-16.37
-16.46
-10.49
-16.67
-16.47
-11.11
-16.82
-16.79
-14.92
-16.94
-17.00
-15.62
-16.89
-16.94
-16.50
-16.84
-16.88
-17.41
-16.79
-16.76
-18.36
-16.71
-16.46
-19.46
-16.56
-16.50
-20.48
-16.43
-16.52
-21.43
-16.31
-16.57
-22.33
-16.13
-16.61
-23.20
-15.85
-16.63
-23.75
-15.70
-17.02
-8.26
-15.60
-17.15
-8.86
-15.94
-17.21
-9.60
-16.21
-17.28
-10.45
-16.45
-17.37
-11.24
-16.68
-17.42
-13.86
-16.81
-17.73
-14.61
-16.80
-17.58
-15.56
-16.70
-17.65
-16.51
-16.65
-17.65
-17.48
-16.62
-17.59
-18.46
-16.58
-17.49
-19.48
-16.51
-17.47
-20.48
-16.44
-17.48
-21.44
-16.35
-17.49
-22.35
-16.21
-17.51
-23.16
-16.00
-17.55
-23.81
-15.74
-17.64
-8.40
-15.49
-17.65
-8.89
-15.66
-17.84
-9.62
-15.89
-18.01
-10.54
-16.07
-18.24
-11.59
-16.42
-18.17
-12.56
-16.49
-18.35
-13.52
-16.57
-18.28
-14.53
-16.50
-18.36
-15.52
-16.44
-18.43
-16.51
-16.41
-18.48
-17.51
-16.43
-18.45
-18.50
-16.43
-18.41
-19.50
-16.41
-18.40
-20.48
-16.38
-18.40
-21.45
-16.32
-18.40
-22.36
-16.21
-18.41
-23.18
-16.01
-18.42
-23.85
-15.74
-18.41
-10.91
-15.78
-18.80
-11.65
-15.92
-18.90
-12.57
-16.04
-19.00
-13.52
-16.11
-19.03
-14.50
-16.12
-19.10
-15.48
-16.11
-19.19
-16.51
-16.10
-19.37
-17.54
-16.20
-19.29
-18.52
-16.24
-19.26
-19.50
-16.25
-19.26
-20.48
-16.24
-19.26
-21.44
-16.20
-19.25
-22.36
-16.11
-19.25
-23.22
-15.93
-19.30
-23.80
-15.74
-19.07
-16.88
-15.89
-19.95
-17.63
-15.95
-20.00
-18.55
-16.00
-20.03
-19.51
-16.03
-20.04
-20.49
-16.04
-20.04
-21.44
-16.01
-20.02
-22.32
-15.96
-19.98
-22.98
-15.87
-19.92
-14.21
-14.74
-11.06
-14.80
-14.88
-11.00
-15.60
-14.98
-10.96
-16.46
-15.01
-10.96
-17.29
-14.97
-11.00
-17.93
-14.90
-11.06
-13.96
-14.98
-11.52
-14.71
-15.24
-11.56
-15.57
-15.36
-11.55
-16.46
-15.38
-11.56
-17.34
-15.30
-11.57
-18.14
-15.13
-11.55
-10.97
-15.33
-13.03
-11.69
-15.34
-12.76
-12.53
-15.36
-12.51
-13.51
-15.36
-12.17
-14.56
-15.64
-12.18
-15.53
-15.75
-12.19
-16.49
-15.75
-12.20
-17.45
-15.66
-12.22
-18.48
-15.46
-12.23
-19.39
-15.42
-12.58
-20.15
-15.40
-12.93
-9.00
-15.24
-14.17
-9.63
-15.32
-13.78
-10.35
-15.40
-13.42
-20.75
-15.51
-13.49
-21.53
-15.34
-13.69
-22.15
-15.22
-13.85
-8.20
-15.40
-15.20
-8.46
-15.25
-14.75
-20.94
-15.75
-14.09
-21.58
-15.64
-14.26
-22.37
-15.44
-14.43
-23.05
-15.40
-14.92
-7.45
-14.76
-15.95
-7.85
-15.14
-15.62
-8.05
-15.03
-15.08
-23.43
-15.46
-15.57
-7.39
-14.76
-16.43
-7.75
-15.21
-16.44
-23.74
-15.49
-16.25
-24.15
-15.40
-16.82
-7.41
-14.70
-16.88
-7.79
-15.01
-17.18
-24.35
-15.36
-17.59
-8.21
-15.03
-17.84
-8.84
-15.10
-18.35
-9.57
-15.45
-18.54
-10.21
-15.63
-18.68
-24.47
-15.31
-18.50
-24.91
-14.95
-18.87
-9.18
-14.82
-18.81
-9.73
-15.00
-18.99
-10.58
-15.26
-19.17
-11.59
-15.29
-19.52
-12.57
-15.52
-19.60
-13.52
-15.64
-19.67
-14.47
-15.70
-19.75
-15.39
-15.75
-19.85
-16.14
-15.82
-19.90
-23.62
-15.69
-19.75
-24.21
-15.43
-19.47
-24.84
-14.95
-19.58
-11.95
-14.92
-19.99
-12.65
-15.01
-20.12
-13.54
-15.14
-20.23
-14.47
-15.24
-20.36
-15.47
-15.30
-20.53
-16.53
-15.57
-20.45
-17.55
-15.61
-20.65
-18.54
-15.68
-20.73
-19.52
-15.74
-20.76
-20.49
-15.76
-20.76
-21.46
-15.75
-20.73
-22.40
-15.70
-20.65
-23.33
-15.60
-20.42
-24.15
-15.28
-20.41
-24.78
-14.87
-20.43
-15.85
-15.01
-21.04
-16.59
-15.11
-21.14
-17.54
-15.14
-21.38
-18.55
-15.29
-21.40
-19.53
-15.38
-21.42
-20.51
-15.42
-21.43
-21.48
-15.43
-21.42
-22.43
-15.39
-21.36
-23.33
-15.29
-21.27
-24.11
-15.08
-21.22
-24.71
-14.76
-21.22
-17.89
-14.82
-21.89
-18.63
-14.88
-21.99
-19.55
-14.97
-22.03
-20.52
-15.03
-22.06
-21.49
-15.05
-22.05
-22.45
-15.03
-22.03
-23.34
-14.96
-21.96
-24.10
-14.82
-21.89
-24.61
-14.65
-21.79
-14.03
-13.95
-10.13
-14.71
-14.05
-9.97
-15.57
-14.14
-9.85
-16.49
-14.18
-9.81
-17.42
-14.19
-9.85
-18.30
-14.15
-9.97
-18.99
-14.05
-10.04
-13.91
-14.29
-10.68
-14.74
-14.47
-10.50
-15.59
-14.57
-10.41
-16.48
-14.61
-10.39
-17.38
-14.60
-10.47
-18.33
-14.56
-10.68
-19.20
-14.27
-10.59
-13.45
-14.52
-11.30
-18.78
-14.83
-11.35
-19.66
-14.53
-11.31
-20.62
-14.43
-11.64
-21.55
-14.26
-11.78
-22.48
-14.10
-11.88
-23.39
-13.92
-11.98
-24.08
-13.80
-12.13
-10.77
-14.74
-12.68
-11.55
-14.75
-12.38
-12.33
-14.76
-12.13
-13.01
-14.73
-11.82
-18.97
-15.09
-11.88
-19.65
-14.98
-12.05
-20.59
-14.91
-12.43
-21.57
-14.65
-12.50
-22.51
-14.47
-12.64
-23.46
-14.27
-12.72
-24.42
-14.01
-12.74
-25.25
-13.86
-13.04
-25.82
-13.68
-13.27
-8.81
-14.65
-13.86
-9.48
-14.73
-13.42
-10.14
-14.79
-13.07
-20.99
-15.13
-13.03
-21.65
-15.00
-13.17
-22.53
-14.88
-13.46
-23.52
-14.63
-13.56
-24.48
-14.37
-13.63
-25.38
-14.15
-13.78
-26.22
-13.87
-13.96
-26.95
-13.91
-14.37
-27.29
-13.93
-14.53
-8.30
-14.66
-14.43
-22.83
-15.10
-14.12
-23.59
-14.98
-14.49
-24.56
-14.64
-14.53
-25.45
-14.39
-14.60
-26.27
-14.18
-14.68
-26.94
-14.07
-14.80
-27.32
-13.98
-14.85
-7.29
-14.25
-15.77
-7.61
-14.51
-15.32
-7.93
-14.61
-14.89
-23.96
-15.11
-15.37
-24.68
-14.81
-15.44
-25.51
-14.51
-15.47
-26.29
-14.27
-15.44
-26.93
-14.11
-15.40
-27.30
-13.99
-15.32
-7.18
-14.17
-16.38
-24.13
-15.19
-16.01
-24.69
-14.97
-16.41
-25.54
-14.52
-16.38
-26.29
-14.21
-16.20
-26.90
-13.98
-16.01
-27.26
-13.96
-15.71
-7.27
-14.17
-16.96
-7.58
-14.26
-17.48
-24.91
-14.92
-17.39
-25.62
-14.38
-17.40
-26.28
-13.99
-16.89
-26.69
-13.90
-16.56
-8.00
-14.30
-18.05
-8.54
-14.31
-18.56
-24.92
-14.93
-18.14
-25.33
-14.52
-18.51
-9.06
-14.26
-19.01
-9.70
-14.34
-19.36
-10.52
-14.44
-19.72
-11.24
-14.73
-19.85
-25.32
-14.43
-19.53
-10.98
-14.12
-20.16
-11.65
-14.40
-20.27
-12.58
-14.39
-20.63
-13.52
-14.60
-20.75
-14.41
-14.74
-20.88
-15.13
-14.89
-20.95
-25.27
-14.37
-20.46
-12.89
-13.99
-21.07
-13.59
-14.08
-21.24
-14.52
-14.20
-21.44
-15.51
-14.57
-21.41
-16.44
-14.66
-21.63
-17.16
-14.75
-21.76
-25.14
-14.30
-21.34
-14.90
-13.87
-21.87
-15.61
-14.01
-21.97
-16.51
-14.14
-22.14
-17.50
-14.37
-22.23
-18.54
-14.33
-22.55
-19.56
-14.49
-22.59
-20.53
-14.58
-22.62
-21.50
-14.62
-22.63
-22.46
-14.62
-22.62
-23.36
-14.57
-22.56
-24.17
-14.45
-22.43
-24.85
-14.23
-22.17
-18.89
-13.94
-22.99
-19.63
-13.99
-23.08
-20.56
-14.08
-23.13
-21.51
-14.14
-23.15
-22.47
-14.15
-23.14
-23.38
-14.12
-23.09
-24.19
-14.05
-22.98
-24.75
-13.94
-22.80
-16.87
-12.85
-8.08
-17.61
-12.89
-8.03
-18.50
-12.94
-8.04
-19.39
-12.94
-8.08
-20.12
-12.91
-8.12
-10.02
-12.59
-9.38
-10.69
-12.67
-9.30
-11.57
-12.73
-9.23
-12.53
-12.81
-9.17
-13.49
-12.92
-9.06
-14.50
-13.03
-8.86
-15.49
-13.15
-8.72
-16.50
-13.18
-8.54
-17.52
-13.31
-8.60
-18.48
-13.35
-8.66
-19.45
-13.31
-8.73
-20.48
-13.15
-8.66
-21.44
-13.07
-8.85
-22.26
-12.95
-8.99
-22.86
-12.82
-9.12
-9.04
-12.67
-10.08
-9.71
-12.81
-9.87
-10.61
-13.02
-9.87
-11.56
-13.13
-9.84
-12.57
-13.25
-9.82
-13.48
-13.47
-9.80
-14.55
-13.56
-9.46
-15.52
-13.66
-9.29
-16.50
-13.71
-9.20
-17.47
-13.76
-9.23
-18.43
-13.76
-9.35
-19.44
-13.73
-9.59
-20.50
-13.51
-9.53
-21.44
-13.36
-9.59
-22.28
-13.21
-9.65
-23.00
-13.01
-9.67
-8.23
-12.69
-11.04
-8.79
-12.87
-10.72
-9.64
-13.15
-10.64
-10.55
-13.34
-10.59
-11.50
-13.44
-10.52
-12.46
-13.54
-10.42
-13.16
-13.76
-10.44
-19.83
-13.98
-10.35
-20.64
-13.79
-10.31
-21.50
-13.63
-10.34
-22.37
-13.46
-10.38
-23.18
-13.23
-10.39
-8.06
-12.84
-11.72
-8.74
-13.19
-11.59
-9.58
-13.46
-11.48
-10.49
-13.67
-11.39
-11.42
-13.79
-11.26
-12.26
-13.90
-11.16
-12.91
-14.11
-11.14
-20.06
-14.17
-10.89
-20.71
-14.06
-10.99
-21.56
-13.91
-11.07
-22.48
-13.74
-11.14
-23.49
-13.49
-11.22
-24.40
-13.41
-11.73
-25.12
-13.12
-11.98
-25.57
-12.98
-12.32
-7.39
-12.88
-13.11
-7.80
-13.03
-12.67
-8.62
-13.50
-12.50
-9.49
-13.81
-12.30
-10.43
-14.14
-12.23
-11.41
-14.21
-11.92
-12.19
-14.27
-11.73
-12.72
-14.34
-11.59
-24.72
-13.66
-12.31
-25.27
-13.49
-12.53
-25.85
-13.22
-12.93
-7.29
-12.96
-13.65
-7.78
-13.40
-13.51
-8.52
-13.97
-13.42
-9.36
-14.20
-12.99
-9.97
-14.35
-12.77
-26.48
-13.28
-13.88
-27.05
-13.66
-14.35
-27.33
-13.83
-14.53
-7.17
-13.13
-14.45
-7.61
-13.65
-14.29
-8.05
-14.12
-14.22
-26.79
-13.08
-14.67
-27.16
-13.53
-14.79
-27.38
-13.81
-14.85
-7.11
-13.44
-15.38
-7.51
-13.96
-14.94
-7.82
-14.23
-14.70
-26.85
-13.04
-15.48
-27.17
-13.52
-15.42
-27.37
-13.80
-15.33
-7.02
-13.38
-16.28
-26.73
-13.13
-16.33
-27.03
-13.64
-16.05
-27.30
-13.82
-15.72
-7.15
-13.38
-17.00
-7.45
-13.42
-17.62
-25.96
-13.89
-17.77
-26.39
-13.40
-17.28
-26.75
-13.67
-16.67
-7.87
-13.45
-18.21
-8.38
-13.47
-18.75
-25.80
-13.87
-18.58
-26.13
-13.22
-18.47
-8.94
-13.47
-19.25
-9.56
-13.60
-19.65
-10.20
-13.67
-20.01
-25.72
-13.82
-19.53
-26.00
-13.15
-19.50
-10.79
-13.49
-20.48
-11.57
-13.75
-20.70
-12.21
-13.88
-20.89
-25.66
-13.78
-20.48
-25.92
-13.13
-20.49
-11.03
-13.06
-20.93
-11.66
-13.20
-21.14
-12.53
-13.47
-21.31
-13.45
-13.47
-21.67
-14.18
-13.68
-21.77
-25.55
-13.73
-21.41
-25.83
-13.11
-21.45
-13.84
-13.14
-22.08
-14.59
-13.35
-22.18
-15.53
-13.42
-22.42
-16.49
-13.47
-22.68
-17.43
-13.73
-22.75
-18.16
-13.85
-22.87
-25.35
-13.64
-22.30
-25.70
-13.07
-22.35
-16.85
-13.07
-23.07
-17.57
-13.19
-23.18
-18.52
-13.43
-23.26
-19.55
-13.36
-23.52
-20.56
-13.52
-23.55
-21.52
-13.59
-23.57
-22.49
-13.62
-23.57
-23.43
-13.61
-23.54
-24.30
-13.55
-23.43
-25.05
-13.44
-23.13
-25.54
-12.96
-23.15
-19.90
-12.91
-23.81
-20.63
-12.96
-23.85
-21.54
-13.00
-23.88
-22.51
-13.02
-23.88
-23.47
-13.03
-23.89
-24.37
-13.01
-23.87
-25.05
-12.96
-23.77
-25.44
-12.80
-23.68
-17.89
-12.01
-7.03
-18.62
-12.03
-7.00
-19.53
-12.03
-7.01
-20.48
-12.01
-7.07
-21.40
-11.92
-7.13
-22.21
-11.79
-7.23
-22.79
-11.64
-7.36
-14.89
-12.12
-7.83
-15.59
-12.26
-7.77
-16.51
-12.44
-7.73
-17.54
-12.37
-7.46
-18.53
-12.49
-7.49
-19.49
-12.53
-7.54
-20.48
-12.56
-7.69
-21.45
-12.39
-7.68
-22.33
-12.20
-7.77
-23.16
-11.87
-7.92
-23.81
-11.72
-8.31
-9.09
-11.92
-9.25
-9.73
-12.13
-9.10
-10.62
-12.17
-8.86
-11.54
-12.22
-8.73
-12.48
-12.27
-8.62
-13.45
-12.34
-8.46
-14.48
-12.42
-8.25
-15.42
-12.66
-8.22
-16.14
-12.77
-8.15
-20.84
-12.85
-8.18
-21.54
-12.76
-8.25
-22.37
-12.61
-8.42
-23.25
-12.43
-8.77
-24.09
-11.99
-8.97
-24.50
-11.94
-9.32
-8.07
-11.94
-10.13
-8.70
-12.18
-9.77
-9.35
-12.42
-9.54
-12.82
-13.33
-9.98
-13.11
-13.41
-9.97
-23.59
-12.70
-9.58
-24.20
-12.36
-9.66
-24.62
-12.08
-9.81
-7.91
-12.25
-10.76
-8.44
-12.47
-10.39
-12.77
-13.42
-10.18
-13.02
-13.50
-10.19
-23.79
-12.93
-10.30
-24.35
-12.62
-10.38
-24.80
-12.26
-10.54
-7.56
-12.36
-11.63
-23.94
-13.12
-10.87
-24.47
-12.93
-11.10
-25.09
-12.54
-11.46
-25.58
-12.55
-12.16
-7.17
-12.60
-13.04
-7.27
-12.46
-12.53
-25.90
-12.56
-12.84
-6.93
-12.41
-13.49
-6.98
-12.30
-12.97
-26.23
-12.48
-13.69
-6.79
-12.41
-14.43
-26.47
-12.41
-14.59
-6.75
-12.44
-15.37
-26.55
-12.38
-15.51
-6.82
-12.46
-16.27
-26.50
-12.42
-16.45
-7.03
-12.48
-17.04
-7.36
-12.51
-17.72
-26.35
-12.49
-17.43
-7.78
-12.53
-18.36
-8.26
-12.60
-18.93
-26.20
-12.45
-18.47
-8.84
-12.51
-19.58
-9.49
-12.90
-19.97
-9.97
-13.14
-20.18
-26.09
-12.41
-19.49
-9.16
-12.10
-20.17
-9.66
-12.37
-20.49
-10.25
-12.87
-20.57
-26.01
-12.44
-20.50
-10.03
-12.16
-20.96
-10.67
-12.48
-21.13
-11.58
-12.49
-21.60
-12.45
-12.80
-21.77
-13.13
-12.95
-21.94
-25.93
-12.47
-21.47
-11.93
-12.05
-22.03
-12.61
-12.28
-22.21
-13.50
-12.57
-22.36
-14.51
-12.60
-22.70
-15.44
-12.83
-22.83
-16.14
-12.95
-22.95
-25.81
-12.49
-22.40
-14.88
-12.20
-23.11
-15.58
-12.33
-23.21
-16.49
-12.54
-23.31
-17.50
-12.49
-23.57
-18.44
-12.74
-23.64
-19.17
-12.83
-23.73
-25.68
-12.48
-23.23
-17.86
-12.04
-23.84
-18.58
-12.16
-23.89
-19.54
-12.36
-23.92
-20.54
-12.34
-23.99
-21.52
-12.36
-24.01
-22.51
-12.37
-24.00
-23.53
-12.42
-24.05
-24.53
-12.43
-24.16
-25.14
-12.53
-24.14
-25.51
-12.44
-23.92
-24.95
-12.25
-24.38
-25.25
-12.28
-24.38
-25.48
-12.27
-24.29
-14.06
-11.07
-6.91
-14.71
-11.23
-6.84
-15.57
-11.35
-6.73
-16.50
-11.46
-6.66
-17.51
-11.60
-6.67
-18.54
-11.54
-6.53
-19.51
-11.50
-6.51
-20.47
-11.46
-6.56
-21.38
-11.38
-6.65
-22.20
-11.27
-6.80
-22.88
-11.14
-7.08
-13.81
-11.34
-7.38
-14.62
-11.68
-7.46
-15.54
-11.80
-7.29
-16.42
-11.92
-7.20
-17.15
-11.96
-7.10
-23.47
-11.17
-7.60
-24.06
-11.19
-8.20
-8.91
-11.32
-8.97
-9.68
-11.38
-8.63
-10.58
-11.52
-8.41
-11.49
-11.61
-8.27
-12.41
-11.67
-8.14
-13.36
-11.70
-7.91
-14.15
-11.93
-7.89
-24.49
-11.38
-8.98
-24.65
-11.70
-9.33
-7.15
-10.90
-10.22
-7.68
-11.29
-9.96
-8.34
-11.42
-9.44
-24.83
-11.27
-9.73
-24.81
-11.71
-9.84
-6.89
-11.03
-10.78
-7.37
-11.61
-10.74
-25.03
-11.24
-10.56
-25.01
-11.76
-10.61
-6.26
-10.76
-11.94
-6.61
-11.14
-11.59
-7.09
-11.78
-11.57
-25.20
-11.21
-11.44
-25.30
-11.83
-11.59
-25.58
-12.11
-12.13
-6.20
-10.86
-12.59
-6.54
-11.43
-12.47
-6.91
-11.93
-12.36
-25.33
-11.10
-12.18
-25.50
-11.51
-12.37
-25.76
-11.96
-12.71
-6.16
-10.96
-13.41
-6.55
-11.70
-13.33
-6.80
-11.99
-12.89
-25.40
-11.00
-12.66
-25.57
-11.16
-12.99
-25.92
-11.66
-13.55
-6.14
-10.95
-14.25
-6.45
-11.63
-14.35
-26.16
-11.68
-14.56
-6.17
-10.90
-14.89
-6.42
-11.40
-15.34
-26.26
-11.68
-15.52
-6.64
-11.50
-16.32
-26.26
-11.69
-16.48
-6.91
-11.54
-17.12
-7.26
-11.57
-17.83
-26.20
-11.71
-17.46
-7.72
-11.55
-18.56
-8.14
-11.88
-19.02
-26.11
-11.68
-18.46
-8.01
-11.15
-19.08
-8.48
-11.50
-19.57
-25.78
-11.11
-19.85
-25.99
-11.59
-19.49
-9.06
-11.44
-20.41
-9.48
-11.81
-20.72
-25.68
-11.16
-20.57
-25.92
-11.75
-20.52
-9.42
-11.19
-21.07
-9.85
-11.63
-21.21
-10.58
-11.82
-21.53
-11.24
-11.90
-21.82
-25.50
-11.22
-21.45
-25.80
-11.83
-21.48
-9.59
-11.06
-21.41
-9.96
-11.18
-21.57
-10.66
-11.27
-21.84
-11.65
-11.39
-22.24
-12.61
-11.67
-22.59
-13.46
-11.89
-22.83
-14.17
-12.05
-22.98
-23.85
-10.96
-22.97
-24.46
-11.07
-22.81
-25.16
-11.30
-22.41
-25.64
-11.91
-22.42
-12.17
-11.00
-22.71
-12.79
-11.11
-22.99
-13.62
-11.28
-23.28
-14.56
-11.67
-23.35
-15.52
-11.75
-23.53
-16.40
-11.87
-23.65
-17.13
-11.95
-23.75
-22.83
-11.26
-23.55
-23.58
-11.27
-23.43
-24.45
-11.48
-23.44
-25.13
-11.67
-23.32
-25.55
-12.04
-23.27
-14.01
-10.94
-23.60
-14.67
-11.06
-23.69
-15.55
-11.15
-23.80
-16.48
-11.27
-23.88
-17.49
-11.48
-23.92
-18.50
-11.47
-23.97
-19.49
-11.54
-23.95
-20.50
-11.64
-23.95
-21.47
-11.69
-23.93
-22.49
-11.66
-23.85
-23.55
-11.82
-23.89
-24.55
-11.94
-24.02
-25.15
-11.94
-23.97
-25.48
-12.13
-23.93
-24.95
-12.08
-24.34
-25.25
-12.09
-24.33
-25.47
-12.14
-24.28
-14.18
-9.62
-4.27
-14.78
-9.74
-4.14
-15.61
-9.87
-4.07
-16.52
-9.93
-4.04
-17.44
-9.94
-4.05
-18.30
-9.91
-4.09
-18.97
-9.86
-4.16
-13.23
-9.69
-5.13
-13.85
-9.80
-4.82
-14.69
-10.08
-4.77
-15.58
-10.23
-4.71
-16.51
-10.29
-4.68
-17.45
-10.29
-4.67
-18.35
-10.23
-4.66
-19.17
-10.10
-4.62
-10.31
-9.53
-6.46
-10.67
-9.62
-6.36
-11.09
-9.69
-6.29
-13.02
-9.93
-5.67
-13.78
-10.23
-5.61
-14.65
-10.44
-5.50
-15.56
-10.57
-5.41
-16.51
-10.64
-5.37
-17.48
-10.64
-5.34
-18.47
-10.58
-5.31
-19.53
-10.42
-5.26
-20.52
-10.39
-5.51
-21.38
-10.27
-5.71
-22.15
-10.09
-5.95
-22.63
-10.04
-6.23
-10.16
-9.71
-6.81
-10.66
-9.93
-6.77
-11.22
-9.99
-6.65
-12.83
-10.28
-6.38
-13.69
-10.67
-6.47
-14.64
-10.82
-6.23
-15.56
-10.94
-6.11
-16.51
-11.02
-6.04
-17.50
-11.07
-6.01
-18.51
-11.03
-5.96
-19.51
-10.96
-5.95
-20.48
-10.91
-6.05
-21.38
-10.81
-6.19
-22.19
-10.65
-6.39
-22.92
-10.34
-6.70
-9.95
-10.00
-7.37
-10.66
-10.31
-7.29
-11.49
-10.41
-7.12
-12.39
-10.58
-7.04
-13.21
-10.95
-7.15
-23.64
-10.37
-7.40
-24.29
-10.38
-8.13
-24.62
-10.03
-8.42
-7.96
-10.11
-8.87
-8.60
-10.46
-8.64
-9.57
-10.48
-8.07
-10.56
-10.83
-7.90
-11.46
-10.99
-7.76
-12.31
-11.11
-7.67
-12.96
-11.24
-7.61
-24.66
-10.64
-8.88
-24.81
-10.08
-8.93
-6.95
-10.33
-9.98
-7.58
-10.44
-9.41
-8.16
-10.79
-9.15
-24.90
-10.68
-9.67
-24.96
-10.08
-9.67
-6.18
-10.00
-10.98
-6.52
-10.36
-10.66
-25.05
-10.67
-10.53
-25.07
-10.06
-10.54
-6.08
-10.21
-11.66
-6.37
-10.60
-11.29
-25.16
-10.67
-11.41
-25.16
-10.08
-11.46
-5.94
-10.19
-12.55
-25.26
-10.67
-12.19
-25.26
-10.16
-12.37
-5.90
-10.22
-13.43
-25.36
-10.72
-12.75
-25.46
-10.48
-13.33
-25.78
-11.04
-13.83
-5.92
-10.25
-14.28
-25.57
-10.35
-14.51
-25.89
-11.01
-14.61
-6.02
-10.30
-15.04
-6.24
-10.50
-15.70
-25.62
-10.33
-15.52
-25.96
-10.99
-15.53
-6.48
-10.59
-16.49
-25.63
-10.34
-16.50
-25.98
-10.99
-16.50
-6.78
-10.64
-17.26
-7.12
-10.72
-17.90
-25.62
-10.38
-17.48
-25.96
-11.01
-17.46
-7.48
-10.63
-18.51
-25.59
-10.45
-18.45
-25.91
-11.04
-18.38
-7.89
-10.43
-19.11
-8.46
-10.51
-19.74
-25.56
-10.62
-19.47
-25.86
-11.07
-19.12
-8.97
-10.63
-20.43
-25.35
-10.59
-20.43
-9.40
-10.63
-21.07
-9.85
-10.37
-21.36
-10.44
-10.17
-21.60
-11.00
-9.99
-21.83
-20.31
-9.60
-22.21
-20.82
-9.78
-22.14
-21.52
-9.91
-22.09
-22.16
-9.98
-22.06
-25.15
-10.66
-21.26
-9.58
-10.82
-21.42
-9.95
-10.76
-21.61
-10.59
-10.66
-21.86
-11.44
-10.43
-22.23
-20.05
-9.81
-22.67
-20.74
-10.11
-22.66
-21.55
-10.28
-22.62
-22.48
-10.35
-22.52
-23.46
-10.57
-22.60
-24.26
-10.62
-22.31
-24.84
-10.70
-21.94
-12.17
-10.48
-22.77
-12.88
-10.51
-23.22
-13.40
-10.76
-23.44
-19.80
-10.20
-23.23
-20.62
-10.50
-23.23
-21.49
-10.70
-23.22
-22.41
-10.87
-23.23
-23.16
-10.89
-23.11
-13.29
-10.35
-23.51
-13.80
-10.50
-23.64
-14.64
-10.50
-23.79
-15.55
-10.54
-23.89
-16.49
-10.60
-23.94
-17.46
-10.69
-23.94
-18.42
-10.72
-23.89
-19.43
-10.72
-23.72
-20.48
-10.99
-23.69
-21.38
-11.14
-23.67
-22.10
-11.21
-23.63
-15.03
-8.89
-3.15
-15.69
-8.95
-3.06
-16.56
-8.99
-3.01
-17.50
-8.99
-3.03
-18.46
-8.96
-3.12
-19.43
-8.93
-3.28
-20.34
-8.87
-3.40
-21.04
-8.84
-3.52
-21.44
-8.77
-3.62
-14.01
-9.19
-3.93
-14.74
-9.23
-3.58
-15.63
-9.42
-3.52
-16.54
-9.50
-3.48
-17.48
-9.52
-3.51
-18.42
-9.51
-3.60
-19.41
-9.51
-3.84
-20.37
-9.31
-3.86
-21.11
-9.12
-3.92
-21.60
-8.82
-3.97
-12.89
-9.28
-4.93
-13.46
-9.26
-4.44
-19.78
-9.84
-4.44
-20.53
-9.64
-4.44
-21.26
-9.40
-4.52
-21.88
-9.02
-4.63
-10.16
-9.14
-6.30
-10.70
-9.18
-6.04
-11.42
-9.38
-5.94
-12.31
-9.46
-5.58
-19.99
-10.07
-4.91
-20.62
-9.97
-5.01
-21.41
-9.76
-5.18
-22.28
-9.37
-5.53
-22.70
-9.63
-6.08
-9.79
-9.26
-6.74
-11.65
-9.88
-6.42
-12.23
-9.96
-6.29
-22.80
-9.13
-6.01
-23.11
-9.43
-6.54
-7.84
-8.98
-8.16
-8.21
-9.07
-7.99
-9.45
-9.45
-7.29
-11.76
-10.16
-6.78
-12.13
-10.22
-6.73
-23.73
-9.49
-7.35
-24.27
-9.62
-7.96
-24.61
-9.60
-8.38
-7.74
-9.42
-8.57
-8.44
-9.54
-8.17
-9.09
-9.67
-7.81
-24.80
-9.55
-8.92
-6.22
-9.11
-10.01
-6.64
-9.54
-9.73
-7.22
-9.63
-9.15
-24.93
-9.48
-9.66
-6.05
-9.36
-10.69
-6.37
-9.77
-10.34
-25.02
-9.38
-10.55
-5.83
-9.37
-11.60
-25.11
-9.38
-11.49
-5.72
-9.38
-12.53
-25.17
-9.41
-12.44
-5.69
-9.41
-13.45
-25.03
-8.91
-14.00
-25.20
-9.41
-13.51
-5.73
-9.45
-14.36
-25.00
-8.95
-14.69
-25.26
-9.60
-14.56
-5.85
-9.53
-15.22
-6.07
-9.72
-15.91
-24.93
-8.98
-15.57
-25.27
-9.66
-15.54
-6.30
-9.76
-16.65
-24.84
-9.02
-16.54
-25.24
-9.70
-16.52
-6.62
-9.73
-17.53
-6.99
-10.09
-17.97
-24.78
-9.14
-17.52
-25.21
-9.76
-17.50
-6.83
-9.31
-18.25
-7.24
-9.86
-18.46
-24.70
-9.24
-18.46
-25.16
-9.84
-18.47
-7.07
-9.02
-18.75
-7.67
-9.45
-19.09
-8.62
-9.48
-19.83
-9.40
-9.06
-20.17
-9.96
-8.86
-20.36
-24.53
-9.33
-19.39
-25.06
-9.94
-19.43
-9.13
-9.95
-20.44
-9.64
-9.52
-20.59
-10.27
-9.13
-20.74
-10.81
-8.96
-21.03
-20.42
-8.84
-21.50
-20.91
-8.91
-21.34
-21.63
-8.95
-21.19
-22.47
-9.01
-21.03
-23.35
-9.12
-20.72
-24.18
-9.42
-20.33
-24.87
-10.02
-20.36
-9.40
-10.16
-20.87
-9.80
-9.93
-21.03
-10.41
-9.65
-21.24
-11.17
-9.34
-21.58
-20.14
-9.11
-21.92
-20.84
-9.36
-21.71
-21.60
-9.49
-21.62
-22.49
-9.65
-21.62
-23.38
-9.67
-21.38
-24.15
-9.85
-21.19
-24.74
-10.19
-21.14
-11.93
-9.62
-22.27
-12.71
-9.36
-22.65
-13.31
-9.17
-22.83
-18.68
-9.02
-22.87
-19.42
-9.24
-22.59
-22.82
-10.03
-22.04
-23.47
-10.11
-21.97
-24.16
-10.20
-21.81
-24.62
-10.34
-21.66
-12.32
-9.98
-22.76
-12.95
-9.87
-23.10
-13.70
-9.48
-23.21
-14.60
-9.41
-23.40
-15.52
-9.36
-23.49
-16.46
-9.35
-23.52
-17.38
-9.38
-23.47
-18.30
-9.41
-23.29
-19.12
-9.76
-23.20
-13.31
-10.05
-23.46
-13.83
-9.98
-23.56
-14.63
-9.95
-23.69
-15.54
-9.94
-23.78
-16.48
-9.96
-23.81
-17.41
-10.01
-23.78
-18.28
-10.07
-23.68
-18.95
-10.17
-23.58
-14.00
-8.14
-3.03
-14.71
-8.39
-2.91
-15.61
-8.40
-2.69
-16.53
-8.40
-2.61
-17.49
-8.37
-2.62
-18.47
-8.29
-2.71
-19.46
-8.24
-2.92
-20.40
-8.25
-3.14
-21.10
-8.44
-3.37
-21.50
-8.53
-3.56
-13.73
-8.55
-3.55
-14.37
-8.74
-3.32
-20.80
-7.87
-3.22
-21.31
-7.99
-3.46
-21.80
-8.24
-3.89
-12.59
-8.67
-4.59
-13.15
-8.67
-4.12
-22.24
-8.39
-4.62
-9.91
-8.49
-6.06
-10.60
-8.50
-5.65
-11.34
-8.64
-5.39
-12.03
-8.74
-5.08
-22.59
-8.56
-5.37
-9.42
-8.67
-6.61
-22.94
-8.55
-5.98
-23.29
-8.51
-6.63
-6.96
-8.09
-8.02
-7.57
-8.48
-7.91
-8.32
-8.72
-7.61
-8.98
-8.86
-7.22
-23.79
-8.51
-7.61
-24.28
-8.99
-8.14
-24.57
-9.21
-8.42
-6.19
-8.07
-8.95
-6.65
-8.32
-8.58
-7.23
-8.83
-8.50
-8.56
-9.14
-7.82
-8.89
-9.21
-7.64
-24.03
-8.08
-8.50
-24.39
-8.62
-8.72
-24.67
-9.06
-8.88
-6.06
-8.42
-9.66
-6.57
-8.85
-9.22
-6.99
-9.10
-8.95
-24.17
-7.86
-9.27
-24.47
-8.36
-9.42
-24.76
-8.87
-9.61
-5.77
-8.47
-10.60
-24.27
-7.72
-9.83
-24.52
-8.05
-10.14
-24.83
-8.60
-10.55
-5.60
-8.49
-11.55
-24.99
-8.66
-11.51
-5.51
-8.51
-12.51
-25.05
-8.67
-12.38
-5.48
-8.55
-13.48
-24.90
-8.33
-13.82
-25.03
-8.61
-13.18
-5.51
-8.59
-14.47
-24.78
-8.25
-14.63
-5.60
-8.65
-15.55
-5.90
-9.12
-16.05
-24.64
-8.23
-15.54
-5.62
-8.42
-16.54
-6.01
-9.04
-16.68
-24.16
-7.80
-17.08
-24.44
-8.20
-16.60
-5.72
-8.29
-17.40
-6.19
-8.92
-17.46
-24.07
-7.90
-17.71
-24.38
-8.49
-17.56
-5.88
-8.11
-18.13
-6.40
-8.66
-18.19
-23.93
-8.00
-18.49
-24.28
-8.63
-18.46
-6.10
-7.91
-18.63
-6.75
-8.30
-18.83
-7.61
-8.44
-19.29
-8.52
-8.46
-19.71
-9.38
-8.35
-20.02
-10.14
-8.36
-20.30
-10.60
-8.20
-20.48
-23.69
-8.12
-19.30
-24.11
-8.74
-19.28
-10.48
-8.63
-20.58
-10.94
-8.37
-20.84
-20.34
-8.40
-21.41
-20.88
-8.36
-21.17
-21.60
-8.28
-20.95
-22.42
-8.28
-20.65
-23.28
-8.36
-20.12
-23.88
-8.84
-19.93
-11.73
-8.49
-21.52
-12.65
-8.21
-21.91
-13.50
-8.08
-22.16
-14.28
-7.95
-22.29
-14.87
-7.83
-22.37
-19.88
-8.39
-21.79
-12.13
-8.97
-22.03
-12.75
-8.80
-22.29
-13.58
-8.69
-22.57
-14.47
-8.41
-22.63
-15.37
-8.11
-22.66
-16.43
-8.11
-22.82
-17.38
-8.19
-22.83
-18.32
-8.40
-22.72
-19.19
-8.40
-22.30
-13.95
-9.02
-22.96
-14.62
-8.90
-23.04
-15.49
-8.78
-23.10
-16.43
-8.75
-23.16
-17.31
-8.79
-23.15
-17.99
-8.87
-23.07
-13.95
-6.99
-2.19
-14.66
-7.07
-2.03
-15.54
-7.11
-1.90
-16.46
-7.10
-1.83
-17.34
-7.10
-1.86
-18.02
-7.03
-1.94
-12.20
-6.80
-3.08
-12.74
-7.09
-2.94
-13.61
-7.45
-2.71
-14.62
-7.68
-2.46
-15.56
-7.75
-2.30
-16.50
-7.76
-2.22
-17.45
-7.69
-2.23
-18.43
-7.46
-2.31
-19.50
-7.38
-2.67
-20.19
-7.66
-2.97
-11.92
-7.03
-3.57
-12.52
-7.51
-3.54
-13.17
-7.93
-3.42
-20.06
-7.02
-2.89
-20.64
-7.27
-3.15
-21.40
-7.28
-3.54
-22.12
-7.34
-4.07
-22.55
-6.95
-4.39
-10.77
-7.17
-4.58
-11.47
-7.35
-4.25
-12.27
-7.97
-4.22
-12.87
-8.19
-3.92
-22.53
-7.68
-4.70
-22.79
-7.06
-4.85
-7.92
-6.92
-6.04
-8.58
-7.20
-5.90
-9.47
-7.65
-5.73
-10.45
-7.65
-5.15
-11.29
-7.95
-4.90
-11.88
-8.21
-4.75
-22.82
-7.87
-5.38
-23.02
-7.22
-5.55
-6.94
-7.10
-6.93
-7.59
-7.24
-6.60
-8.36
-7.65
-6.50
-9.01
-8.06
-6.44
-23.02
-7.99
-5.92
-23.26
-7.53
-6.42
-6.10
-7.18
-7.96
-6.69
-7.48
-7.61
-7.52
-7.83
-7.30
-8.25
-8.12
-7.09
-8.76
-8.33
-6.92
-23.58
-7.46
-7.49
-5.94
-7.47
-8.66
-6.40
-7.76
-8.27
-23.79
-7.30
-8.44
-5.66
-7.58
-9.59
-23.96
-7.21
-9.30
-5.46
-7.62
-10.54
-24.15
-7.21
-10.06
-24.45
-7.47
-10.74
-24.73
-8.02
-10.97
-5.33
-7.61
-11.51
-24.58
-7.29
-11.61
-24.83
-7.99
-11.61
-5.26
-7.63
-12.51
-24.69
-7.30
-12.50
-24.89
-7.99
-12.38
-5.24
-7.70
-13.48
-24.74
-7.52
-13.46
-24.91
-8.04
-13.01
-5.19
-7.73
-14.45
-24.61
-7.42
-14.48
-4.64
-7.14
-15.82
-5.08
-7.66
-15.49
-24.45
-7.38
-15.40
-4.11
-6.84
-16.88
-4.52
-7.15
-16.57
-5.11
-7.74
-16.50
-24.04
-7.22
-16.98
-24.26
-7.34
-16.27
-4.12
-6.85
-17.44
-4.61
-7.21
-17.42
-5.19
-7.71
-17.39
-23.87
-7.22
-17.71
-4.18
-6.79
-17.97
-4.67
-7.04
-18.19
-5.35
-7.55
-18.17
-23.69
-7.25
-18.49
-4.99
-6.90
-18.72
-5.72
-7.28
-18.84
-6.62
-7.45
-19.20
-7.53
-7.55
-19.51
-8.46
-7.57
-19.79
-9.41
-7.50
-20.06
-10.16
-7.74
-20.27
-10.61
-7.83
-20.45
-23.42
-7.32
-19.27
-9.85
-7.12
-20.28
-10.36
-7.27
-20.46
-10.96
-7.57
-20.78
-20.34
-7.92
-21.38
-20.82
-7.76
-21.18
-21.51
-7.46
-20.93
-22.31
-7.41
-20.54
-22.99
-7.40
-19.98
-11.76
-7.57
-21.35
-12.62
-7.47
-21.75
-13.47
-7.45
-21.99
-14.25
-7.44
-22.14
-14.90
-7.42
-22.28
-19.97
-7.57
-21.70
-20.62
-7.24
-21.39
-21.15
-7.04
-21.18
-15.55
-7.40
-22.49
-16.48
-7.40
-22.63
-17.42
-7.44
-22.65
-18.33
-7.51
-22.51
-19.17
-7.55
-22.18
-16.81
-5.89
-1.16
-17.45
-5.90
-1.21
-18.13
-5.86
-1.33
-18.57
-5.72
-1.46
-12.23
-5.91
-2.25
-12.80
-6.07
-2.04
-13.63
-6.40
-1.91
-14.57
-6.43
-1.67
-15.49
-6.45
-1.52
-16.46
-6.38
-1.41
-17.39
-6.48
-1.52
-18.23
-6.46
-1.71
-18.82
-6.00
-1.80
-11.97
-6.26
-2.76
-12.68
-6.58
-2.50
-13.29
-6.83
-2.34
-18.68
-6.80
-2.10
-19.32
-6.41
-2.34
-9.74
-5.87
-4.04
-10.16
-6.06
-3.97
-11.49
-6.49
-3.40
-20.04
-6.34
-2.84
-20.72
-6.40
-3.23
-21.44
-6.44
-3.60
-22.11
-6.45
-4.01
-22.58
-6.41
-4.38
-8.01
-5.90
-5.09
-8.64
-6.02
-4.81
-9.47
-6.19
-4.49
-10.36
-6.54
-4.30
-11.06
-6.65
-3.93
-22.87
-6.36
-4.89
-6.18
-5.78
-6.25
-6.73
-6.03
-6.02
-7.61
-6.29
-5.67
-8.55
-6.60
-5.37
-9.39
-6.87
-5.11
-10.08
-7.01
-4.86
-23.11
-6.39
-5.63
-5.38
-5.73
-7.19
-5.86
-6.00
-6.82
-6.60
-6.56
-6.65
-7.25
-6.71
-6.29
-23.31
-6.48
-6.52
-5.23
-5.91
-7.77
-5.77
-6.56
-7.67
-6.32
-6.88
-7.29
-23.50
-6.47
-7.49
-5.02
-6.02
-8.60
-5.47
-6.73
-8.60
-23.65
-6.41
-8.45
-4.85
-6.09
-9.52
-5.26
-6.81
-9.54
-23.80
-6.38
-9.38
-4.77
-6.18
-10.41
-5.12
-6.83
-10.48
-24.01
-6.38
-10.33
-24.25
-6.76
-10.89
-4.74
-6.23
-11.12
-4.98
-6.72
-11.47
-24.09
-6.06
-10.99
-24.32
-6.40
-11.57
-4.65
-6.32
-12.87
-4.93
-6.76
-12.52
-24.48
-6.42
-12.55
-4.57
-6.39
-13.56
-4.93
-6.95
-13.49
-24.53
-6.48
-13.49
-4.47
-6.50
-14.41
-4.86
-7.05
-14.36
-24.46
-6.48
-14.43
-3.35
-5.78
-16.00
-3.73
-6.17
-15.79
-4.30
-6.63
-15.38
-4.77
-7.10
-15.08
-24.32
-6.48
-15.32
-3.30
-5.85
-16.64
-3.78
-6.43
-16.59
-4.19
-6.75
-16.18
-23.94
-6.41
-16.89
-24.14
-6.47
-16.14
-3.29
-5.85
-17.42
-3.72
-6.41
-17.43
-23.75
-6.39
-17.67
-3.38
-5.80
-18.13
-3.87
-6.34
-18.20
-4.36
-6.60
-18.50
-23.55
-6.40
-18.47
-3.50
-5.67
-18.61
-3.93
-5.93
-18.80
-4.68
-6.30
-19.02
-5.61
-6.51
-19.33
-6.54
-6.66
-19.58
-7.47
-6.75
-19.79
-8.34
-6.80
-19.97
-9.12
-6.79
-20.17
-23.28
-6.43
-19.25
-9.69
-6.64
-20.45
-10.35
-6.71
-20.71
-10.99
-6.83
-21.01
-21.71
-6.78
-20.93
-22.25
-6.45
-20.61
-22.87
-6.46
-19.97
-11.67
-6.77
-21.46
-12.57
-6.68
-21.86
-13.48
-6.82
-22.05
-14.27
-6.91
-22.18
-14.87
-7.00
-22.27
-19.94
-6.74
-21.91
-20.60
-6.57
-21.62
-21.31
-6.39
-21.28
-21.84
-6.08
-21.00
-12.89
-6.21
-22.16
-13.59
-6.28
-22.28
-14.44
-6.40
-22.39
-15.37
-6.65
-22.49
-16.45
-6.64
-22.63
-17.44
-6.65
-22.65
-18.37
-6.68
-22.53
-19.24
-6.70
-22.26
-13.11
-4.89
-1.22
-13.73
-4.98
-1.10
-14.57
-5.07
-1.00
-15.48
-5.15
-0.95
-16.46
-5.33
-0.98
-17.38
-5.25
-1.01
-18.11
-5.24
-1.15
-18.64
-5.23
-1.39
-11.98
-5.35
-2.04
-12.76
-5.31
-1.60
-13.65
-5.63
-1.45
-14.54
-5.75
-1.30
-15.40
-5.82
-1.21
-16.12
-5.86
-1.17
-19.04
-5.31
-1.80
-9.90
-5.01
-3.15
-10.49
-5.22
-2.96
-11.30
-5.51
-2.65
-19.51
-5.43
-2.35
-8.95
-5.06
-3.84
-9.58
-5.36
-3.68
-10.36
-5.76
-3.57
-11.02
-6.00
-3.34
-20.09
-5.46
-2.90
-20.74
-5.53
-3.34
-21.44
-5.58
-3.72
-22.15
-5.58
-4.14
-22.57
-5.85
-4.41
-7.79
-5.34
-4.81
-8.54
-5.34
-4.33
-9.19
-5.64
-4.16
-10.55
-6.18
-3.88
-10.89
-6.27
-3.73
-22.50
-5.25
-4.53
-22.81
-5.57
-4.87
-6.04
-5.23
-5.98
-6.62
-5.39
-5.62
-7.26
-5.51
-5.27
-23.07
-5.51
-5.66
-5.15
-5.19
-7.05
-5.57
-5.25
-6.50
-23.28
-5.50
-6.56
-4.87
-5.23
-7.74
-23.44
-5.49
-7.51
-4.64
-5.29
-8.57
-23.56
-5.47
-8.47
-4.03
-4.89
-10.01
-4.39
-5.29
-9.56
-23.68
-5.45
-9.40
-3.93
-4.99
-10.68
-4.38
-5.57
-10.53
-23.84
-5.43
-10.28
-3.88
-5.15
-11.56
-4.42
-5.82
-11.49
-4.72
-6.26
-11.74
-23.99
-5.36
-11.06
-24.18
-5.45
-11.79
-3.78
-5.25
-12.49
-4.35
-5.90
-12.52
-4.69
-6.28
-12.26
-24.33
-5.49
-12.63
-3.17
-4.88
-13.86
-3.58
-5.26
-13.47
-4.15
-5.87
-13.47
-24.39
-5.52
-13.52
-3.14
-5.01
-14.59
-3.58
-5.51
-14.39
-4.05
-5.99
-14.31
-24.34
-5.53
-14.43
-3.13
-5.25
-15.57
-3.59
-5.77
-15.18
-3.98
-6.13
-14.96
-24.21
-5.55
-15.30
-2.98
-5.19
-16.53
-23.87
-5.51
-16.78
-24.06
-5.61
-16.06
-2.97
-5.18
-17.40
-23.67
-5.48
-17.61
-3.10
-5.16
-18.17
-23.46
-5.48
-18.45
-3.37
-5.16
-18.78
-3.88
-5.28
-19.24
-4.66
-5.45
-19.62
-5.59
-5.76
-19.80
-6.51
-5.93
-19.98
-7.44
-6.03
-20.16
-8.30
-6.17
-20.29
-8.95
-6.31
-20.39
-23.21
-5.50
-19.24
-4.97
-5.04
-20.08
-5.64
-5.15
-20.26
-6.51
-5.29
-20.43
-7.46
-5.35
-20.69
-8.44
-5.64
-20.80
-9.39
-6.04
-20.82
-10.28
-6.19
-21.07
-10.88
-6.34
-21.24
-22.39
-5.49
-20.55
-22.86
-5.52
-19.94
-7.80
-4.98
-21.19
-8.58
-5.07
-21.50
-9.53
-5.49
-21.53
-10.43
-5.76
-21.63
-11.33
-6.09
-21.71
-12.14
-6.15
-21.98
-19.98
-6.16
-22.10
-20.51
-5.91
-21.93
-21.17
-5.45
-21.66
-21.86
-5.39
-21.09
-9.04
-4.77
-22.16
-9.73
-5.08
-22.16
-10.56
-5.29
-22.22
-11.48
-5.50
-22.29
-12.51
-5.71
-22.38
-13.53
-5.69
-22.57
-14.49
-5.74
-22.68
-15.46
-5.84
-22.75
-16.48
-5.86
-22.81
-17.47
-5.87
-22.80
-18.45
-5.87
-22.69
-19.46
-5.84
-22.45
-20.23
-5.45
-22.33
-20.72
-5.10
-22.21
-9.31
-4.56
-22.55
-9.84
-4.67
-22.63
-10.62
-4.78
-22.71
-11.53
-4.88
-22.78
-12.51
-4.97
-22.84
-13.51
-5.00
-22.92
-14.50
-5.03
-22.98
-15.49
-5.07
-23.02
-16.49
-5.08
-23.04
-17.48
-5.08
-23.02
-18.44
-5.07
-22.93
-19.35
-5.04
-22.77
-20.09
-4.93
-22.62
-20.50
-4.90
-22.50
-12.89
-4.33
-1.06
-13.67
-4.29
-0.87
-14.56
-4.30
-0.77
-15.50
-4.34
-0.73
-16.48
-4.40
-0.78
-17.41
-4.44
-0.89
-18.13
-4.54
-1.07
-18.66
-4.58
-1.35
-11.67
-4.64
-1.76
-12.33
-4.58
-1.39
-19.06
-4.50
-1.78
-9.03
-4.07
-3.02
-9.65
-4.43
-2.86
-10.39
-4.59
-2.51
-11.07
-4.73
-2.19
-19.53
-4.50
-2.41
-8.74
-4.46
-3.52
-9.31
-4.76
-3.34
-20.08
-4.53
-3.06
-20.71
-4.67
-3.53
-21.37
-4.78
-3.89
-21.95
-4.80
-4.24
-6.17
-3.99
-5.14
-6.67
-4.20
-4.87
-7.39
-4.55
-4.56
-8.14
-4.60
-4.06
-22.39
-4.63
-4.72
-22.76
-4.91
-5.05
-5.88
-4.39
-5.63
-6.54
-4.75
-5.28
-7.05
-4.95
-5.03
-22.56
-4.25
-5.22
-22.91
-4.57
-5.67
-4.92
-4.44
-6.88
-5.35
-4.50
-6.27
-23.19
-4.53
-6.60
-4.57
-4.47
-7.63
-23.38
-4.51
-7.54
-4.33
-4.56
-8.43
-23.50
-4.49
-8.49
-3.79
-4.35
-9.80
-4.10
-4.57
-9.19
-23.62
-4.49
-9.42
-3.08
-3.87
-11.05
-3.47
-4.27
-10.66
-23.75
-4.48
-10.31
-2.95
-3.96
-11.71
-3.39
-4.53
-11.58
-23.91
-4.49
-11.13
-24.09
-4.56
-11.89
-2.87
-4.12
-12.55
-3.30
-4.68
-12.44
-24.22
-4.59
-12.69
-2.86
-4.33
-13.52
-3.23
-4.77
-13.14
-24.27
-4.60
-13.54
-2.76
-4.34
-14.55
-24.23
-4.60
-14.42
-2.72
-4.40
-15.53
-23.94
-4.18
-15.90
-24.09
-4.58
-15.36
-2.69
-4.39
-16.49
-23.83
-4.51
-16.57
-24.00
-4.89
-16.00
-2.74
-4.38
-17.41
-23.61
-4.50
-17.53
-2.90
-4.38
-18.25
-23.39
-4.51
-18.42
-3.21
-4.40
-18.99
-3.73
-4.48
-19.65
-4.32
-4.82
-19.89
-23.13
-4.54
-19.24
-4.03
-4.18
-20.21
-4.66
-4.50
-20.36
-5.55
-4.53
-20.74
-6.42
-4.74
-20.85
-7.08
-4.86
-20.97
-22.42
-4.58
-20.49
-22.84
-4.64
-19.91
-5.86
-4.19
-21.20
-6.52
-4.31
-21.30
-7.35
-4.51
-21.43
-8.08
-4.48
-21.84
-21.01
-3.96
-21.98
-21.30
-4.43
-21.69
-21.91
-4.54
-21.07
-8.58
-4.27
-22.33
-20.66
-4.05
-22.34
-20.84
-4.56
-22.23
-9.11
-4.12
-22.71
-9.79
-4.11
-22.93
-10.62
-4.14
-23.05
-11.54
-4.18
-23.12
-12.51
-4.21
-23.16
-13.50
-4.23
-23.20
-14.50
-4.25
-23.22
-15.50
-4.26
-23.24
-16.49
-4.27
-23.24
-17.47
-4.27
-23.21
-18.43
-4.27
-23.12
-19.32
-4.26
-22.95
-20.15
-4.27
-22.68
-20.54
-4.60
-22.52
-10.17
-2.72
-1.34
-10.73
-2.91
-1.19
-11.54
-3.18
-1.04
-12.50
-3.52
-0.89
-13.54
-3.48
-0.66
-14.51
-3.47
-0.56
-15.48
-3.43
-0.55
-16.50
-3.43
-0.67
-17.56
-3.52
-0.89
-18.21
-3.86
-1.09
-18.63
-4.02
-1.33
-9.13
-2.87
-2.11
-9.78
-3.02
-1.76
-10.54
-3.46
-1.61
-11.34
-3.90
-1.49
-12.05
-4.00
-1.23
-18.00
-3.25
-1.03
-18.39
-3.38
-1.24
-18.88
-3.61
-1.69
-8.08
-2.96
-3.03
-8.75
-3.29
-2.70
-9.62
-3.69
-2.33
-10.36
-3.99
-2.07
-10.92
-4.20
-1.90
-19.42
-3.53
-2.50
-7.73
-3.23
-3.48
-8.28
-3.75
-3.38
-20.01
-3.48
-3.40
-20.69
-3.87
-3.88
-21.32
-4.13
-4.16
-21.77
-4.30
-4.34
-6.01
-3.34
-4.95
-6.63
-3.50
-4.52
-7.34
-3.66
-4.06
-7.91
-4.01
-3.84
-20.26
-3.02
-4.08
-20.76
-3.24
-4.45
-21.41
-3.64
-4.60
-21.98
-4.03
-4.73
-4.89
-3.12
-6.04
-5.42
-3.44
-5.59
-21.03
-2.98
-4.95
-21.55
-3.22
-5.11
-22.23
-3.60
-5.36
-22.74
-3.69
-5.96
-4.68
-3.55
-6.63
-5.13
-3.84
-6.14
-23.04
-3.58
-6.71
-3.85
-3.08
-7.90
-4.23
-3.58
-7.55
-23.29
-3.53
-7.59
-3.71
-3.31
-8.54
-4.04
-3.87
-8.37
-23.45
-3.51
-8.52
-3.56
-3.63
-9.37
-3.90
-4.03
-8.98
-23.57
-3.50
-9.46
-2.86
-3.30
-10.82
-3.22
-3.56
-10.21
-23.69
-3.52
-10.38
-2.24
-2.81
-12.04
-2.55
-3.22
-11.67
-23.84
-3.58
-11.27
-24.00
-3.73
-11.98
-2.18
-2.87
-12.61
-2.47
-3.44
-12.59
-24.11
-3.76
-12.72
-2.14
-2.91
-13.23
-2.38
-3.45
-13.55
-24.15
-3.75
-13.53
-2.41
-3.57
-14.55
-24.12
-3.75
-14.35
-2.42
-3.57
-15.51
-23.87
-3.48
-15.77
-24.02
-3.71
-15.12
-2.45
-3.50
-16.48
-23.72
-3.50
-16.59
-2.55
-3.48
-17.44
-23.53
-3.50
-17.50
-2.73
-3.49
-18.35
-23.30
-3.51
-18.40
-3.01
-3.54
-19.20
-3.39
-3.66
-19.86
-22.59
-3.20
-19.83
-22.96
-3.53
-19.31
-3.77
-3.57
-20.60
-4.53
-3.91
-20.89
-5.19
-4.06
-21.07
-22.38
-3.68
-20.32
-22.77
-3.94
-19.87
-3.38
-2.70
-21.70
-3.76
-3.11
-21.44
-4.58
-3.48
-21.54
-5.51
-3.74
-21.58
-6.43
-3.82
-21.77
-7.23
-3.95
-21.91
-7.81
-4.02
-22.09
-21.00
-3.36
-21.81
-21.44
-3.62
-21.39
-21.92
-3.75
-20.92
-3.44
-2.59
-22.16
-3.89
-2.88
-22.14
-4.61
-3.07
-22.20
-5.52
-3.13
-22.31
-6.45
-3.30
-22.30
-7.28
-3.44
-22.38
-8.10
-3.64
-22.51
-20.53
-3.34
-22.31
-3.54
-2.46
-22.52
-3.93
-2.57
-22.60
-4.56
-2.67
-22.66
-5.19
-2.72
-22.68
-8.83
-3.43
-22.89
-9.67
-3.37
-23.12
-10.58
-3.36
-23.25
-11.53
-3.36
-23.32
-12.51
-3.38
-23.34
-13.50
-3.39
-23.36
-14.50
-3.40
-23.37
-15.50
-3.40
-23.37
-16.49
-3.41
-23.36
-17.46
-3.41
-23.32
-18.40
-3.41
-23.22
-19.25
-3.41
-23.03
-19.97
-3.41
-22.73
-15.58
-1.89
-0.24
-16.03
-1.85
-0.36
-10.07
-2.17
-1.16
-10.76
-2.22
-0.91
-11.62
-2.35
-0.70
-12.55
-2.56
-0.55
-13.50
-2.63
-0.42
-14.44
-2.62
-0.35
-15.41
-2.45
-0.36
-16.46
-2.35
-0.60
-17.56
-2.60
-0.94
-18.17
-2.43
-1.22
-18.50
-2.37
-1.45
-8.94
-2.24
-1.93
-9.51
-2.25
-1.53
-18.00
-2.88
-1.05
-18.36
-2.82
-1.28
-18.74
-2.65
-1.74
-7.79
-2.32
-2.92
-8.40
-2.34
-2.44
-19.19
-2.55
-2.57
-6.16
-1.99
-4.09
-6.62
-2.19
-3.79
-7.25
-2.51
-3.46
-19.65
-2.46
-3.47
-5.88
-2.41
-4.59
-6.53
-2.78
-4.20
-7.03
-2.99
-3.91
-20.06
-2.32
-4.37
-20.52
-2.68
-4.70
-4.20
-1.93
-6.24
-4.62
-2.34
-5.93
-5.23
-2.45
-5.28
-20.30
-1.95
-5.11
-20.82
-2.45
-5.24
-21.52
-2.65
-5.56
-22.16
-2.88
-5.84
-22.61
-3.04
-6.17
-3.95
-2.10
-6.78
-4.31
-2.73
-6.63
-20.47
-1.70
-5.56
-20.89
-1.88
-5.74
-21.52
-2.04
-6.00
-22.19
-2.24
-6.30
-22.79
-2.59
-6.77
-3.22
-1.90
-8.08
-3.63
-2.35
-7.64
-4.05
-2.90
-7.26
-23.18
-2.54
-7.65
-3.05
-2.02
-8.69
-3.39
-2.64
-8.55
-23.39
-2.52
-8.56
-2.86
-2.21
-9.47
-3.20
-2.87
-9.34
-23.52
-2.51
-9.50
-2.67
-2.50
-10.38
-3.02
-2.99
-9.98
-23.64
-2.53
-10.49
-2.11
-2.25
-11.88
-2.35
-2.46
-11.25
-23.78
-2.59
-11.58
-23.93
-3.10
-12.08
-1.99
-2.24
-12.65
-23.82
-2.30
-12.58
-23.98
-3.02
-12.71
-1.97
-2.34
-13.55
-2.14
-2.90
-13.90
-23.84
-2.22
-13.51
-24.01
-2.98
-13.52
-1.95
-2.16
-14.50
-2.15
-2.86
-14.61
-23.83
-2.29
-14.44
-23.99
-3.01
-14.32
-1.98
-2.06
-15.37
-2.18
-2.76
-15.49
-23.79
-2.56
-15.43
-23.95
-3.08
-14.97
-2.03
-1.97
-16.05
-2.22
-2.51
-16.46
-23.63
-2.51
-16.49
-2.38
-2.50
-17.48
-23.46
-2.50
-17.43
-2.58
-2.52
-18.49
-23.22
-2.49
-18.31
-2.84
-2.59
-19.54
-3.14
-3.07
-19.99
-21.45
-1.85
-20.45
-21.79
-2.03
-20.21
-22.34
-2.42
-19.83
-22.86
-2.48
-19.12
-2.95
-2.32
-20.50
-3.27
-2.94
-20.56
-21.26
-2.08
-20.84
-21.63
-2.50
-20.62
-22.06
-2.95
-20.40
-3.10
-2.29
-21.39
-3.33
-2.80
-21.15
-20.97
-2.49
-21.50
-21.47
-2.95
-21.08
-21.83
-3.21
-20.81
-3.19
-2.10
-22.11
-5.86
-2.74
-22.69
-6.54
-2.78
-22.71
-7.31
-2.87
-22.75
-7.96
-3.02
-22.80
-20.40
-2.48
-22.22
-3.44
-2.03
-22.60
-3.93
-2.06
-22.85
-4.64
-2.12
-22.96
-5.54
-2.25
-22.95
-6.51
-2.17
-23.02
-7.44
-2.24
-23.05
-8.45
-2.54
-23.09
-9.53
-2.47
-23.27
-10.53
-2.46
-23.37
-11.51
-2.46
-23.41
-12.50
-2.47
-23.42
-13.50
-2.48
-23.42
-14.50
-2.49
-23.42
-15.50
-2.50
-23.42
-16.49
-2.50
-23.40
-17.45
-2.50
-23.35
-18.37
-2.51
-23.24
-19.21
-2.52
-23.02
-19.87
-2.58
-22.70
-12.16
-0.98
-0.18
-12.75
-1.07
-0.10
-13.54
-1.12
-0.04
-14.40
-1.19
-0.03
-15.26
-1.34
-0.13
-16.00
-1.25
-0.37
-9.95
-1.39
-1.02
-10.73
-1.38
-0.71
-11.70
-1.39
-0.42
-12.61
-1.72
-0.29
-13.50
-1.85
-0.20
-14.35
-1.90
-0.17
-15.02
-1.90
-0.18
-16.73
-1.35
-0.82
-17.53
-1.81
-1.13
-18.12
-1.97
-1.35
-18.46
-2.09
-1.51
-8.79
-1.42
-1.76
-9.36
-1.49
-1.37
-17.16
-0.91
-1.33
-17.67
-1.31
-1.51
-18.19
-1.59
-1.71
-18.60
-1.96
-1.87
-6.90
-1.09
-3.06
-7.46
-1.43
-2.79
-8.17
-1.43
-2.25
-17.38
-0.67
-1.71
-17.76
-0.86
-1.92
-18.29
-1.13
-2.21
-18.86
-1.56
-2.63
-6.02
-1.35
-3.92
-6.59
-1.45
-3.46
-7.09
-1.81
-3.22
-19.34
-1.51
-3.55
-5.53
-1.48
-4.48
-19.70
-1.41
-4.41
-4.07
-1.31
-6.08
-4.54
-1.44
-5.56
-5.05
-1.57
-5.04
-20.01
-1.26
-5.15
-3.71
-1.36
-6.67
-20.35
-1.17
-5.70
-20.87
-1.24
-6.05
-21.51
-1.35
-6.33
-22.17
-1.46
-6.64
-22.72
-1.57
-7.09
-3.05
-1.29
-7.97
-3.37
-1.41
-7.35
-23.10
-1.55
-7.78
-2.79
-1.31
-8.68
-23.33
-1.52
-8.61
-2.57
-1.41
-9.49
-23.47
-1.51
-9.53
-2.05
-1.13
-10.94
-2.31
-1.50
-10.41
-23.56
-1.51
-10.51
-1.97
-1.42
-11.61
-2.19
-1.81
-11.09
-23.64
-1.49
-11.53
-1.83
-1.39
-12.58
-23.68
-1.40
-12.52
-1.78
-1.39
-13.53
-23.69
-1.36
-13.50
-1.78
-1.33
-14.48
-23.68
-1.39
-14.48
-1.83
-1.29
-15.40
-23.64
-1.48
-15.47
-1.95
-1.31
-16.31
-2.11
-1.77
-16.77
-23.54
-1.50
-16.46
-2.03
-1.06
-16.97
-2.21
-1.47
-17.51
-23.40
-1.50
-17.39
-2.42
-1.50
-18.54
-23.17
-1.49
-18.23
-2.60
-1.51
-19.53
-21.40
-1.41
-20.41
-21.79
-1.35
-20.06
-22.32
-1.44
-19.58
-22.82
-1.48
-18.97
-2.72
-1.43
-20.48
-21.11
-1.48
-20.87
-2.85
-1.40
-21.36
-20.76
-1.55
-21.51
-3.03
-1.34
-22.11
-19.72
-1.17
-22.61
-20.21
-1.50
-22.24
-3.36
-1.32
-22.66
-3.91
-1.32
-23.00
-4.66
-1.34
-23.16
-5.55
-1.37
-23.22
-6.51
-1.35
-23.25
-7.48
-1.39
-23.28
-8.48
-1.48
-23.31
-9.50
-1.49
-23.38
-10.51
-1.49
-23.42
-11.50
-1.50
-23.43
-12.51
-1.51
-23.41
-13.51
-1.55
-23.40
-14.50
-1.57
-23.39
-15.50
-1.59
-23.38
-16.48
-1.59
-23.36
-17.44
-1.60
-23.31
-18.36
-1.59
-23.18
-19.25
-1.57
-22.92
-19.80
-1.88
-22.66
-12.11
-0.45
-0.14
-12.76
-0.40
-0.02
-13.55
-0.33
0.05
-14.41
-0.35
0.05
-15.21
-0.40
-0.06
-15.91
-0.38
-0.34
-9.20
-0.11
-1.20
-9.74
-0.46
-0.96
-10.62
-0.46
-0.62
-11.49
-0.46
-0.34
-16.50
-0.36
-0.80
-8.77
-0.47
-1.55
-9.27
-0.82
-1.27
-16.92
-0.22
-1.34
-6.19
-0.08
-3.28
-6.69
-0.37
-3.00
-7.39
-0.45
-2.56
-8.07
-0.47
-2.08
-17.29
-0.16
-1.86
-17.75
-0.26
-2.27
-18.27
-0.48
-2.62
-18.74
-0.67
-3.04
-5.85
-0.45
-3.72
-6.36
-0.77
-3.37
-19.11
-0.60
-3.71
-4.79
-0.17
-4.71
-5.23
-0.56
-4.39
-19.45
-0.51
-4.50
-3.91
-0.47
-5.92
-4.46
-0.51
-5.24
-4.91
-0.89
-4.88
-19.81
-0.43
-5.26
-3.50
-0.57
-6.56
-20.25
-0.39
-5.90
-20.83
-0.50
-6.31
-21.49
-0.61
-6.61
-22.14
-0.69
-6.89
-22.65
-0.73
-7.27
-2.86
-0.49
-7.81
-3.18
-0.62
-7.18
-22.98
-0.61
-7.86
-2.57
-0.49
-8.60
-23.25
-0.55
-8.66
-2.35
-0.59
-9.40
-23.41
-0.52
-9.56
-1.95
-0.44
-10.80
-2.15
-0.63
-10.15
-23.50
-0.51
-10.52
-1.81
-0.46
-11.62
-23.55
-0.49
-11.51
-1.70
-0.45
-12.55
-23.57
-0.46
-12.51
-1.65
-0.45
-13.51
-23.58
-0.44
-13.50
-1.66
-0.42
-14.47
-23.57
-0.46
-14.49
-1.71
-0.40
-15.41
-23.54
-0.49
-15.48
-1.82
-0.39
-16.29
-23.48
-0.51
-16.45
-1.96
-0.36
-17.06
-2.14
-0.49
-17.78
-23.36
-0.51
-17.37
-2.32
-0.50
-18.64
-23.15
-0.51
-18.19
-2.47
-0.50
-19.55
-21.39
-0.92
-20.42
-21.73
-0.50
-20.13
-22.32
-0.49
-19.52
-22.80
-0.50
-18.90
-2.59
-0.47
-20.48
-21.13
-0.84
-20.84
-21.32
-0.20
-20.71
-2.72
-0.46
-21.35
-20.80
-0.73
-21.42
-20.98
-0.06
-21.28
-2.94
-0.45
-22.11
-19.62
-0.46
-22.56
-20.31
-0.43
-22.04
-20.68
0.04
-21.71
-3.31
-0.44
-22.70
-3.89
-0.44
-23.07
-4.66
-0.44
-23.27
-5.55
-0.45
-23.36
-6.51
-0.44
-23.39
-7.50
-0.45
-23.40
-8.49
-0.49
-23.41
-9.50
-0.50
-23.42
-10.50
-0.51
-23.42
-11.50
-0.52
-23.39
-12.52
-0.53
-23.34
-13.52
-0.62
-23.31
-14.51
-0.68
-23.29
-15.50
-0.71
-23.27
-16.47
-0.73
-23.25
-17.42
-0.74
-23.20
-18.29
-0.74
-23.09
-19.04
-0.70
-22.89
-12.12
0.10
-0.13
-12.68
0.27
-0.04
-13.49
0.58
0.03
-14.42
0.54
0.06
-15.21
0.52
-0.05
-15.87
0.53
-0.34
-9.15
0.61
-1.16
-9.81
0.54
-0.85
-10.64
0.52
-0.56
-11.62
0.50
-0.30
-12.42
0.85
-0.15
-13.02
1.01
-0.07
-16.41
0.58
-0.82
-8.59
0.52
-1.54
-16.81
0.63
-1.42
-6.09
0.61
-3.22
-6.68
0.56
-2.83
-7.33
0.52
-2.42
-7.98
0.50
-1.99
-17.21
0.62
-2.08
-17.71
0.52
-2.67
-18.25
0.15
-2.99
-18.63
-0.08
-3.26
-5.04
0.92
-4.07
-5.51
0.55
-3.73
-17.92
0.91
-3.17
-18.33
0.64
-3.43
-18.82
0.27
-3.81
-4.70
0.58
-4.53
-5.13
0.19
-4.20
-19.20
0.40
-4.60
-3.24
1.00
-6.20
-3.64
0.54
-5.84
-4.20
0.45
-5.15
-19.61
0.50
-5.40
-2.98
0.82
-6.73
-3.27
0.20
-6.53
-20.14
0.60
-6.19
-20.81
0.28
-6.60
-21.48
0.12
-6.88
-22.12
0.00
-7.13
-22.55
-0.11
-7.39
-2.71
0.47
-7.53
-3.04
0.01
-7.07
-20.39
1.07
-6.70
-20.86
0.93
-6.95
-21.50
0.80
-7.20
-22.16
0.64
-7.48
-22.74
0.33
-7.88
-2.07
0.98
-8.93
-2.33
0.47
-8.53
-23.12
0.40
-8.70
-1.96
0.81
-9.59
-2.15
0.17
-9.38
-23.32
0.45
-9.59
-1.85
0.48
-10.49
-2.04
0.01
-10.01
-23.43
0.47
-10.53
-1.70
0.51
-11.53
-23.48
0.49
-11.51
-1.61
0.51
-12.52
-23.50
0.50
-12.50
-1.58
0.52
-13.50
-23.50
0.51
-13.50
-1.58
0.53
-14.48
-23.49
0.50
-14.50
-1.64
0.54
-15.43
-23.47
0.48
-15.49
-1.75
0.54
-16.33
-23.42
0.46
-16.45
-1.90
0.52
-17.18
-2.08
0.41
-17.90
-23.32
0.45
-17.36
-2.24
0.48
-18.67
-23.12
0.45
-18.17
-2.39
0.50
-19.57
-21.86
0.49
-20.05
-22.35
0.46
-19.46
-22.80
0.45
-18.86
-2.52
0.51
-20.48
-21.43
0.59
-20.65
-2.66
0.51
-21.36
-21.06
0.64
-21.23
-2.90
0.51
-22.12
-13.02
1.05
-23.03
-13.70
0.98
-22.98
-14.57
0.94
-22.94
-15.52
0.91
-22.91
-16.49
0.88
-22.88
-17.45
0.83
-22.83
-18.38
0.72
-22.73
-19.30
0.43
-22.54
-20.13
0.50
-22.12
-20.67
0.63
-21.72
-3.29
0.52
-22.71
-3.89
0.52
-23.10
-4.66
0.52
-23.32
-5.55
0.52
-23.41
-6.51
0.52
-23.44
-7.50
0.51
-23.44
-8.50
0.50
-23.43
-9.49
0.48
-23.41
-10.48
0.47
-23.37
-11.48
0.46
-23.30
-12.55
0.52
-23.19
-13.57
0.26
-23.15
-14.54
0.16
-23.12
-15.51
0.11
-23.10
-16.48
0.09
-23.08
-17.41
0.06
-23.04
-18.27
0.00
-22.95
-18.90
-0.07
-22.83
-13.77
1.42
-0.03
-14.50
1.42
0.00
-15.23
1.40
-0.09
-15.86
1.43
-0.38
-9.08
1.52
-1.13
-9.79
1.52
-0.82
-10.62
1.52
-0.58
-11.53
1.54
-0.40
-12.40
1.63
-0.27
-13.16
1.63
-0.15
-16.40
1.55
-0.88
-16.60
1.84
-1.00
-8.48
1.46
-1.52
-16.73
1.59
-1.46
-16.69
1.85
-1.21
-6.06
1.44
-3.12
-6.64
1.48
-2.74
-7.29
1.46
-2.34
-7.90
1.43
-1.93
-17.10
1.56
-2.36
-17.50
1.21
-2.83
-4.96
1.64
-4.01
-5.52
1.53
-3.54
-17.30
1.92
-3.02
-17.74
1.59
-3.42
-18.30
1.22
-3.80
-18.69
0.94
-4.09
-3.96
1.91
-4.98
-4.40
1.57
-4.58
-17.98
1.98
-3.99
-18.39
1.70
-4.28
-18.89
1.31
-4.68
-3.17
1.66
-6.09
-3.64
1.56
-5.47
-4.07
1.18
-5.05
-19.34
1.46
-5.47
-2.80
1.64
-6.74
-19.81
1.57
-6.25
-2.13
1.95
-8.08
-2.42
1.56
-7.57
-20.27
1.71
-6.87
-20.83
1.61
-7.25
-21.49
1.49
-7.52
-22.14
1.36
-7.79
-22.65
1.23
-8.17
-2.00
1.67
-8.71
-2.22
1.22
-8.25
-22.97
1.32
-8.82
-1.82
1.64
-9.60
-23.21
1.38
-9.64
-1.71
1.54
-10.53
-23.33
1.42
-10.55
-1.61
1.51
-11.52
-23.39
1.45
-11.51
-1.56
1.51
-12.51
-23.42
1.46
-12.50
-1.54
1.51
-13.50
-23.41
1.46
-13.50
-1.55
1.51
-14.48
-23.39
1.44
-14.50
-1.60
1.51
-15.45
-23.36
1.41
-15.49
-1.70
1.52
-16.40
-23.32
1.37
-16.45
-1.87
1.52
-17.37
-2.03
1.14
-17.96
-23.23
1.35
-17.35
-1.99
1.88
-18.01
-2.15
1.50
-18.60
-23.05
1.33
-18.15
-2.34
1.50
-19.57
-21.87
1.39
-19.96
-22.34
1.35
-19.39
-22.76
1.33
-18.81
-2.48
1.50
-20.49
-21.42
1.41
-20.58
-2.64
1.50
-21.36
-21.02
1.40
-21.19
-2.88
1.50
-22.12
-12.83
1.66
-22.94
-13.65
1.73
-22.84
-14.56
1.73
-22.77
-15.52
1.72
-22.72
-16.49
1.70
-22.68
-17.46
1.66
-22.61
-18.41
1.58
-22.49
-19.32
1.44
-22.29
-20.09
1.34
-22.01
-20.63
1.32
-21.67
-3.28
1.50
-22.72
-3.88
1.50
-23.11
-4.66
1.50
-23.33
-5.55
1.50
-23.43
-6.51
1.50
-23.45
-7.50
1.49
-23.43
-8.49
1.48
-23.40
-9.48
1.44
-23.34
-10.45
1.42
-23.27
-11.37
1.36
-23.19
-12.19
1.39
-23.08
-13.92
2.06
-0.13
-14.51
2.28
-0.15
-15.22
2.21
-0.21
-15.80
2.20
-0.45
-8.96
2.48
-1.11
-9.73
2.50
-0.81
-10.60
2.51
-0.61
-11.54
2.52
-0.50
-12.50
2.53
-0.42
-13.43
2.46
-0.30
-14.09
2.74
-0.31
-16.27
2.30
-0.93
-16.56
2.09
-1.02
-8.36
2.35
-1.49
-16.57
2.37
-1.51
-16.65
2.11
-1.22
-6.06
2.14
-3.06
-6.53
2.47
-2.72
-7.26
2.40
-2.25
-7.84
2.29
-1.88
-16.84
2.50
-2.39
-4.96
2.56
-3.91
-5.61
2.52
-3.38
-6.07
2.86
-3.03
-17.16
2.64
-3.24
-17.56
2.29
-3.65
-3.91
2.64
-4.95
-4.39
2.57
-4.44
-17.39
2.98
-3.80
-17.86
2.68
-4.22
-18.38
2.30
-4.63
-18.78
2.03
-4.95
-3.08
2.47
-6.05
-3.48
2.54
-5.50
-18.15
2.94
-4.70
-18.51
2.81
-5.01
-19.04
2.47
-5.52
-2.73
2.54
-6.64
-19.60
2.55
-6.38
-2.07
2.66
-8.02
-2.37
2.57
-7.36
-20.16
2.65
-7.19
-20.81
2.33
-7.58
-21.48
2.16
-7.86
-22.11
2.00
-8.11
-22.54
1.84
-8.35
-1.87
2.60
-8.75
-20.38
3.09
-7.72
-20.85
2.94
-7.98
-21.48
2.79
-8.25
-22.13
2.59
-8.55
-22.70
2.19
-8.89
-1.71
2.57
-9.61
-23.02
2.24
-9.69
-1.62
2.53
-10.54
-23.18
2.30
-10.57
-1.56
2.51
-11.51
-23.25
2.38
-11.52
-1.53
2.50
-12.50
-23.28
2.37
-12.51
-1.52
2.50
-13.50
-23.27
2.36
-13.49
-1.53
2.50
-14.49
-23.21
2.35
-14.49
-1.57
2.51
-15.46
-23.16
2.27
-15.49
-1.66
2.51
-16.40
-23.11
2.19
-16.45
-1.80
2.54
-17.28
-23.04
2.13
-17.35
-1.95
2.62
-18.05
-2.14
2.54
-18.79
-22.90
2.09
-18.12
-2.31
2.51
-19.64
-21.73
2.21
-19.78
-22.26
2.13
-19.23
-22.66
2.06
-18.73
-2.46
2.50
-20.52
-21.27
2.19
-20.47
-2.62
2.50
-21.37
-19.72
2.80
-21.59
-20.25
2.54
-21.42
-20.80
2.17
-21.13
-2.87
2.50
-22.13
-10.85
2.93
-22.97
-11.56
2.80
-22.90
-12.49
2.52
-22.84
-13.54
2.58
-22.71
-14.52
2.60
-22.63
-15.50
2.59
-22.56
-16.48
2.56
-22.49
-17.45
2.52
-22.39
-18.41
2.46
-22.22
-19.35
2.38
-21.97
-20.11
2.05
-21.79
-20.57
1.87
-21.58
-3.28
2.50
-22.72
-3.88
2.50
-23.12
-4.66
2.50
-23.33
-5.55
2.49
-23.41
-6.51
2.48
-23.42
-7.49
2.47
-23.38
-8.49
2.46
-23.31
-9.47
2.38
-23.23
-10.46
2.39
-23.12
-11.35
2.14
-23.06
-12.01
2.02
-22.99
-14.70
2.88
-0.32
-15.22
2.86
-0.39
-15.67
2.78
-0.54
-8.15
3.97
-1.27
-8.71
3.53
-1.10
-9.64
3.51
-0.79
-10.58
3.51
-0.65
-11.58
3.51
-0.61
-12.66
3.53
-0.63
-13.47
3.31
-0.56
-14.28
3.43
-0.56
-15.15
3.47
-0.71
-15.84
3.19
-0.97
-7.76
3.75
-1.59
-8.15
3.15
-1.49
-13.07
3.82
-0.74
-13.49
3.77
-0.72
-13.90
3.78
-0.71
-16.24
3.33
-1.65
-6.65
3.47
-2.52
-7.32
3.34
-2.04
-7.78
2.93
-1.81
-16.56
3.42
-2.44
-4.92
3.52
-3.87
-5.51
3.52
-3.40
-6.07
3.58
-2.97
-16.88
3.53
-3.21
-3.87
3.55
-4.95
-4.37
3.53
-4.39
-17.25
3.67
-3.86
-17.80
3.63
-4.45
-18.18
3.93
-4.84
-3.05
3.17
-6.04
-3.37
3.53
-5.60
-18.13
3.37
-4.78
-18.48
3.56
-5.13
-18.99
3.52
-5.72
-2.77
3.53
-6.52
-3.06
3.89
-6.05
-19.45
3.54
-6.49
-2.03
3.55
-7.99
-2.35
3.53
-7.27
-19.87
3.60
-7.27
-1.81
3.54
-8.76
-20.26
3.71
-7.92
-20.80
3.58
-8.33
-21.44
3.43
-8.66
-22.11
3.28
-9.07
-22.59
2.85
-9.21
-1.66
3.53
-9.61
-22.40
3.57
-9.78
-22.79
2.97
-9.79
-1.57
3.51
-10.54
-22.63
3.71
-10.53
-22.94
3.10
-10.58
-1.53
3.50
-11.51
-22.74
3.79
-11.18
-23.00
3.29
-11.52
-1.51
3.50
-12.50
-23.06
3.21
-12.51
-1.51
3.50
-13.50
-23.02
3.19
-13.47
-1.52
3.50
-14.49
-22.49
3.67
-14.80
-22.87
3.22
-14.47
-1.55
3.50
-15.46
-21.27
4.26
-16.05
-21.70
3.99
-15.87
-22.28
3.63
-15.55
-22.81
3.03
-15.50
-1.63
3.51
-16.39
-21.18
4.19
-16.69
-21.70
3.80
-16.65
-22.27
3.40
-16.53
-22.77
2.87
-16.47
-1.76
3.52
-17.27
-21.06
4.09
-17.53
-21.64
3.65
-17.51
-22.23
3.24
-17.42
-22.71
2.76
-17.36
-1.93
3.54
-18.07
-2.12
3.52
-18.86
-20.89
3.97
-18.44
-21.55
3.44
-18.41
-22.17
3.05
-18.24
-22.63
2.65
-18.12
-2.30
3.51
-19.68
-19.95
4.09
-19.92
-20.56
3.81
-19.45
-21.41
3.03
-19.38
-22.13
2.73
-18.90
-22.53
2.53
-18.62
-2.45
3.50
-20.54
-19.78
3.81
-20.52
-20.41
3.40
-20.33
-20.98
2.86
-20.28
-2.62
3.50
-21.38
-18.74
3.71
-21.50
-19.45
3.42
-21.26
-20.23
3.04
-21.00
-20.71
2.72
-20.84
-2.87
3.50
-22.14
-8.99
3.99
-23.01
-9.65
3.86
-22.95
-10.54
3.61
-22.88
-11.53
3.62
-22.77
-12.51
3.54
-22.68
-13.51
3.53
-22.59
-14.50
3.52
-22.50
-15.48
3.50
-22.41
-16.45
3.44
-22.30
-17.41
3.39
-22.14
-18.35
3.33
-21.90
-19.07
3.06
-21.75
-3.28
3.50
-22.74
-3.88
3.50
-23.13
-4.65
3.49
-23.32
-5.55
3.48
-23.38
-6.50
3.45
-23.35
-7.47
3.44
-23.28
-8.51
3.49
-23.16
-9.44
3.20
-23.10
-10.15
3.07
-23.03
-8.01
4.63
-1.22
-8.73
4.54
-0.95
-9.61
4.51
-0.75
-10.56
4.50
-0.66
-11.58
4.49
-0.68
-12.68
4.46
-0.77
-13.48
4.56
-0.87
-14.23
4.31
-0.88
-15.11
4.29
-1.10
-15.66
3.94
-1.23
-7.00
4.85
-1.88
-7.45
4.51
-1.62
-13.08
4.15
-0.79
-13.49
4.15
-0.82
-13.89
4.09
-0.81
-15.44
4.68
-1.51
-15.90
4.26
-1.76
-6.65
4.47
-2.33
-7.14
4.11
-2.00
-16.28
4.30
-2.50
-4.91
4.49
-3.83
-5.47
4.46
-3.35
-6.03
4.46
-2.88
-16.63
4.41
-3.22
-3.88
4.53
-4.91
-4.37
4.51
-4.35
-17.06
4.55
-3.87
-17.66
4.59
-4.43
-18.27
4.64
-4.92
-18.67
4.93
-5.29
-3.44
4.55
-5.51
-18.59
4.24
-5.25
-18.95
4.55
-5.72
-2.71
4.54
-6.64
-3.07
4.62
-6.07
-19.37
4.53
-6.55
-2.02
4.51
-8.00
-2.34
4.52
-7.30
-19.71
4.56
-7.41
-1.79
4.51
-8.76
-20.09
4.62
-8.31
-20.71
4.24
-8.73
-21.33
4.02
-9.04
-21.82
3.86
-9.29
-1.64
4.51
-9.61
-20.17
5.02
-9.04
-20.67
4.74
-9.29
-21.29
4.48
-9.54
-21.92
4.19
-9.86
-1.55
4.50
-10.54
-22.23
4.26
-10.65
-1.52
4.50
-11.51
-22.44
4.24
-11.53
-22.79
3.83
-11.86
-1.51
4.50
-12.50
-22.34
4.35
-12.45
-22.77
3.84
-12.55
-1.50
4.50
-13.50
-21.05
4.96
-13.98
-21.54
4.72
-13.76
-22.15
4.38
-13.39
-22.69
3.83
-13.38
-1.51
4.50
-14.49
-21.00
4.86
-14.66
-21.58
4.49
-14.51
-22.21
4.08
-14.37
-22.63
3.74
-14.08
-1.54
4.50
-15.46
-20.97
4.65
-15.61
-21.57
4.28
-15.26
-22.04
4.01
-15.06
-1.61
4.50
-16.39
-20.73
4.65
-16.56
-1.74
4.51
-17.27
-20.57
4.60
-17.46
-1.91
4.51
-18.09
-2.11
4.51
-18.88
-20.37
4.53
-18.31
-2.29
4.50
-19.70
-18.87
4.93
-20.02
-19.48
4.63
-19.73
-20.06
4.49
-19.09
-2.45
4.50
-20.55
-18.67
4.67
-20.57
-19.26
4.29
-20.48
-2.61
4.50
-21.40
-17.70
4.53
-21.47
-18.37
4.30
-21.24
-19.04
4.02
-21.02
-2.86
4.50
-22.17
-8.82
4.61
-22.93
-9.63
4.64
-22.82
-10.55
4.58
-22.73
-11.52
4.56
-22.65
-12.50
4.52
-22.58
-13.49
4.51
-22.49
-14.48
4.49
-22.37
-15.46
4.44
-22.21
-16.42
4.28
-22.06
-17.33
4.20
-21.84
-18.03
3.97
-21.70
-3.27
4.50
-22.78
-3.87
4.49
-23.16
-4.65
4.50
-23.32
-5.56
4.48
-23.32
-6.48
4.37
-23.27
-7.37
4.31
-23.18
-8.18
4.35
-23.07
-7.30
5.83
-1.38
-7.81
5.51
-1.17
-8.67
5.49
-0.89
-9.57
5.47
-0.73
-10.53
5.48
-0.68
-11.54
5.50
-0.74
-12.64
5.56
-0.88
-13.52
5.29
-1.00
-14.28
5.09
-1.13
-14.90
4.96
-1.30
-6.95
5.55
-1.74
-7.38
5.19
-1.48
-13.10
6.02
-1.03
-13.66
5.93
-1.17
-14.38
5.76
-1.40
-15.20
5.43
-1.78
-15.74
4.94
-2.02
-6.41
5.42
-2.31
-15.67
5.75
-2.54
-16.02
5.06
-2.57
-4.90
5.47
-3.73
-5.43
5.35
-3.26
-5.93
5.30
-2.82
-16.02
5.92
-3.17
-16.36
5.25
-3.23
-3.90
5.51
-4.89
-4.37
5.50
-4.29
-16.32
6.06
-3.62
-16.79
5.59
-3.87
-17.53
5.56
-4.41
-18.19
5.58
-4.85
-18.69
5.63
-5.29
-3.48
5.52
-5.50
-19.05
5.54
-5.84
-2.72
5.51
-6.71
-3.09
5.54
-6.10
-19.33
5.52
-6.61
-2.03
5.47
-8.02
-2.35
5.49
-7.35
-19.54
5.53
-7.48
-1.80
5.48
-8.76
-19.70
5.59
-8.42
-1.64
5.49
-9.62
-19.40
6.22
-10.07
-19.82
5.72
-9.54
-20.55
5.18
-9.88
-21.20
4.86
-10.07
-21.67
4.63
-10.20
-1.56
5.50
-10.54
-19.35
6.24
-10.74
-19.86
5.76
-10.61
-20.53
5.36
-10.68
-21.20
5.04
-10.74
-21.78
4.71
-10.76
-1.52
5.50
-11.51
-19.33
6.25
-11.57
-19.86
5.79
-11.55
-20.54
5.42
-11.56
-21.23
5.11
-11.54
-21.86
4.75
-11.53
-1.50
5.50
-12.50
-19.33
6.26
-12.46
-19.87
5.79
-12.48
-20.56
5.40
-12.48
-21.26
5.10
-12.38
-21.85
4.78
-12.33
-1.50
5.50
-13.50
-19.37
6.28
-13.32
-19.89
5.82
-13.45
-20.64
5.30
-13.52
-21.32
4.99
-13.16
-21.81
4.75
-12.97
-1.51
5.50
-14.49
-19.41
6.33
-13.99
-19.80
5.99
-14.46
-20.43
5.34
-14.54
-1.54
5.50
-15.46
-19.88
5.91
-15.49
-20.37
5.27
-15.53
-1.61
5.50
-16.40
-19.83
5.84
-16.45
-20.26
5.22
-16.49
-1.73
5.50
-17.27
-19.69
5.76
-17.36
-20.12
5.16
-17.39
-1.90
5.50
-18.10
-2.10
5.50
-18.89
-19.46
5.63
-18.22
-19.94
5.08
-18.20
-2.29
5.50
-19.71
-16.41
6.38
-20.17
-16.87
6.12
-20.06
-17.56
5.83
-19.93
-18.42
5.46
-19.73
-19.21
5.33
-19.08
-19.76
4.97
-18.81
-2.44
5.50
-20.57
-16.22
6.21
-20.66
-16.77
5.79
-20.64
-17.45
5.43
-20.57
-18.13
5.11
-20.48
-2.60
5.50
-21.43
-15.94
5.94
-21.27
-16.61
5.44
-21.24
-17.35
5.01
-21.21
-17.96
4.82
-21.00
-2.84
5.51
-22.23
-6.12
6.04
-23.11
-6.72
5.91
-23.02
-7.53
5.75
-22.93
-8.47
5.46
-22.86
-9.53
5.52
-22.73
-10.52
5.53
-22.65
-11.51
5.52
-22.57
-12.49
5.50
-22.50
-13.46
5.49
-22.41
-14.43
5.49
-22.23
-15.45
5.48
-21.87
-16.38
5.00
-21.74
-17.03
4.76
-21.64
-3.24
5.53
-22.88
-3.83
5.50
-23.25
-4.62
5.55
-23.36
-5.63
5.57
-23.25
-6.54
5.23
-23.15
-7.35
5.07
-23.06
-8.00
4.97
-22.99
-7.25
6.42
-1.37
-7.84
6.37
-1.11
-8.64
6.40
-0.90
-9.56
6.40
-0.77
-10.50
6.41
-0.74
-11.46
6.46
-0.80
-12.38
6.52
-0.93
-6.75
6.44
-1.78
-13.02
6.59
-1.09
-13.63
6.64
-1.31
-14.31
6.55
-1.62
-14.95
6.44
-2.03
-5.22
6.97
-3.11
-5.62
6.76
-2.76
-6.15
6.34
-2.35
-15.40
6.53
-2.62
-4.92
6.53
-3.54
-5.44
6.15
-3.08
-5.84
5.94
-2.76
-15.78
6.63
-3.22
-3.90
6.51
-4.86
-4.36
6.51
-4.22
-16.21
6.68
-3.73
-16.78
6.55
-4.11
-17.49
6.50
-4.49
-18.15
6.49
-4.86
-18.69
6.49
-5.29
-3.50
6.51
-5.50
-19.05
6.47
-5.88
-2.73
6.49
-6.77
-3.11
6.51
-6.13
-19.28
6.46
-6.63
-2.06
6.38
-8.05
-2.36
6.46
-7.43
-19.39
6.47
-7.48
-1.84
6.46
-8.75
-19.42
6.52
-8.37
-1.67
6.49
-9.61
-19.14
6.79
-9.98
-19.36
6.61
-9.25
-1.57
6.50
-10.54
-19.02
6.84
-10.74
-1.52
6.50
-11.51
-18.95
6.86
-11.58
-1.51
6.50
-12.50
-18.96
6.87
-12.47
-1.50
6.50
-13.50
-19.03
6.86
-13.36
-1.51
6.50
-14.49
-19.18
6.81
-14.17
-19.48
6.63
-14.83
-19.54
6.78
-15.06
-1.54
6.50
-15.46
-19.55
6.57
-15.51
-19.56
6.77
-15.28
-1.60
6.50
-16.40
-19.45
6.47
-16.43
-1.73
6.50
-17.27
-19.27
6.39
-17.31
-1.90
6.50
-18.10
-2.10
6.50
-18.90
-16.42
7.19
-19.29
-16.87
7.02
-19.06
-17.52
6.84
-18.82
-18.23
6.63
-18.52
-18.92
6.30
-18.16
-2.28
6.50
-19.72
-16.25
6.89
-19.84
-16.86
6.57
-19.56
-17.54
6.32
-19.35
-18.27
6.09
-19.11
-18.83
5.92
-18.80
-2.43
6.50
-20.58
-15.87
6.81
-20.55
-2.58
6.51
-21.46
-15.52
6.67
-21.21
-2.80
6.54
-22.31
-6.07
6.64
-23.10
-6.77
6.61
-22.96
-7.59
6.54
-22.85
-8.52
6.46
-22.77
-9.51
6.47
-22.69
-10.50
6.49
-22.61
-11.50
6.49
-22.53
-12.47
6.48
-22.45
-13.41
6.46
-22.34
-14.28
6.46
-22.13
-15.03
6.50
-21.77
-3.18
6.64
-23.08
-3.76
6.46
-23.42
-4.49
6.65
-23.51
-5.39
6.58
-23.31
-3.32
7.15
-23.50
-3.67
7.11
-23.66
-4.08
7.15
-23.70
-7.23
6.99
-1.39
-7.78
7.10
-1.19
-8.60
7.31
-1.03
-9.56
7.26
-0.90
-10.49
7.29
-0.86
-11.44
7.36
-0.92
-12.40
7.48
-1.06
-12.96
7.82
-1.26
-6.20
7.78
-2.12
-6.76
7.39
-1.77
-7.57
7.69
-1.42
-8.22
7.81
-1.25
-12.98
7.19
-1.17
-13.49
7.48
-1.45
-14.23
7.31
-1.82
-14.77
7.20
-2.20
-5.21
7.61
-3.05
-5.76
7.54
-2.52
-6.19
7.11
-2.19
-15.16
7.26
-2.71
-4.78
7.53
-3.59
-15.53
7.38
-3.30
-3.90
7.49
-4.86
-4.32
7.50
-4.21
-16.02
7.48
-3.87
-16.70
7.43
-4.29
-17.44
7.38
-4.62
-18.12
7.35
-4.93
-18.66
7.33
-5.33
-3.51
7.49
-5.51
-19.00
7.33
-5.90
-2.76
7.48
-6.85
-3.14
7.49
-6.17
-19.18
7.34
-6.63
-2.09
7.12
-8.09
-2.35
7.49
-7.60
-19.25
7.36
-7.46
-1.93
7.49
-8.67
-2.14
7.85
-8.14
-19.21
7.38
-8.31
-1.71
7.49
-9.61
-18.91
7.55
-9.88
-19.09
7.44
-9.12
-1.59
7.50
-10.55
-18.77
7.59
-10.70
-1.53
7.50
-11.52
-18.70
7.61
-11.58
-1.51
7.50
-12.50
-18.69
7.61
-12.50
-1.51
7.50
-13.50
-18.74
7.59
-13.46
-1.51
7.50
-14.49
-18.87
7.50
-14.51
-19.29
7.03
-14.99
-19.48
6.92
-15.10
-1.54
7.50
-15.46
-18.72
7.67
-15.48
-19.25
7.06
-15.53
-19.47
6.93
-15.29
-1.61
7.50
-16.40
-18.58
7.59
-16.39
-19.08
7.04
-16.40
-1.73
7.50
-17.27
-18.42
7.44
-17.20
-18.90
6.95
-17.20
-1.90
7.50
-18.10
-2.10
7.50
-18.90
-16.25
7.72
-19.03
-16.80
7.56
-18.63
-17.45
7.38
-18.32
-18.15
7.22
-17.93
-18.69
6.85
-17.79
-2.28
7.50
-19.72
-15.87
7.65
-19.71
-2.42
7.50
-20.58
-15.55
7.55
-20.46
-2.55
7.51
-21.47
-15.23
7.45
-21.15
-2.72
7.54
-22.33
-6.10
7.36
-23.13
-6.79
7.34
-22.97
-7.61
7.33
-22.87
-8.52
7.34
-22.80
-9.49
7.39
-22.72
-10.48
7.47
-22.63
-11.49
7.47
-22.51
-12.47
7.43
-22.38
-13.37
7.38
-22.25
-14.17
7.35
-22.04
-14.80
7.37
-21.69
-2.97
7.61
-23.06
-4.73
7.60
-23.60
-5.47
7.49
-23.35
-3.25
7.77
-23.54
-3.65
7.79
-23.77
-4.14
7.76
-23.78
-8.91
7.90
-1.14
-9.61
7.96
-1.09
-10.48
8.05
-1.07
-11.36
8.19
-1.09
-12.23
8.45
-1.21
-12.95
8.46
-1.42
-6.21
8.35
-2.20
-6.82
8.28
-1.90
-7.61
8.36
-1.65
-8.54
8.36
-1.43
-9.51
8.57
-1.39
-10.42
8.70
-1.36
-11.26
8.82
-1.34
-11.86
8.89
-1.32
-13.60
8.40
-1.86
-14.25
7.97
-2.14
-14.66
7.71
-2.34
-5.22
8.38
-3.07
-5.73
8.40
-2.61
-13.96
8.83
-2.52
-14.44
8.38
-2.67
-14.87
7.88
-2.76
-4.80
8.45
-3.60
-14.21
9.08
-3.05
-14.67
8.77
-3.32
-15.19
8.12
-3.37
-3.93
8.46
-4.88
-4.34
8.46
-4.23
-15.07
8.92
-3.88
-15.70
8.40
-4.07
-16.58
8.25
-4.55
-17.39
8.15
-4.84
-18.08
8.08
-5.09
-18.58
8.04
-5.41
-3.55
8.47
-5.55
-18.86
8.07
-5.93
-2.83
8.45
-6.88
-3.19
8.46
-6.22
-19.00
8.10
-6.64
-2.49
8.49
-7.56
-19.03
8.13
-7.45
-1.96
8.49
-8.86
-2.20
8.58
-8.20
-18.99
8.15
-8.27
-1.76
8.48
-9.67
-18.65
8.38
-9.75
-18.87
8.21
-9.02
-1.62
8.49
-10.57
-18.55
8.42
-10.64
-1.55
8.49
-11.53
-18.49
8.43
-11.56
-1.52
8.50
-12.51
-18.47
8.43
-12.50
-1.51
8.50
-13.50
-18.45
8.42
-13.45
-1.52
8.50
-14.49
-18.37
8.42
-14.42
-1.55
8.49
-15.46
-16.42
9.39
-16.35
-16.82
9.19
-16.16
-17.39
8.92
-15.88
-18.07
8.49
-15.44
-1.61
8.49
-16.40
-16.30
9.23
-16.84
-16.79
8.86
-16.74
-17.39
8.54
-16.58
-18.01
8.14
-16.41
-1.73
8.49
-17.27
-16.17
8.98
-17.58
-16.74
8.54
-17.42
-17.35
8.22
-17.27
-17.92
7.89
-17.16
-1.91
8.49
-18.10
-2.10
8.50
-18.90
-16.01
8.55
-18.54
-16.70
8.13
-18.11
-17.33
7.87
-17.86
-17.82
7.69
-17.68
-2.28
8.50
-19.72
-15.53
8.49
-19.53
-2.42
8.50
-20.59
-15.23
8.31
-20.39
-2.53
8.51
-21.48
-14.97
8.17
-21.09
-2.67
8.52
-22.34
-6.19
7.95
-23.17
-6.79
8.04
-23.07
-7.60
8.10
-22.98
-8.50
8.15
-22.91
-9.43
8.27
-22.83
-10.43
8.55
-22.71
-11.52
8.48
-22.45
-12.49
8.33
-22.25
-13.36
8.21
-22.08
-14.10
8.12
-21.89
-14.64
8.08
-21.60
-2.89
8.55
-23.07
-4.89
8.53
-23.67
-5.77
8.44
-23.39
-6.66
8.74
-23.24
-7.55
8.86
-23.15
-8.44
8.92
-23.07
-9.29
8.99
-22.99
-9.95
9.07
-22.90
-3.21
8.60
-23.58
-3.65
8.62
-23.83
-4.21
8.60
-23.84
-12.46
9.12
-1.41
-12.90
9.08
-1.54
-6.27
8.87
-2.34
-6.82
8.94
-2.15
-7.62
9.02
-1.98
-8.53
9.08
-1.85
-9.48
9.19
-1.79
-10.40
9.29
-1.74
-11.30
9.43
-1.72
-12.02
9.32
-1.54
-13.27
9.16
-1.94
-5.32
9.03
-3.12
-5.91
9.25
-2.78
-6.73
9.50
-2.52
-7.59
9.62
-2.37
-8.52
9.69
-2.28
-9.46
9.75
-2.21
-10.34
9.80
-2.16
-11.04
9.82
-2.09
-13.60
9.40
-2.56
-5.00
9.38
-3.61
-5.52
9.68
-3.26
-14.04
9.61
-3.30
-14.51
9.32
-3.62
-4.01
9.39
-4.94
-4.45
9.40
-4.30
-14.35
9.79
-3.80
-14.90
9.58
-4.19
-15.72
9.21
-4.64
-16.57
8.96
-5.01
-17.37
8.77
-5.23
-18.05
8.62
-5.39
-18.47
8.48
-5.52
-3.63
9.41
-5.62
-15.23
9.90
-4.77
-15.78
9.88
-5.27
-16.60
9.52
-5.64
-17.40
9.22
-5.81
-18.09
8.94
-5.91
-18.58
8.60
-5.95
-2.92
9.35
-6.94
-3.27
9.42
-6.32
-16.08
10.17
-5.97
-16.67
9.98
-6.48
-17.46
9.52
-6.58
-18.14
9.13
-6.63
-18.66
8.70
-6.65
-2.62
9.42
-7.59
-16.98
10.13
-7.42
-17.59
9.67
-7.45
-18.19
9.24
-7.48
-18.69
8.75
-7.46
-2.03
9.38
-8.96
-2.30
9.46
-8.30
-17.17
10.24
-8.21
-17.67
9.79
-8.29
-18.22
9.29
-8.38
-18.67
8.78
-8.27
-1.84
9.45
-9.71
-17.29
10.31
-8.78
-17.67
9.98
-9.07
-18.24
9.29
-9.45
-18.63
8.79
-8.92
-1.68
9.47
-10.59
-18.27
9.25
-10.58
-1.58
9.48
-11.54
-18.25
9.25
-11.54
-1.54
9.49
-12.51
-18.22
9.24
-12.48
-1.53
9.49
-13.50
-18.17
9.22
-13.40
-1.54
9.48
-14.49
-18.04
9.20
-14.25
-1.57
9.47
-15.46
-16.25
9.84
-16.12
-16.73
9.67
-15.71
-17.29
9.45
-15.37
-17.78
9.23
-14.95
-1.64
9.47
-16.39
-15.95
9.78
-16.77
-1.75
9.46
-17.27
-15.73
9.65
-17.56
-1.92
9.47
-18.08
-2.11
9.48
-18.88
-15.47
9.49
-18.46
-2.28
9.49
-19.71
-13.34
10.41
-20.38
-13.75
10.22
-20.19
-14.33
9.93
-19.91
-15.00
9.45
-19.46
-2.41
9.50
-20.58
-13.11
10.22
-20.80
-13.65
9.83
-20.71
-14.25
9.48
-20.56
-14.81
9.01
-20.39
-2.52
9.50
-21.48
-12.07
10.04
-21.87
-12.72
9.91
-21.45
-13.48
9.44
-21.29
-14.15
9.11
-21.17
-14.65
8.74
-21.08
-2.65
9.51
-22.34
-10.74
9.49
-22.68
-11.64
9.54
-22.29
-12.56
9.18
-21.96
-13.39
8.90
-21.78
-14.07
8.70
-21.63
-14.50
8.55
-21.49
-2.86
9.52
-23.07
-4.93
9.52
-23.75
-5.74
9.52
-23.55
-6.62
9.62
-23.40
-7.52
9.69
-23.30
-8.44
9.72
-23.22
-9.31
9.74
-23.11
-10.08
9.70
-22.94
-3.19
9.53
-23.60
-3.65
9.54
-23.86
-4.24
9.53
-23.89
-12.57
9.47
-1.57
-12.83
9.44
-1.63
-11.71
9.81
-1.98
-12.34
9.71
-1.87
-12.91
9.60
-1.96
-6.11
9.92
-3.02
-6.74
10.10
-2.89
-7.59
10.22
-2.78
-8.52
10.28
-2.71
-9.48
10.31
-2.65
-10.44
10.30
-2.58
-11.41
10.20
-2.43
-12.35
10.16
-2.49
-13.12
9.93
-2.59
-5.11
10.25
-3.92
-5.80
10.34
-3.48
-6.66
10.68
-3.34
-7.57
10.81
-3.22
-8.52
10.87
-3.14
-9.50
10.89
-3.09
-10.48
10.88
-3.06
-11.47
10.82
-3.04
-12.47
10.71
-3.15
-13.58
10.43
-3.45
-14.25
10.78
-4.04
-14.60
11.00
-4.35
-4.14
10.24
-5.06
-4.60
10.30
-4.50
-14.18
10.19
-3.86
-14.66
10.33
-4.32
-14.88
10.82
-4.69
-3.78
10.30
-5.72
-15.07
10.27
-4.81
-15.34
10.59
-5.29
-3.03
10.05
-7.03
-3.38
10.40
-6.55
-15.80
10.67
-6.14
-16.24
10.59
-6.78
-2.83
10.37
-7.63
-3.17
10.77
-7.20
-16.52
10.67
-7.53
-2.12
10.09
-9.03
-2.43
10.43
-8.51
-16.76
10.78
-8.30
-1.99
10.44
-9.66
-2.24
10.80
-9.13
-17.06
10.76
-9.02
-17.46
10.54
-9.72
-17.90
9.95
-9.95
-1.77
10.45
-10.61
-17.54
10.66
-10.65
-17.94
9.99
-10.68
-1.65
10.45
-11.55
-17.53
10.71
-11.54
-17.94
10.01
-11.56
-1.59
10.46
-12.52
-17.50
10.66
-12.46
-17.91
9.98
-12.47
-1.58
10.46
-13.50
-17.40
10.56
-13.34
-17.83
9.93
-13.36
-1.59
10.45
-14.49
-16.15
10.94
-15.08
-16.59
10.75
-14.68
-17.18
10.45
-14.21
-17.70
9.85
-14.15
-1.63
10.43
-15.46
-16.02
10.59
-15.74
-16.63
10.25
-15.26
-17.19
9.98
-14.89
-17.59
9.71
-14.69
-1.69
10.41
-16.39
-15.64
10.49
-16.63
-1.79
10.40
-17.26
-15.40
10.38
-17.47
-1.95
10.41
-18.06
-2.13
10.45
-18.84
-15.14
10.30
-18.28
-2.30
10.48
-19.68
-13.21
10.87
-20.22
-13.71
10.78
-19.83
-14.27
10.60
-19.42
-14.79
10.32
-18.99
-2.42
10.49
-20.57
-12.81
10.82
-20.71
-2.52
10.50
-21.48
-11.86
10.70
-21.84
-12.38
10.72
-21.29
-2.65
10.50
-22.34
-10.78
10.19
-22.71
-11.28
10.55
-22.40
-2.85
10.50
-23.08
-4.94
10.50
-23.80
-5.74
10.51
-23.64
-6.60
10.55
-23.50
-7.52
10.58
-23.41
-8.45
10.59
-23.31
-9.36
10.58
-23.18
-10.26
10.55
-22.94
-10.79
10.87
-22.73
-3.19
10.50
-23.60
-3.66
10.50
-23.88
-4.25
10.50
-23.91
-5.21
10.87
-4.21
-5.78
11.08
-3.98
-6.62
11.41
-3.87
-7.58
11.44
-3.66
-8.53
11.47
-3.56
-9.51
11.48
-3.53
-10.49
11.48
-3.53
-11.48
11.44
-3.56
-12.46
11.35
-3.66
-13.39
11.25
-3.85
-14.09
11.30
-4.14
-14.54
11.34
-4.43
-4.32
10.87
-5.18
-4.86
11.21
-4.82
-5.62
11.58
-4.47
-6.25
11.81
-4.31
-14.83
11.32
-4.87
-4.06
11.07
-5.74
-4.49
11.62
-5.59
-15.14
11.29
-5.56
-3.78
11.39
-6.54
-4.22
11.83
-6.20
-15.52
11.36
-6.50
-15.97
11.06
-6.95
-2.95
11.10
-7.85
-3.35
11.51
-7.45
-15.68
11.73
-7.38
-16.13
11.24
-7.57
-2.74
11.40
-8.51
-3.12
11.82
-8.13
-15.88
11.89
-8.01
-16.31
11.51
-8.39
-2.10
11.35
-9.90
-2.40
11.50
-9.27
-16.71
11.43
-9.24
-17.04
11.29
-9.90
-1.90
11.38
-10.68
-17.12
11.34
-10.65
-1.75
11.38
-11.58
-16.08
12.24
-12.00
-16.45
11.96
-11.82
-16.99
11.45
-11.51
-1.68
11.39
-12.53
-16.06
12.16
-12.41
-16.41
11.81
-12.59
-16.99
11.27
-12.47
-1.67
11.40
-13.50
-16.45
11.56
-13.38
-16.96
11.11
-13.29
-1.70
11.40
-14.49
-15.87
11.46
-14.82
-16.35
11.33
-14.17
-16.86
10.98
-13.90
-1.73
11.34
-15.47
-15.06
11.95
-15.93
-15.48
11.45
-15.64
-1.79
11.29
-16.40
-14.91
11.86
-16.61
-15.27
11.23
-16.57
-1.88
11.25
-17.25
-14.74
11.77
-17.41
-15.08
11.10
-17.42
-2.00
11.26
-18.00
-2.17
11.41
-18.72
-14.53
11.63
-18.20
-14.87
11.00
-18.17
-2.32
11.47
-19.61
-13.06
11.55
-20.04
-13.60
11.49
-19.53
-14.21
11.37
-18.95
-14.65
10.91
-18.73
-2.44
11.49
-20.54
-12.60
11.53
-20.59
-2.54
11.49
-21.46
-11.72
11.50
-21.75
-12.17
11.50
-21.17
-2.66
11.48
-22.34
-11.24
11.46
-22.30
-2.87
11.46
-23.07
-4.94
11.47
-23.81
-5.73
11.49
-23.68
-6.60
11.50
-23.56
-7.52
11.51
-23.46
-8.46
11.50
-23.35
-9.36
11.47
-23.20
-10.15
11.44
-22.99
-10.75
11.50
-22.71
-3.19
11.45
-23.60
-3.66
11.45
-23.87
-4.24
11.45
-23.91
-6.94
11.95
-4.17
-7.65
12.01
-4.06
-8.55
12.05
-3.99
-9.51
12.07
-3.96
-10.48
12.07
-4.00
-11.48
12.04
-4.09
-12.45
11.93
-4.17
-13.34
11.81
-4.28
-14.04
11.73
-4.42
-14.45
11.64
-4.54
-5.15
11.90
-5.11
-5.73
12.13
-4.89
-6.60
12.36
-4.67
-7.60
12.53
-4.52
-8.54
12.61
-4.44
-9.49
12.63
-4.43
-10.45
12.64
-4.51
-11.45
12.65
-4.73
-12.46
12.43
-4.80
-13.35
12.22
-4.85
-14.08
12.01
-4.91
-14.58
11.74
-4.95
-4.96
12.28
-5.72
-5.65
12.56
-5.41
-6.25
12.73
-5.22
-11.78
13.01
-5.30
-12.54
12.87
-5.54
-13.43
12.55
-5.55
-14.17
12.25
-5.59
-14.75
11.85
-5.62
-3.99
12.09
-6.86
-4.47
12.41
-6.51
-12.89
13.11
-6.24
-13.56
12.81
-6.27
-14.28
12.49
-6.37
-14.94
12.04
-6.48
-3.79
12.40
-7.55
-4.29
12.75
-7.18
-13.08
13.31
-6.75
-13.62
13.13
-6.93
-14.33
12.84
-7.17
-15.11
12.40
-7.46
-2.87
12.12
-8.83
-3.32
12.52
-8.44
-15.59
12.38
-8.25
-16.03
12.19
-8.83
-2.24
12.02
-10.04
-2.62
12.40
-9.56
-3.06
12.82
-9.14
-16.37
12.11
-9.63
-16.76
11.79
-10.02
-2.12
12.27
-10.71
-2.43
12.72
-10.28
-16.34
12.29
-10.42
-16.77
11.86
-10.54
-1.92
12.24
-11.61
-15.18
13.04
-11.99
-15.72
12.61
-11.79
-16.24
12.32
-11.20
-16.70
11.90
-11.08
-1.83
12.25
-12.53
-15.07
13.03
-12.67
-15.68
12.44
-12.65
-16.04
12.07
-12.90
-1.82
12.28
-13.48
-14.99
12.95
-13.55
-15.54
12.36
-13.51
-16.00
11.96
-13.45
-1.88
12.38
-14.50
-2.04
12.96
-14.87
-14.90
12.79
-14.51
-15.50
12.09
-14.41
-15.96
11.80
-14.01
-1.89
12.19
-15.50
-2.07
12.92
-15.60
-14.81
12.51
-15.54
-15.25
12.02
-15.19
-1.93
12.10
-16.43
-2.11
12.86
-16.49
-14.57
12.50
-16.51
-2.00
12.01
-17.26
-2.16
12.73
-17.42
-14.38
12.42
-17.38
-2.06
11.91
-17.91
-2.22
12.41
-18.41
-14.18
12.31
-18.15
-2.37
12.47
-19.51
-12.86
12.32
-19.83
-13.41
12.24
-19.29
-13.89
12.18
-18.79
-2.47
12.49
-20.50
-12.39
12.28
-20.46
-2.58
12.48
-21.45
-11.54
12.33
-21.60
-11.98
12.26
-21.05
-2.72
12.45
-22.33
-11.11
12.24
-22.21
-2.92
12.39
-23.06
-4.90
12.40
-23.78
-5.71
12.44
-23.67
-6.59
12.44
-23.57
-7.51
12.45
-23.46
-8.46
12.45
-23.31
-9.36
12.34
-23.13
-10.12
12.23
-22.92
-10.69
12.19
-22.65
-3.22
12.34
-23.57
-3.66
12.34
-23.83
-4.23
12.36
-23.88
-6.93
12.89
-5.09
-7.65
13.05
-5.03
-8.55
13.13
-4.93
-9.46
13.16
-4.90
-10.34
13.14
-4.97
-11.05
13.10
-5.10
-5.21
12.79
-6.07
-5.75
13.00
-5.89
-6.58
13.20
-5.64
-7.57
13.58
-5.66
-8.54
13.65
-5.47
-9.46
13.67
-5.40
-10.36
13.62
-5.46
-11.33
13.49
-5.67
-12.08
13.27
-5.86
-4.98
13.01
-6.64
-5.66
13.39
-6.53
-6.47
13.74
-6.43
-7.19
13.90
-6.21
-11.74
13.88
-6.38
-12.36
13.49
-6.39
-4.08
13.07
-7.87
-4.69
13.40
-7.50
-5.51
13.76
-7.18
-6.13
13.98
-6.99
-12.11
14.06
-6.89
-12.72
13.76
-7.06
-13.49
13.56
-7.49
-14.25
13.33
-7.92
-14.89
12.92
-8.02
-3.83
13.38
-8.57
-4.39
13.72
-8.22
-14.55
13.49
-8.73
-15.24
12.95
-8.72
-15.74
12.66
-9.05
-2.83
13.12
-9.86
-3.31
13.49
-9.44
-14.64
13.63
-9.56
-15.28
13.15
-9.57
-15.85
12.71
-9.64
-2.26
12.92
-10.98
-2.64
13.43
-10.61
-3.09
13.79
-10.10
-14.16
14.06
-10.81
-14.60
13.71
-10.48
-15.31
13.19
-10.38
-15.87
12.76
-10.33
-2.13
12.98
-11.67
-2.43
13.66
-11.61
-14.18
14.03
-11.45
-14.77
13.50
-11.51
-15.42
13.02
-11.14
-15.87
12.73
-10.89
-2.04
13.02
-12.53
-2.31
13.74
-12.54
-14.15
14.06
-12.05
-14.49
13.70
-12.51
-2.00
13.02
-13.40
-2.24
13.73
-13.49
-14.46
13.62
-13.53
-2.01
13.00
-14.13
-2.19
13.58
-14.51
-13.97
13.97
-15.02
-14.32
13.59
-14.57
-2.25
13.67
-15.53
-13.88
13.87
-15.67
-14.29
13.29
-15.56
-2.29
13.67
-16.50
-13.72
13.78
-16.49
-14.15
13.17
-16.49
-2.32
13.61
-17.48
-13.49
13.67
-17.35
-13.98
13.06
-17.36
-2.37
13.51
-18.47
-12.09
14.02
-19.05
-12.57
13.74
-18.78
-13.21
13.47
-18.25
-13.79
12.91
-18.13
-2.45
13.49
-19.49
-11.93
13.79
-19.64
-12.54
13.16
-19.52
-13.23
12.91
-18.95
-13.67
12.69
-18.65
-2.54
13.49
-20.48
-11.63
13.57
-20.41
-12.10
12.98
-20.34
-2.67
13.47
-21.43
-10.01
14.16
-22.04
-10.52
13.86
-21.73
-11.24
13.27
-21.31
-11.79
12.86
-20.92
-2.86
13.40
-22.32
-8.92
14.01
-22.86
-9.61
13.88
-22.52
-10.31
13.40
-22.30
-10.85
12.92
-22.13
-3.05
13.22
-23.05
-4.82
13.28
-23.69
-5.68
13.39
-23.62
-6.57
13.35
-23.57
-7.47
13.37
-23.46
-8.47
13.48
-23.19
-9.42
13.16
-22.92
-10.15
12.89
-22.72
-10.60
12.69
-22.55
-3.29
13.10
-23.53
-3.68
13.09
-23.75
-4.19
13.13
-23.79
-7.90
14.05
-6.05
-8.61
14.18
-5.96
-9.46
14.22
-5.87
-10.28
14.17
-5.90
-10.94
14.06
-6.03
-6.82
14.19
-6.79
-7.55
14.37
-6.57
-8.52
14.79
-6.52
-9.49
14.82
-6.30
-10.30
14.74
-6.33
-11.16
14.51
-6.57
-4.99
14.00
-7.93
-5.62
14.23
-7.70
-6.44
14.46
-7.37
-7.33
14.94
-7.30
-8.06
15.11
-7.03
-11.85
14.57
-7.23
-12.58
14.41
-7.79
-13.35
14.03
-8.05
-13.88
13.78
-8.24
-4.11
14.02
-8.90
-4.72
14.34
-8.61
-5.56
14.69
-8.31
-6.32
14.97
-8.06
-6.92
15.19
-7.86
-12.81
14.69
-8.60
-13.40
14.31
-8.74
-13.99
13.94
-8.79
-3.83
14.29
-9.56
-4.39
14.61
-9.26
-12.93
14.84
-9.24
-13.43
14.53
-9.57
-14.06
14.07
-9.51
-2.99
14.27
-10.90
-3.40
14.37
-10.29
-13.70
14.43
-10.51
-14.12
14.09
-10.16
-2.77
14.39
-11.68
-13.71
14.48
-11.42
-2.64
14.50
-12.58
-13.80
14.45
-12.20
-14.01
14.27
-12.79
-2.53
14.51
-13.53
-14.04
14.22
-13.51
-2.47
14.49
-14.51
-13.69
14.40
-14.83
-13.94
14.23
-14.24
-2.47
14.52
-15.51
-13.49
14.41
-15.59
-2.47
14.54
-16.50
-13.28
14.36
-16.41
-2.47
14.53
-17.50
-11.37
15.28
-18.21
-11.78
15.01
-17.95
-12.36
14.67
-17.63
-12.97
14.31
-17.25
-2.48
14.50
-18.49
-11.25
15.12
-18.78
-11.79
14.55
-18.72
-12.40
14.25
-18.27
-12.88
14.03
-17.94
-2.53
14.49
-19.48
-11.03
14.98
-19.54
-11.48
14.37
-19.56
-2.62
14.47
-20.45
-10.78
14.82
-20.35
-11.22
14.20
-20.33
-2.80
14.45
-21.39
-9.87
14.72
-21.82
-10.46
14.58
-21.19
-10.98
14.02
-20.96
-3.16
14.40
-22.34
-3.80
14.76
-22.79
-4.53
14.88
-23.04
-5.25
14.98
-23.17
-8.63
14.63
-22.81
-9.30
14.67
-22.34
-3.30
13.86
-23.08
-3.81
14.13
-23.27
-4.57
14.10
-23.46
-5.70
14.41
-23.48
-6.56
14.15
-23.58
-7.32
14.15
-23.51
-7.99
14.41
-23.28
-3.39
13.58
-23.47
-3.71
13.66
-23.59
-4.13
13.67
-23.66
-6.21
14.68
-23.59
-6.67
14.63
-23.62
-7.22
14.63
-23.59
-7.62
14.67
-23.50
-9.86
15.70
-6.52
-10.06
15.68
-6.53
-8.89
15.45
-6.85
-9.63
15.48
-6.61
-10.24
15.42
-6.64
-10.92
15.25
-7.00
-7.68
15.60
-7.70
-8.33
15.59
-7.28
-11.51
15.29
-7.72
-12.14
14.96
-8.05
-4.98
14.91
-9.04
-5.59
15.22
-8.90
-6.37
15.57
-8.68
-7.09
15.66
-8.22
-11.70
15.67
-8.64
-12.30
15.16
-8.70
-4.07
14.85
-9.94
-4.67
15.14
-9.66
-5.46
15.66
-9.59
-6.11
15.89
-9.29
-11.90
15.86
-9.58
-12.55
15.25
-9.58
-13.03
14.93
-9.91
-3.28
14.81
-11.07
-3.77
15.06
-10.65
-4.53
15.61
-10.51
-5.15
15.88
-10.21
-12.01
16.02
-10.54
-12.57
15.44
-10.56
-13.12
14.95
-10.62
-3.17
15.03
-11.70
-3.71
15.54
-11.52
-4.25
15.83
-11.19
-12.09
16.09
-11.52
-12.62
15.51
-11.52
-13.19
14.98
-11.52
-3.06
15.28
-12.59
-3.48
15.69
-12.23
-12.13
16.12
-12.51
-12.68
15.53
-12.51
-13.32
14.95
-12.53
-13.69
14.65
-12.94
-2.86
15.28
-13.57
-12.12
16.12
-13.50
-12.67
15.55
-13.49
-13.25
15.04
-13.50
-13.68
14.67
-13.50
-2.76
15.31
-14.53
-12.07
16.06
-14.47
-12.63
15.50
-14.46
-13.27
14.92
-14.46
-13.66
14.64
-14.07
-2.70
15.37
-15.50
-11.97
15.97
-15.41
-12.52
15.44
-15.41
-13.05
14.93
-15.44
-2.67
15.45
-16.50
-11.83
15.84
-16.33
-12.39
15.32
-16.27
-12.88
14.86
-16.26
-2.62
15.46
-17.51
-11.17
15.77
-17.92
-11.66
15.58
-17.26
-12.29
15.09
-17.02
-12.73
14.77
-16.86
-2.60
15.45
-18.50
-10.88
15.75
-18.67
-2.63
15.44
-19.47
-10.65
15.65
-19.49
-2.72
15.43
-20.40
-10.42
15.54
-20.28
-2.92
15.40
-21.25
-9.62
15.45
-21.62
-10.10
15.44
-21.02
-3.28
15.40
-21.96
-3.86
15.54
-22.41
-4.62
15.62
-22.69
-5.58
15.59
-22.92
-6.51
15.79
-22.89
-7.36
15.73
-22.82
-8.23
15.42
-22.67
-9.04
15.43
-22.15
-6.04
15.08
-23.34
-6.63
15.30
-23.29
-7.27
15.28
-23.25
-7.79
15.02
-23.21
-6.30
14.93
-23.54
-6.70
14.98
-23.54
-7.21
14.97
-23.52
-7.57
14.91
-23.47
-9.87
15.85
-6.64
-10.06
15.83
-6.64
-9.09
15.87
-7.10
-9.67
15.92
-6.95
-10.20
15.85
-6.97
-10.69
15.70
-7.21
-7.99
16.18
-8.05
-8.72
16.16
-7.63
-9.54
16.37
-7.67
-10.26
16.21
-7.64
-10.89
15.90
-7.78
-6.75
16.10
-8.98
-7.39
16.28
-8.65
-9.79
16.68
-8.18
-10.33
16.57
-8.31
-11.01
16.30
-8.66
-5.81
16.14
-9.92
-6.51
16.41
-9.63
-7.18
16.61
-9.27
-11.32
16.48
-9.61
-4.86
16.09
-10.88
-5.48
16.33
-10.58
-6.21
16.76
-10.47
-11.48
16.68
-10.56
-4.00
16.02
-11.89
-4.59
16.29
-11.57
-5.40
16.78
-11.44
-6.03
17.04
-11.13
-11.62
16.77
-11.54
-3.32
15.82
-12.94
-3.78
16.18
-12.61
-4.51
16.71
-12.47
-5.11
16.96
-12.13
-11.68
16.80
-12.51
-3.22
15.95
-13.65
-3.75
16.57
-13.58
-4.29
16.90
-13.22
-11.65
16.79
-13.51
-3.09
16.04
-14.54
-3.50
16.67
-14.53
-11.60
16.67
-14.48
-2.99
16.16
-15.48
-3.35
16.79
-15.40
-11.50
16.57
-15.41
-2.94
16.39
-16.49
-3.23
16.87
-16.11
-10.94
16.83
-16.78
-11.31
16.49
-16.33
-2.83
16.36
-17.53
-10.84
16.53
-17.54
-11.26
16.20
-17.05
-2.77
16.34
-18.51
-10.48
16.48
-18.52
-2.78
16.33
-19.46
-10.27
16.34
-19.43
-2.89
16.31
-20.36
-10.08
16.21
-20.22
-3.07
16.23
-21.15
-9.39
16.14
-21.40
-9.82
16.12
-20.88
-3.37
16.19
-21.73
-3.90
16.29
-22.08
-4.64
16.40
-22.29
-5.53
16.42
-22.43
-6.47
16.46
-22.40
-7.38
16.36
-22.34
-8.20
16.19
-22.19
-8.88
16.12
-21.87
-8.20
16.57
-8.32
-8.69
16.64
-8.18
-9.23
16.71
-8.14
-7.97
16.75
-8.80
-8.67
16.97
-8.76
-9.47
16.98
-8.66
-10.19
16.94
-8.87
-10.70
16.78
-9.05
-6.99
16.92
-9.92
-7.66
17.07
-9.57
-8.58
17.34
-9.48
-9.42
17.40
-9.45
-10.18
17.31
-9.56
-10.81
17.03
-9.69
-6.83
17.24
-10.58
-7.65
17.63
-10.47
-8.56
17.80
-10.22
-9.41
17.88
-10.18
-10.19
17.77
-10.28
-10.91
17.46
-10.63
-5.78
17.26
-11.80
-6.50
17.59
-11.49
-7.27
17.88
-11.13
-11.22
17.53
-11.59
-4.86
17.17
-12.85
-5.44
17.40
-12.48
-6.10
17.85
-12.41
-11.31
17.57
-12.53
-4.09
17.07
-13.93
-4.66
17.40
-13.63
-5.37
17.74
-13.24
-5.89
18.02
-13.05
-10.97
18.02
-14.01
-11.23
17.61
-13.56
-3.93
17.20
-14.61
-4.42
17.60
-14.52
-10.88
17.90
-14.66
-11.21
17.33
-14.52
-3.80
17.40
-15.50
-4.27
17.73
-15.18
-10.77
17.73
-15.49
-11.13
17.17
-15.38
-3.14
17.00
-16.84
-3.48
17.36
-16.45
-10.67
17.44
-16.43
-11.04
17.04
-16.06
-3.12
17.16
-17.60
-3.43
17.52
-17.19
-10.33
17.36
-17.42
-3.02
17.10
-18.54
-7.09
18.21
-19.14
-7.70
18.12
-19.03
-8.46
17.95
-18.94
-9.20
17.69
-18.77
-9.92
17.29
-18.43
-3.03
17.10
-19.44
-6.98
18.03
-19.73
-7.69
17.85
-19.72
-8.45
17.65
-19.67
-9.17
17.36
-19.56
-9.79
16.95
-19.42
-3.19
17.13
-20.35
-3.56
17.49
-20.65
-6.87
17.82
-20.45
-7.64
17.61
-20.46
-8.41
17.38
-20.42
-9.12
17.08
-20.35
-9.68
16.74
-20.21
-3.32
16.90
-21.11
-3.78
17.36
-21.21
-4.31
17.49
-21.44
-6.73
17.56
-21.17
-7.54
17.33
-21.17
-8.33
17.08
-21.14
-9.07
16.73
-21.08
-9.57
16.57
-20.76
-3.47
16.71
-21.57
-3.90
16.92
-21.72
-4.62
17.14
-21.85
-5.49
17.12
-21.97
-6.42
17.17
-21.82
-7.40
16.93
-21.80
-8.20
16.73
-21.72
-8.76
16.57
-21.60
-7.97
18.11
-10.90
-8.61
18.28
-10.81
-9.42
18.47
-10.85
-10.16
18.36
-10.84
-10.69
18.24
-11.11
-7.01
18.26
-11.95
-7.70
18.37
-11.47
-8.50
18.66
-11.36
-9.12
18.81
-11.29
-10.94
18.30
-11.74
-6.61
18.35
-12.65
-11.03
18.34
-12.49
-5.01
17.86
-14.04
-5.52
18.11
-13.84
-6.22
18.43
-13.50
-10.75
18.53
-13.84
-10.97
18.37
-13.23
-4.89
18.00
-14.67
-5.51
18.37
-14.62
-6.15
18.67
-14.44
-10.52
18.51
-14.60
-4.12
17.82
-15.88
-4.66
18.10
-15.56
-5.52
18.58
-15.54
-6.09
18.79
-15.15
-10.36
18.36
-15.47
-3.98
17.87
-16.60
-4.62
18.26
-16.54
-5.36
18.62
-16.51
-10.18
18.19
-16.36
-3.38
17.62
-17.91
-3.81
17.91
-17.54
-4.58
18.31
-17.50
-5.37
18.61
-17.43
-7.88
18.71
-17.78
-8.49
18.62
-17.68
-9.18
18.44
-17.52
-9.83
18.12
-17.23
-3.36
17.65
-18.59
-3.88
18.01
-18.51
-4.64
18.31
-18.47
-5.62
18.52
-18.39
-6.63
18.45
-18.68
-7.58
18.48
-18.33
-8.43
18.31
-18.28
-9.15
18.10
-18.14
-9.67
17.86
-17.95
-3.37
17.63
-19.38
-3.89
17.97
-19.42
-4.62
18.20
-19.43
-5.46
18.30
-19.45
-6.29
18.22
-19.57
-3.41
17.59
-20.03
-3.86
17.82
-20.30
-4.60
18.04
-20.33
-5.38
18.10
-20.34
-6.15
18.02
-20.39
-4.05
17.72
-20.92
-4.62
17.79
-21.11
-5.37
17.87
-21.08
-6.06
17.80
-21.09
-4.88
17.57
-21.57
-5.43
17.59
-21.60
-5.97
17.57
-21.55
-9.71
18.88
-11.25
-10.18
18.83
-11.26
-10.56
18.73
-11.37
-7.30
18.66
-12.25
-7.82
18.84
-12.08
-8.58
19.08
-11.94
-9.43
19.21
-11.75
-10.15
19.18
-11.71
-10.63
18.98
-11.86
-7.14
18.79
-12.80
-7.80
19.12
-12.77
-8.60
19.43
-12.68
-9.20
19.50
-12.34
-10.51
19.31
-12.89
-10.74
19.04
-12.53
-6.96
18.90
-13.58
-7.70
19.25
-13.58
-8.46
19.53
-13.51
-10.45
19.13
-13.51
-10.76
18.89
-13.08
-6.84
19.01
-14.49
-7.66
19.29
-14.48
-8.58
19.50
-14.39
-9.33
19.43
-14.56
-10.03
19.15
-14.41
-6.04
18.86
-15.85
-6.64
19.02
-15.48
-7.57
19.23
-15.45
-8.45
19.32
-15.40
-9.22
19.22
-15.42
-9.86
18.90
-15.40
-6.02
18.88
-16.53
-6.72
19.03
-16.42
-7.56
19.13
-16.38
-8.41
19.14
-16.30
-9.15
19.01
-16.25
-9.73
18.72
-16.23
-6.03
18.83
-17.29
-6.73
18.93
-17.25
-7.56
18.92
-17.29
-8.41
18.91
-17.07
-9.12
18.78
-16.94
-9.60
18.59
-16.83
-6.08
18.74
-17.89
-6.65
18.75
-17.93
-7.25
18.75
-17.87
-9.75
19.52
-12.15
-10.19
19.48
-12.13
-10.51
19.36
-12.10
-9.05
19.67
-12.92
-9.55
19.66
-12.67
-10.20
19.55
-12.68
-10.54
19.39
-12.41
-9.00
19.71
-13.43
-9.51
19.71
-13.36
-10.03
19.55
-13.37
-9.00
19.69
-13.93
-9.43
19.65
-13.95
-9.85
19.52
-13.92