0
1
7
8
7
1
0
17
1
18
1
17
0
7
17
24
17
7
1
2
9
1
9
8
1
18
19
1
19
2
2
3
9
10
9
3
2
19
3
20
3
19
3
20
27
3
27
10
4
5
11
12
11
5
4
21
5
22
5
21
4
11
21
28
21
11
5
6
13
5
13
12
5
22
23
5
23
6
6
23
13
30
13
23
7
8
25
7
25
24
8
9
25
26
25
9
9
10
27
9
27
26
11
12
29
11
29
28
12
13
29
30
29
13
14
15
19
20
19
15
14
40
15
41
15
40
14
19
40
47
40
19
15
16
21
15
21
20
15
41
42
15
42
16
16
42
21
49
21
42
17
45
46
17
46
18
17
24
54
17
54
45
18
46
19
47
19
46
20
21
27
28
27
21
21
49
50
21
50
22
22
50
23
51
23
50
23
51
57
23
57
30
24
25
54
55
54
25
25
26
56
25
56
55
26
27
32
33
32
27
26
32
56
63
56
32
27
28
34
27
34
33
28
29
34
35
34
29
29
30
36
29
36
35
30
31
36
37
36
31
30
57
31
58
31
57
31
58
68
31
68
37
32
33
63
64
63
33
33
34
65
33
65
64
34
35
65
66
65
35
35
36
67
35
67
66
36
37
67
68
67
37
38
39
43
44
43
39
38
81
39
82
39
81
38
43
81
90
81
43
39
82
91
39
91
44
40
85
41
86
41
85
40
47
85
94
85
47
41
48
49
41
49
42
41
86
95
41
95
48
43
44
53
43
53
52
43
52
104
43
104
90
44
45
53
54
53
45
44
91
45
92
45
91
45
92
93
45
93
46
46
93
47
94
47
93
48
95
49
96
49
95
49
96
97
49
97
50
50
97
51
98
51
97
51
98
105
51
105
57
52
53
59
60
59
53
52
59
104
112
104
59
53
54
61
53
61
60
54
55
61
62
61
55
55
56
63
55
63
62
57
105
106
57
106
58
58
106
68
114
68
106
59
60
70
59
70
69
59
69
120
59
120
112
60
61
70
71
70
61
61
62
72
61
72
71
62
63
72
73
72
63
63
64
74
63
74
73
64
65
74
75
74
65
65
66
76
65
76
75
66
67
76
77
76
67
67
68
78
67
78
77
68
114
78
129
78
114
69
70
121
69
121
120
70
71
121
122
121
71
71
72
123
71
123
122
72
73
123
124
123
73
73
74
125
73
125
124
74
75
125
126
125
75
75
76
127
75
127
126
76
77
127
128
127
77
77
78
129
77
129
128
79
80
89
79
89
88
79
173
174
79
174
80
79
88
182
79
182
173
80
81
89
90
89
81
80
174
81
175
81
174
81
175
176
81
176
82
82
83
91
92
91
83
82
176
83
177
83
176
83
84
93
83
93
92
83
177
178
83
178
84
84
85
93
94
93
85
84
178
85
179
85
178
85
179
180
85
180
86
86
180
95
184
95
180
87
88
102
87
102
101
87
181
182
87
182
88
87
101
191
87
191
181
88
89
102
103
102
89
89
90
104
89
104
103
95
184
185
95
185
96
96
185
97
186
97
185
97
186
187
97
187
98
98
187
105
195
105
187
99
100
108
99
108
107
99
189
190
99
190
100
99
107
197
99
197
189
100
101
108
109
108
101
100
190
101
191
101
190
101
102
110
101
110
109
102
103
110
111
110
103
103
104
112
103
112
111
105
113
114
105
114
106
105
195
198
105
198
113
107
108
116
107
116
115
107
115
201
107
201
197
108
109
116
117
116
109
109
110
118
109
118
117
110
111
118
119
118
111
111
112
120
111
120
119
113
198
199
113
199
114
114
199
129
204
129
199
115
116
202
115
202
201
116
117
130
131
130
117
116
130
202
206
202
130
117
118
132
117
132
131
118
119
132
133
132
119
119
120
134
119
134
133
120
121
134
135
134
121
121
122
136
121
136
135
122
123
136
137
136
123
123
124
138
123
138
137
124
125
138
139
138
125
125
126
140
125
140
139
126
127
140
141
140
127
127
128
142
127
142
141
128
129
142
143
142
129
129
204
211
129
211
143
130
131
144
145
144
131
130
144
206
213
206
144
131
132
146
131
146
145
132
133
146
147
146
133
133
134
148
133
148
147
134
135
148
149
148
135
135
136
150
135
150
149
136
137
150
151
150
137
137
138
152
137
152
151
138
139
152
153
152
139
139
140
208
139
208
207
139
207
217
139
217
153
140
141
208
209
208
141
141
142
210
141
210
209
142
143
210
211
210
143
144
145
154
155
154
145
144
154
213
223
213
154
145
146
156
145
156
155
146
147
156
157
156
147
147
148
158
147
158
157
148
149
214
215
214
149
148
214
158
226
158
214
149
150
216
149
216
215
150
151
159
160
159
151
150
159
216
228
216
159
151
152
161
151
161
160
152
153
161
162
161
153
153
217
229
153
229
162
154
155
223
224
223
155
155
156
225
155
225
224
156
157
163
164
163
157
156
163
225
234
225
163
157
158
165
157
165
164
158
226
165
235
165
226
159
160
167
159
167
166
159
166
237
159
237
228
160
161
167
168
167
161
161
162
169
161
169
168
162
229
169
240
169
229
163
164
171
163
171
170
163
170
243
163
243
234
164
165
171
172
171
165
165
235
245
165
245
172
166
167
237
238
237
167
167
168
239
167
239
238
168
169
239
240
239
169
170
171
243
244
243
171
171
172
245
171
245
244
173
252
253
173
253
174
173
182
260
173
260
252
174
253
175
254
175
253
175
254
255
175
255
176
176
255
177
256
177
255
177
256
257
177
257
178
178
257
179
258
179
257
179
183
184
179
184
180
179
258
261
179
261
183
181
259
260
181
260
182
181
191
266
181
266
259
183
261
262
183
262
184
184
192
185
193
185
192
184
262
192
267
192
262
185
193
194
185
194
186
186
194
187
195
187
194
188
189
196
197
196
189
188
263
189
264
189
263
188
196
263
271
263
196
189
264
265
189
265
190
190
265
191
266
191
265
192
267
193
268
193
267
193
268
269
193
269
194
194
269
195
270
195
269
195
270
274
195
274
198
196
197
200
201
200
197
196
200
271
276
271
200
198
203
199
204
199
203
198
274
203
278
203
274
200
201
276
277
276
201
201
202
206
201
206
205
201
205
283
201
283
277
203
278
279
203
279
204
204
279
211
285
211
279
205
206
213
205
213
212
205
212
290
205
290
283
207
208
218
207
218
217
208
209
218
219
218
209
209
210
220
209
220
219
210
211
220
221
220
211
211
285
292
211
292
221
212
213
222
223
222
213
212
222
290
297
290
222
214
215
226
227
226
215
215
216
228
215
228
227
217
218
230
217
230
229
218
219
230
231
230
219
219
220
232
219
232
231
220
221
291
292
291
221
220
291
232
301
232
291
222
223
297
298
297
223
223
224
299
223
299
298
224
225
233
234
233
225
224
233
299
311
299
233
226
227
235
236
235
227
227
228
237
227
237
236
229
230
241
229
241
240
230
231
241
242
241
231
231
232
301
231
301
300
231
300
314
231
314
242
233
234
312
233
312
311
234
243
312
319
312
243
235
236
246
235
246
245
236
237
246
247
246
237
237
238
248
237
248
247
238
239
248
249
248
239
239
240
250
239
250
249
240
241
250
251
250
241
241
242
314
241
314
313
241
313
327
241
327
251
243
244
320
243
320
319
244
245
320
321
320
245
245
246
322
245
322
321
246
247
322
323
322
247
247
248
324
247
324
323
248
249
324
325
324
249
249
250
326
249
326
325
250
251
326
327
326
251
252
369
253
370
253
369
252
260
369
377
369
260
253
370
371
253
371
254
254
371
255
372
255
371
255
372
373
255
373
256
256
373
257
374
257
373
257
374
375
257
375
258
258
375
261
380
261
375
259
376
377
259
377
260
259
266
385
259
385
376
261
380
381
261
381
262
262
381
267
386
267
381
263
382
383
263
383
264
263
271
388
263
388
382
264
383
265
384
265
383
265
384
385
265
385
266
267
386
387
267
387
268
268
272
269
273
269
272
268
387
272
389
272
387
269
273
274
269
274
270
271
276
393
271
393
388
272
389
273
390
273
389
273
390
391
273
391
274
274
391
278
394
278
391
275
276
282
275
282
281
275
392
393
275
393
276
275
281
396
275
396
392
276
277
282
283
282
277
278
284
279
285
279
284
278
394
284
397
284
394
280
281
287
288
287
281
280
395
281
396
281
395
280
287
395
400
395
287
281
282
289
281
289
288
282
283
289
290
289
283
284
397
285
398
285
397
285
398
402
285
402
292
286
287
293
294
293
287
286
399
287
400
287
399
286
293
399
403
399
293
287
288
295
287
295
294
288
289
295
296
295
289
289
290
297
289
297
296
291
292
302
291
302
301
292
402
302
405
302
402
293
294
306
293
306
305
293
305
408
293
408
403
294
295
306
307
306
295
295
296
308
295
308
307
296
297
308
309
308
297
297
298
310
297
310
309
298
299
310
311
310
299
300
301
314
315
314
301
301
302
316
301
316
315
302
303
316
317
316
303
302
405
303
406
303
405
303
304
318
303
318
317
303
406
407
303
407
304
304
407
318
416
318
407
305
306
409
305
409
408
306
307
409
410
409
307
307
308
411
307
411
410
308
309
411
412
411
309
309
310
413
309
413
412
310
311
413
414
413
311
311
312
415
311
415
414
312
319
415
419
415
319
313
314
328
313
328
327
314
315
328
329
328
315
315
316
330
315
330
329
316
317
330
331
330
317
317
318
332
317
332
331
318
416
332
423
332
416
319
320
335
319
335
334
319
334
425
319
425
419
320
321
335
336
335
321
321
322
337
321
337
336
322
323
337
338
337
323
323
324
339
323
339
338
324
325
339
340
339
325
325
326
341
325
341
340
326
327
341
342
341
327
327
328
343
327
343
342
328
329
343
344
343
329
329
330
421
329
421
420
329
420
429
329
429
344
330
331
421
422
421
331
331
332
346
331
346
345
331
345
431
331
431
422
332
333
346
347
346
333
332
423
333
424
333
423
333
424
433
333
433
347
334
335
425
426
425
335
335
336
427
335
427
426
336
337
427
428
427
337
337
338
349
337
349
348
337
348
435
337
435
428
338
339
349
350
349
339
339
340
351
339
351
350
340
341
351
352
351
341
341
342
353
341
353
352
342
343
353
354
353
343
343
344
355
343
355
354
344
429
355
437
355
429
345
346
432
345
432
431
346
347
432
433
432
347
348
349
435
436
435
349
349
350
357
349
357
356
349
356
443
349
443
436
350
351
357
358
357
351
351
352
359
351
359
358
352
353
359
360
359
353
353
354
361
353
361
360
354
355
361
362
361
355
355
437
445
355
445
362
356
357
363
364
363
357
356
363
443
450
443
363
357
358
365
357
365
364
358
359
365
366
365
359
359
360
367
359
367
366
360
361
367
368
367
361
361
362
445
361
445
444
361
444
455
361
455
368
363
364
451
363
451
450
364
365
451
452
451
365
365
366
453
365
453
452
366
367
453
454
453
367
367
368
455
367
455
454
369
470
471
369
471
370
369
377
480
369
480
470
370
471
371
472
371
471
371
378
379
371
379
372
371
472
481
371
481
378
372
473
373
474
373
473
372
379
473
482
473
379
373
474
475
373
475
374
374
475
375
476
375
475
375
476
485
375
485
380
376
479
377
480
377
479
376
385
479
490
479
385
378
481
379
482
379
481
380
485
381
486
381
485
381
486
495
381
495
386
382
487
383
488
383
487
382
388
487
497
487
388
383
488
489
383
489
384
384
489
385
490
385
489
386
495
387
496
387
495
387
496
498
387
498
389
388
393
497
502
497
393
389
498
499
389
499
390
390
499
391
500
391
499
391
500
503
391
503
394
392
501
393
502
393
501
392
396
501
505
501
396
394
503
397
507
397
503
395
504
505
395
505
396
395
400
508
395
508
504
397
401
402
397
402
398
397
507
509
397
509
401
399
403
404
399
404
400
400
404
508
512
508
404
401
509
510
401
510
402
402
510
405
513
405
510
403
511
512
403
512
404
403
408
516
403
516
511
405
513
514
405
514
406
406
514
407
515
407
514
407
515
522
407
522
416
408
409
516
517
516
409
409
410
518
409
518
517
410
411
518
519
518
411
411
412
520
411
520
519
412
413
520
521
520
413
413
414
418
413
418
417
413
417
527
413
527
521
414
415
418
419
418
415
416
522
423
530
423
522
417
418
528
417
528
527
418
419
528
529
528
419
419
425
535
419
535
529
420
421
429
430
429
421
421
422
431
421
431
430
423
530
531
423
531
424
424
531
433
539
433
531
425
426
536
425
536
535
426
427
536
537
536
427
427
428
435
427
435
434
427
434
541
427
541
537
429
430
438
429
438
437
430
431
438
439
438
431
431
432
440
431
440
439
432
433
440
441
440
433
433
539
543
433
543
441
434
435
541
542
541
435
435
436
443
435
443
442
435
442
545
435
545
542
437
438
446
437
446
445
438
439
446
447
446
439
439
440
448
439
448
447
440
441
448
449
448
441
441
543
550
441
550
449
442
443
545
546
545
443
443
450
553
443
553
546
444
445
455
456
455
445
445
446
457
445
457
456
446
447
547
548
547
447
446
547
457
554
457
547
447
448
549
447
549
548
448
449
549
550
549
449
450
451
458
459
458
451
450
458
553
560
553
458
451
452
460
451
460
459
452
453
460
461
460
453
453
454
462
453
462
461
454
455
462
463
462
455
455
456
464
455
464
463
456
457
464
465
464
457
457
554
565
457
565
465
458
459
560
561
560
459
459
460
562
459
562
561
460
461
562
563
562
461
461
462
467
461
467
466
461
466
574
461
574
563
462
463
467
468
467
463
463
464
469
463
469
468
464
465
564
565
564
465
464
564
469
577
469
564
466
467
574
575
574
467
467
468
576
467
576
575
468
469
576
577
576
469
470
604
471
605
471
604
470
480
604
610
604
480
471
605
606
471
606
472
472
606
481
612
481
606
473
482
483
473
483
474
474
483
475
484
475
483
475
484
485
475
485
476
477
478
489
477
489
488
477
607
608
477
608
478
477
488
615
477
615
607
478
479
489
490
489
479
478
608
479
609
479
608
479
609
610
479
610
480
481
612
613
481
613
482
482
491
483
492
483
491
482
613
491
619
491
613
483
492
493
483
493
484
484
493
485
494
485
493
485
494
495
485
495
486
487
614
615
487
615
488
487
497
625
487
625
614
491
619
620
491
620
492
492
620
493
621
493
620
493
621
622
493
622
494
494
622
495
623
495
622
495
623
624
495
624
496
496
624
498
628
498
624
497
502
631
497
631
625
498
628
499
629
499
628
499
629
630
499
630
500
500
630
503
636
503
630
501
505
506
501
506
502
502
506
631
639
631
506
503
636
643
503
643
507
504
637
505
638
505
637
504
508
637
644
637
508
505
638
639
505
639
506
507
643
646
507
646
509
508
512
644
648
644
512
509
646
647
509
647
510
510
647
513
650
513
647
511
516
517
511
517
512
512
517
648
654
648
517
513
650
651
513
651
514
514
651
515
652
515
651
515
652
655
515
655
522
517
518
524
517
524
523
517
523
657
517
657
654
518
519
524
525
524
519
519
520
526
519
526
525
520
521
526
527
526
521
522
655
530
661
530
655
523
524
658
523
658
657
524
525
658
659
658
525
525
526
660
525
660
659
526
527
532
533
532
527
526
532
660
666
660
532
527
528
534
527
534
533
528
529
534
535
534
529
530
538
531
539
531
538
530
661
538
671
538
661
532
533
666
667
666
533
533
534
668
533
668
667
534
535
668
669
668
535
535
536
670
535
670
669
536
537
540
541
540
537
536
540
670
680
670
540
538
671
539
672
539
671
539
672
682
539
682
543
540
541
680
681
680
541
541
542
545
541
545
544
541
544
691
541
691
681
543
682
692
543
692
550
544
545
551
552
551
545
544
551
691
698
691
551
545
546
553
545
553
552
547
548
555
547
555
554
548
549
555
556
555
549
549
550
557
549
557
556
550
692
557
700
557
692
551
552
699
551
699
698
552
553
559
560
559
553
552
559
699
708
699
559
554
555
565
566
565
555
555
556
567
555
567
566
556
557
567
568
567
557
557
558
569
557
569
568
557
700
701
557
701
558
558
701
569
710
569
701
559
560
571
559
571
570
559
570
716
559
716
708
560
561
571
572
571
561
561
562
573
561
573
572
562
563
573
574
573
563
564
565
577
578
577
565
565
566
579
565
579
578
566
567
579
580
579
567
567
568
581
567
581
580
568
569
581
582
581
569
569
710
722
569
722
582
570
571
716
717
716
571
571
572
718
571
718
717
572
573
583
584
583
573
572
583
718
730
718
583
573
574
585
573
585
584
574
575
585
586
585
575
575
576
587
575
587
586
576
577
587
588
587
577
577
578
589
577
589
588
578
579
589
590
589
579
579
580
720
579
720
719
579
719
732
579
732
590
580
581
720
721
720
581
581
582
722
581
722
721
583
584
731
583
731
730
584
585
591
592
591
585
584
591
731
741
731
591
585
586
593
585
593
592
586
587
593
594
593
587
587
588
595
587
595
594
588
589
595
596
595
589
589
590
597
589
597
596
590
732
597
744
597
732
591
592
742
591
742
741
592
593
598
599
598
593
592
598
742
752
742
598
593
594
600
593
600
599
594
595
600
601
600
595
595
596
602
595
602
601
596
597
602
603
602
597
597
744
757
597
757
603
598
599
752
753
752
599
599
600
754
599
754
753
600
601
754
755
754
601
601
602
756
601
756
755
602
603
756
757
756
603
604
610
605
611
605
610
605
611
612
605
612
606
607
763
764
607
764
608
607
615
767
607
767
763
608
764
609
765
609
764
609
765
766
609
766
610
610
616
611
617
611
616
610
766
616
770
616
766
611
617
618
611
618
612
612
618
613
619
613
618
614
625
615
626
615
625
615
626
778
615
778
767
616
770
617
771
617
770
617
771
772
617
772
618
618
772
619
773
619
772
619
773
774
619
774
620
620
774
621
775
621
774
621
775
776
621
776
622
622
776
623
777
623
776
623
627
628
623
628
624
623
777
781
623
781
627
625
631
632
625
632
626
626
632
778
783
778
632
627
633
634
627
634
628
627
781
786
627
786
633
628
634
629
635
629
634
629
635
636
629
636
630
631
782
783
631
783
632
631
639
788
631
788
782
633
640
641
633
641
634
633
786
791
633
791
640
634
641
635
642
635
641
635
642
643
635
643
636
637
644
645
637
645
638
638
787
639
788
639
787
638
645
787
795
787
645
640
791
641
792
641
791
641
792
793
641
793
642
642
793
643
794
643
793
643
794
797
643
797
646
644
648
645
649
645
648
645
649
800
645
800
795
646
797
647
798
647
797
647
798
802
647
802
650
648
799
649
800
649
799
648
654
799
806
799
654
650
802
651
803
651
802
651
803
804
651
804
652
652
653
655
656
655
653
652
804
653
805
653
804
653
805
808
653
808
656
654
657
806
809
806
657
655
656
662
655
662
661
656
808
662
810
662
808
657
658
664
657
664
663
657
663
811
657
811
809
658
659
664
665
664
659
659
660
666
659
666
665
661
662
672
661
672
671
662
810
672
812
672
810
663
664
674
663
674
673
663
673
813
663
813
811
664
665
674
675
674
665
665
666
676
665
676
675
666
667
676
677
676
667
667
668
678
667
678
677
668
669
678
679
678
669
669
670
680
669
680
679
672
812
682
814
682
812
673
674
684
673
684
683
673
683
815
673
815
813
674
675
684
685
684
675
675
676
686
675
686
685
676
677
686
687
686
677
677
678
688
677
688
687
678
679
688
689
688
679
679
680
690
679
690
689
680
681
690
691
690
681
682
814
692
819
692
814
683
684
816
683
816
815
684
685
816
817
816
685
685
686
818
685
818
817
686
687
693
694
693
687
686
693
818
820
818
693
687
688
695
687
695
694
688
689
695
696
695
689
689
690
697
689
697
696
690
691
697
698
697
691
692
819
700
821
700
819
693
694
703
693
703
702
693
702
822
693
822
820
694
695
703
704
703
695
695
696
705
695
705
704
696
697
705
706
705
697
697
698
707
697
707
706
698
699
707
708
707
699
700
709
701
710
701
709
700
821
709
826
709
821
702
703
822
823
822
703
703
704
712
703
712
711
703
711
827
703
827
823
704
705
712
713
712
705
705
706
714
705
714
713
706
707
714
715
714
707
707
708
716
707
716
715
709
721
722
709
722
710
709
826
830
709
830
721
711
712
724
711
724
723
711
723
831
711
831
827
712
713
724
725
724
713
713
714
726
713
726
725
714
715
726
727
726
715
715
716
728
715
728
727
716
717
728
729
728
717
717
718
730
717
730
729
719
720
733
719
733
732
720
721
829
830
829
721
720
829
733
835
733
829
723
724
832
723
832
831
724
725
734
735
734
725
724
734
832
836
832
734
725
726
736
725
736
735
726
727
736
737
736
727
727
728
738
727
738
737
728
729
738
739
738
729
729
730
740
729
740
739
730
731
740
741
740
731
732
733
744
745
744
733
733
835
841
733
841
745
734
735
836
837
836
735
735
736
838
735
838
837
736
737
746
747
746
737
736
746
838
842
838
746
737
738
748
737
748
747
738
739
748
749
748
739
739
740
750
739
750
749
740
741
750
751
750
741
741
742
752
741
752
751
743
756
757
743
757
744
743
744
840
743
840
839
743
839
849
743
849
756
744
745
840
841
840
745
746
747
842
843
842
747
747
748
759
747
759
758
747
758
850
747
850
843
748
749
759
760
759
749
749
750
761
749
761
760
750
751
761
762
761
751
751
752
845
751
845
844
751
844
854
751
854
762
752
753
845
846
845
753
753
754
847
753
847
846
754
755
847
848
847
755
755
756
849
755
849
848
758
759
850
851
850
759
759
760
852
759
852
851
760
761
852
853
852
761
761
762
854
761
854
853
763
767
768
763
768
764
764
768
765
769
765
768
765
769
770
765
770
766
767
778
779
767
779
768
768
855
769
856
769
855
768
779
855
864
855
779
769
856
857
769
857
770
770
857
771
858
771
857
771
858
859
771
859
772
772
859
773
860
773
859
773
860
861
773
861
774
774
861
775
862
775
861
775
862
863
775
863
776
776
780
777
781
777
780
776
863
780
870
780
863
778
783
779
784
779
783
779
784
872
779
872
864
780
785
781
786
781
785
780
870
785
875
785
870
782
788
783
789
783
788
783
871
872
783
872
784
783
789
877
783
877
871
785
790
791
785
791
786
785
875
878
785
878
790
787
795
796
787
796
788
788
876
789
877
789
876
788
796
876
883
876
796
790
878
791
879
791
878
791
879
880
791
880
792
792
880
793
881
793
880
793
881
882
793
882
794
794
882
797
884
797
882
795
800
801
795
801
796
796
801
883
887
883
801
797
884
885
797
885
798
798
885
802
888
802
885
799
806
807
799
807
800
800
886
801
887
801
886
800
807
886
893
886
807
802
888
803
889
803
888
803
889
890
803
890
804
804
890
805
891
805
890
805
891
895
805
895
808
806
892
807
893
807
892
806
809
892
896
892
809
808
895
810
897
810
895
809
811
898
809
898
896
810
897
812
899
812
897
811
813
900
811
900
898
812
899
814
901
814
899
813
815
902
813
902
900
814
901
819
906
819
901
815
816
903
815
903
902
816
817
903
904
903
817
817
818
905
817
905
904
818
820
905
907
905
820
819
906
908
819
908
821
820
822
907
909
907
822
821
908
913
821
913
826
822
823
909
910
909
823
823
827
914
823
914
910
824
828
825
829
825
828
824
825
911
912
911
825
824
911
828
916
828
911
825
829
830
825
830
826
825
826
913
825
913
912
827
831
917
827
917
914
828
834
829
835
829
834
828
916
834
921
834
916
831
832
918
831
918
917
832
836
918
922
918
836
833
839
840
833
840
834
833
834
921
833
921
920
833
920
925
833
925
839
834
840
835
841
835
840
836
837
922
923
922
837
837
838
924
837
924
923
838
842
924
926
924
842
839
925
933
839
933
849
842
843
926
927
926
843
843
850
934
843
934
927
844
845
928
929
928
845
844
928
854
938
854
928
845
846
930
845
930
929
846
847
930
931
930
847
847
848
932
847
932
931
848
849
932
933
932
849
850
851
934
935
934
851
851
852
936
851
936
935
852
853
936
937
936
853
853
854
938
853
938
937
855
864
865
855
865
856
856
865
857
866
857
865
857
866
867
857
867
858
858
867
859
868
859
867
859
868
869
859
869
860
860
941
861
942
861
941
860
869
941
948
941
869
861
942
943
861
943
862
862
943
863
944
863
943
863
944
951
863
951
870
864
872
865
873
865
872
865
873
874
865
874
866
866
945
867
946
867
945
866
874
945
955
945
874
867
946
947
867
947
868
868
947
869
948
869
947
870
951
875
961
875
951
871
952
953
871
953
872
871
877
963
871
963
952
872
953
873
954
873
953
873
954
955
873
955
874
875
961
969
875
969
878
876
962
877
963
877
962
876
883
962
974
962
883
878
969
879
970
879
969
879
970
971
879
971
880
880
971
881
972
881
971
881
972
973
881
973
882
882
973
884
977
884
973
883
887
979
883
979
974
884
977
885
978
885
977
885
978
983
885
983
888
886
893
887
894
887
893
887
894
989
887
989
979
888
983
889
984
889
983
889
984
985
889
985
890
890
985
891
986
891
985
891
986
996
891
996
895
892
987
893
988
893
987
892
896
987
997
987
896
893
988
989
893
989
894
895
996
1002
895
1002
897
896
898
997
1003
997
898
897
1002
1007
897
1007
899
898
900
1003
1008
1003
900
899
1007
1012
899
1012
901
900
902
1008
1013
1008
902
901
1012
1017
901
1017
906
902
903
1013
1014
1013
903
903
904
1015
903
1015
1014
904
905
1015
1016
1015
905
905
907
1018
905
1018
1016
906
1017
908
1019
908
1017
907
909
1020
907
1020
1018
908
1019
913
1025
913
1019
909
910
1021
909
1021
1020
910
914
1021
1026
1021
914
911
912
1024
911
1024
1023
911
1023
1029
911
1029
916
912
913
1024
1025
1024
913
914
917
1026
1030
1026
917
915
920
921
915
921
916
915
916
1029
915
1029
1028
915
1028
1034
915
1034
920
917
918
1031
917
1031
1030
918
922
919
923
919
922
918
919
1031
1032
1031
919
919
923
1035
919
1035
1032
920
1034
925
1038
925
1034
923
924
1036
923
1036
1035
924
926
1036
1039
1036
926
925
1038
1044
925
1044
933
926
927
1039
1040
1039
927
927
934
1045
927
1045
1040
928
929
938
939
938
929
929
930
940
929
940
939
930
931
1041
1042
1041
931
930
1041
940
1051
940
1041
931
932
1043
931
1043
1042
932
933
1043
1044
1043
933
934
935
1045
1046
1045
935
935
936
1047
935
1047
1046
936
937
1047
1048
1047
937
937
938
1049
937
1049
1048
938
939
1049
1050
1049
939
939
940
1051
939
1051
1050
941
948
949
941
949
942
942
949
943
950
943
949
943
950
951
943
951
944
945
955
956
945
956
946
946
956
947
957
947
956
947
957
958
947
958
948
948
958
949
959
949
958
949
959
960
949
960
950
950
960
951
961
951
960
952
963
953
964
953
963
953
964
965
953
965
954
954
965
955
966
955
965
955
966
967
955
967
956
956
1052
957
1053
957
1052
956
967
1052
1061
1052
967
957
1053
1054
957
1054
958
958
1054
959
1055
959
1054
959
1055
1056
959
1056
960
960
968
961
969
961
968
960
1056
968
1065
968
1056
962
974
963
975
963
974
963
1057
1058
963
1058
964
963
975
1070
963
1070
1057
964
1058
965
1059
965
1058
965
1059
1060
965
1060
966
966
1060
967
1061
967
1060
968
1065
969
1066
969
1065
969
1066
1067
969
1067
970
970
1067
971
1068
971
1067
971
1068
1069
971
1069
972
972
976
973
977
973
976
972
1069
976
1079
976
1069
974
979
975
980
975
979
975
980
1080
975
1080
1070
976
981
977
982
977
981
976
1079
981
1087
981
1079
977
982
983
977
983
978
979
989
990
979
990
980
980
990
1080
1089
1080
990
981
991
992
981
992
982
981
1087
1096
981
1096
991
982
992
983
993
983
992
983
993
994
983
994
984
984
994
985
995
985
994
985
995
996
985
996
986
987
997
998
987
998
988
988
998
989
999
989
998
989
1088
1089
989
1089
990
989
999
1101
989
1101
1088
991
1096
1097
991
1097
992
992
1097
993
1098
993
1097
993
1098
1099
993
1099
994
994
1000
995
1001
995
1000
994
1099
1000
1111
1000
1099
995
1001
1002
995
1002
996
997
1003
1004
997
1004
998
998
1100
999
1101
999
1100
998
1004
1100
1112
1100
1004
1000
1005
1001
1006
1001
1005
1000
1111
1005
1120
1005
1111
1001
1006
1007
1001
1007
1002
1003
1008
1009
1003
1009
1004
1004
1009
1112
1121
1112
1009
1005
1010
1011
1005
1011
1006
1005
1120
1128
1005
1128
1010
1006
1011
1007
1012
1007
1011
1008
1013
1009
1014
1009
1013
1009
1014
1131
1009
1131
1121
1010
1128
1011
1129
1011
1128
1011
1129
1130
1011
1130
1012
1012
1130
1017
1141
1017
1130
1014
1015
1131
1132
1131
1015
1015
1016
1133
1015
1133
1132
1016
1018
1133
1142
1133
1018
1017
1141
1150
1017
1150
1019
1018
1020
1142
1151
1142
1020
1019
1150
1159
1019
1159
1025
1020
1021
1151
1152
1151
1021
1021
1026
1160
1021
1160
1152
1022
1028
1023
1029
1023
1028
1022
1023
1156
1157
1156
1023
1022
1156
1028
1165
1028
1156
1023
1024
1158
1023
1158
1157
1024
1025
1158
1159
1158
1025
1026
1030
1160
1166
1160
1030
1027
1033
1034
1027
1034
1028
1027
1028
1165
1027
1165
1164
1027
1164
1170
1027
1170
1033
1030
1031
1166
1167
1166
1031
1031
1032
1168
1031
1168
1167
1032
1035
1168
1171
1168
1035
1033
1037
1038
1033
1038
1034
1033
1170
1175
1033
1175
1037
1035
1036
1172
1035
1172
1171
1036
1039
1172
1176
1172
1039
1037
1043
1044
1037
1044
1038
1037
1175
1184
1037
1184
1043
1039
1040
1177
1039
1177
1176
1040
1045
1177
1185
1177
1045
1041
1042
1183
1041
1183
1182
1041
1182
1191
1041
1191
1051
1042
1043
1183
1184
1183
1043
1045
1046
1186
1045
1186
1185
1046
1047
1186
1187
1186
1047
1047
1048
1188
1047
1188
1187
1048
1049
1188
1189
1188
1049
1049
1050
1190
1049
1190
1189
1050
1051
1190
1191
1190
1051
1052
1061
1053
1062
1053
1061
1053
1062
1063
1053
1063
1054
1054
1063
1055
1064
1055
1063
1055
1064
1065
1055
1065
1056
1057
1070
1071
1057
1071
1058
1058
1071
1059
1072
1059
1071
1059
1072
1073
1059
1073
1060
1060
1073
1061
1074
1061
1073
1061
1074
1075
1061
1075
1062
1062
1075
1063
1076
1063
1075
1063
1076
1077
1063
1077
1064
1064
1192
1065
1193
1065
1192
1064
1077
1192
1199
1192
1077
1065
1193
1194
1065
1194
1066
1066
1194
1067
1195
1067
1194
1067
1195
1196
1067
1196
1068
1068
1078
1069
1079
1069
1078
1068
1196
1078
1203
1078
1196
1070
1080
1071
1081
1071
1080
1071
1081
1082
1071
1082
1072
1072
1082
1073
1083
1073
1082
1073
1083
1084
1073
1084
1074
1074
1084
1075
1085
1075
1084
1075
1197
1198
1075
1198
1076
1075
1085
1204
1075
1204
1197
1076
1198
1077
1199
1077
1198
1078
1086
1079
1087
1079
1086
1078
1203
1086
1210
1086
1203
1080
1089
1081
1090
1081
1089
1081
1090
1091
1081
1091
1082
1082
1091
1083
1092
1083
1091
1083
1092
1093
1083
1093
1084
1084
1093
1085
1094
1085
1093
1085
1094
1212
1085
1212
1204
1086
1095
1087
1096
1087
1095
1086
1210
1095
1218
1095
1210
1088
1101
1089
1102
1089
1101
1089
1102
1103
1089
1103
1090
1090
1103
1091
1104
1091
1103
1091
1104
1105
1091
1105
1092
1092
1105
1093
1106
1093
1105
1093
1211
1212
1093
1212
1094
1093
1106
1221
1093
1221
1211
1095
1107
1108
1095
1108
1096
1095
1218
1228
1095
1228
1107
1096
1108
1097
1109
1097
1108
1097
1109
1110
1097
1110
1098
1098
1110
1099
1111
1099
1110
1100
1112
1101
1113
1101
1112
1101
1113
1114
1101
1114
1102
1102
1114
1103
1115
1103
1114
1103
1115
1116
1103
1116
1104
1104
1219
1105
1220
1105
1219
1104
1116
1219
1230
1219
1116
1105
1220
1221
1105
1221
1106
1107
1228
1229
1107
1229
1108
1108
1117
1109
1118
1109
1117
1108
1229
1117
1235
1117
1229
1109
1118
1119
1109
1119
1110
1110
1119
1111
1120
1111
1119
1112
1121
1113
1122
1113
1121
1113
1122
1123
1113
1123
1114
1114
1123
1115
1124
1115
1123
1115
1124
1125
1115
1125
1116
1116
1125
1230
1238
1230
1125
1117
1235
1236
1117
1236
1118
1118
1126
1119
1127
1119
1126
1118
1236
1126
1241
1126
1236
1119
1127
1128
1119
1128
1120
1121
1131
1132
1121
1132
1122
1122
1132
1123
1133
1123
1132
1123
1133
1134
1123
1134
1124
1124
1134
1125
1135
1125
1134
1125
1135
1243
1125
1243
1238
1126
1241
1127
1242
1127
1241
1127
1138
1139
1127
1139
1128
1127
1242
1246
1127
1246
1138
1128
1139
1129
1140
1129
1139
1129
1140
1141
1129
1141
1130
1133
1142
1143
1133
1143
1134
1134
1143
1135
1144
1135
1143
1135
1144
1145
1135
1145
1136
1135
1136
1244
1135
1244
1243
1136
1145
1137
1146
1137
1145
1136
1137
1244
1245
1244
1137
1137
1146
1247
1137
1247
1245
1138
1147
1139
1148
1139
1147
1138
1246
1147
1248
1147
1246
1139
1148
1149
1139
1149
1140
1140
1149
1141
1150
1141
1149
1142
1151
1143
1152
1143
1151
1143
1152
1153
1143
1153
1144
1144
1153
1145
1154
1145
1153
1145
1154
1155
1145
1155
1146
1146
1155
1247
1249
1247
1155
1147
1156
1157
1147
1157
1148
1147
1248
1250
1147
1250
1156
1148
1157
1149
1158
1149
1157
1149
1158
1159
1149
1159
1150
1152
1160
1153
1161
1153
1160
1153
1161
1162
1153
1162
1154
1154
1162
1155
1163
1155
1162
1155
1163
1251
1155
1251
1249
1156
1250
1165
1253
1165
1250
1160
1166
1161
1167
1161
1166
1161
1167
1168
1161
1168
1162
1162
1168
1163
1169
1163
1168
1163
1169
1254
1163
1254
1251
1164
1165
1252
1253
1252
1165
1164
1252
1170
1255
1170
1252
1168
1171
1169
1172
1169
1171
1169
1172
1256
1169
1256
1254
1170
1255
1175
1263
1175
1255
1172
1176
1173
1177
1173
1176
1172
1173
1256
1257
1256
1173
1173
1177
1178
1173
1178
1174
1173
1174
1258
1173
1258
1257
1174
1178
1258
1264
1258
1178
1175
1263
1271
1175
1271
1184
1177
1185
1186
1177
1186
1178
1178
1186
1264
1272
1264
1186
1179
1188
1189
1179
1189
1180
1179
1180
1267
1179
1267
1266
1179
1266
1274
1179
1274
1188
1180
1189
1181
1190
1181
1189
1180
1181
1267
1268
1267
1181
1181
1190
1191
1181
1191
1182
1181
1182
1269
1181
1269
1268
1182
1183
1269
1270
1269
1183
1183
1184
1271
1183
1271
1270
1186
1187
1272
1273
1272
1187
1187
1188
1274
1187
1274
1273
1192
1199
1193
1200
1193
1199
1193
1200
1201
1193
1201
1194
1194
1201
1195
1202
1195
1201
1195
1202
1203
1195
1203
1196
1197
1204
1205
1197
1205
1198
1198
1205
1199
1206
1199
1205
1199
1206
1207
1199
1207
1200
1200
1207
1201
1208
1201
1207
1201
1208
1209
1201
1209
1202
1202
1209
1203
1210
1203
1209
1204
1212
1205
1213
1205
1212
1205
1213
1214
1205
1214
1206
1206
1214
1207
1215
1207
1214
1207
1215
1216
1207
1216
1208
1208
1216
1209
1217
1209
1216
1209
1217
1218
1209
1218
1210
1211
1221
1222
1211
1222
1212
1212
1222
1213
1223
1213
1222
1213
1223
1224
1213
1224
1214
1214
1224
1215
1225
1215
1224
1215
1225
1226
1215
1226
1216
1216
1275
1217
1276
1217
1275
1216
1226
1275
1282
1275
1226
1217
1227
1228
1217
1228
1218
1217
1276
1283
1217
1283
1227
1219
1230
1231
1219
1231
1220
1220
1231
1221
1232
1221
1231
1221
1277
1278
1221
1278
1222
1221
1232
1284
1221
1284
1277
1222
1278
1223
1279
1223
1278
1223
1279
1280
1223
1280
1224
1224
1280
1225
1281
1225
1280
1225
1281
1282
1225
1282
1226
1227
1233
1234
1227
1234
1228
1227
1283
1290
1227
1290
1233
1228
1234
1229
1235
1229
1234
1230
1238
1231
1239
1231
1238
1231
1239
1240
1231
1240
1232
1232
1240
1284
1295
1284
1240
1233
1290
1291
1233
1291
1234
1234
1291
1235
1292
1235
1291
1235
1292
1293
1235
1293
1236
1236
1237
1241
1242
1241
1237
1236
1293
1237
1294
1237
1293
1237
1294
1305
1237
1305
1242
1238
1243
1239
1244
1239
1243
1239
1244
1245
1239
1245
1240
1240
1245
1295
1306
1295
1245
1242
1305
1246
1316
1246
1305
1245
1247
1317
1245
1317
1306
1246
1316
1248
1327
1248
1316
1247
1249
1328
1247
1328
1317
1248
1327
1250
1338
1250
1327
1249
1251
1339
1249
1339
1328
1250
1338
1253
1349
1253
1338
1251
1254
1350
1251
1350
1339
1252
1253
1348
1349
1348
1253
1252
1348
1255
1359
1255
1348
1254
1256
1350
1360
1350
1256
1255
1359
1369
1255
1369
1263
1256
1257
1360
1361
1360
1257
1257
1258
1362
1257
1362
1361
1258
1264
1362
1370
1362
1264
1259
1267
1268
1259
1268
1260
1259
1260
1366
1259
1366
1365
1259
1365
1373
1259
1373
1267
1260
1268
1261
1269
1261
1268
1260
1261
1366
1367
1366
1261
1261
1269
1270
1261
1270
1262
1261
1262
1368
1261
1368
1367
1262
1270
1263
1271
1263
1270
1262
1263
1368
1369
1368
1263
1264
1272
1265
1273
1265
1272
1264
1265
1370
1371
1370
1265
1265
1273
1274
1265
1274
1266
1265
1266
1372
1265
1372
1371
1266
1267
1372
1373
1372
1267
1275
1282
1283
1275
1283
1276
1277
1284
1285
1277
1285
1278
1278
1285
1279
1286
1279
1285
1279
1286
1287
1279
1287
1280
1280
1287
1281
1288
1281
1287
1281
1288
1289
1281
1289
1282
1282
1289
1283
1290
1283
1289
1284
1295
1285
1296
1285
1295
1285
1296
1297
1285
1297
1286
1286
1297
1287
1298
1287
1297
1287
1298
1299
1287
1299
1288
1288
1299
1289
1300
1289
1299
1289
1300
1301
1289
1301
1290
1290
1301
1291
1302
1291
1301
1291
1302
1303
1291
1303
1292
1292
1303
1293
1304
1293
1303
1293
1304
1305
1293
1305
1294
1295
1306
1307
1295
1307
1296
1296
1307
1297
1308
1297
1307
1297
1308
1309
1297
1309
1298
1298
1309
1299
1310
1299
1309
1299
1310
1311
1299
1311
1300
1300
1311
1301
1312
1301
1311
1301
1312
1313
1301
1313
1302
1302
1313
1303
1314
1303
1313
1303
1314
1315
1303
1315
1304
1304
1315
1305
1316
1305
1315
1306
1317
1307
1318
1307
1317
1307
1318
1319
1307
1319
1308
1308
1319
1309
1320
1309
1319
1309
1320
1321
1309
1321
1310
1310
1321
1311
1322
1311
1321
1311
1322
1323
1311
1323
1312
1312
1323
1313
1324
1313
1323
1313
1324
1325
1313
1325
1314
1314
1325
1315
1326
1315
1325
1315
1326
1327
1315
1327
1316
1317
1328
1329
1317
1329
1318
1318
1329
1319
1330
1319
1329
1319
1330
1331
1319
1331
1320
1320
1331
1321
1332
1321
1331
1321
1332
1333
1321
1333
1322
1322
1333
1323
1334
1323
1333
1323
1334
1335
1323
1335
1324
1324
1335
1325
1336
1325
1335
1325
1336
1337
1325
1337
1326
1326
1337
1327
1338
1327
1337
1328
1339
1329
1340
1329
1339
1329
1340
1341
1329
1341
1330
1330
1341
1331
1342
1331
1341
1331
1342
1343
1331
1343
1332
1332
1343
1333
1344
1333
1343
1333
1344
1345
1333
1345
1334
1334
1345
1335
1346
1335
1345
1335
1346
1347
1335
1347
1336
1336
1347
1337
1348
1337
1347
1337
1348
1349
1337
1349
1338
1339
1350
1351
1339
1351
1340
1340
1351
1341
1352
1341
1351
1341
1352
1353
1341
1353
1342
1342
1353
1343
1354
1343
1353
1343
1354
1355
1343
1355
1344
1344
1355
1345
1356
1345
1355
1345
1356
1357
1345
1357
1346
1346
1357
1347
1358
1347
1357
1347
1358
1359
1347
1359
1348
1350
1360
1351
1361
1351
1360
1351
1361
1362
1351
1362
1352
1352
1362
1353
1363
1353
1362
1353
1363
1364
1353
1364
1354
1354
1364
1355
1365
1355
1364
1355
1365
1366
1355
1366
1356
1356
1366
1357
1367
1357
1366
1357
1367
1368
1357
1368
1358
1358
1368
1359
1369
1359
1368
1362
1370
1363
1371
1363
1370
1363
1371
1372
1363
1372
1364
1364
1372
1365
1373
1365
1372