-27.63
3.55
-21.34
-27.86
3.63
-21.35
-27.67
3.47
-21.76
-27.99
3.56
-21.78
-27.75
3.48
-22.33
-28.16
3.47
-22.37
-28.39
3.37
-22.61
-27.83
3.58
-22.74
-28.17
3.50
-22.69
-28.38
3.38
-22.73
-25.26
4.49
-20.46
-25.77
4.39
-20.38
-26.46
4.31
-20.37
-27.14
4.27
-20.46
-27.58
4.32
-20.58
-25.19
4.32
-20.88
-25.78
4.09
-20.88
-26.49
3.94
-20.94
-27.27
3.81
-21.05
-27.80
4.03
-21.08
-25.17
4.23
-21.48
-25.75
3.98
-21.52
-26.45
3.79
-21.63
-27.17
3.62
-21.69
-28.11
3.96
-21.69
-25.20
4.24
-22.03
-25.69
4.05
-22.20
-26.41
3.89
-22.48
-27.22
3.68
-22.41
-28.25
3.82
-22.38
-28.41
3.49
-22.62
-26.70
4.06
-23.24
-27.45
3.98
-23.10
-28.10
3.83
-22.81
-28.37
3.50
-22.76
-26.74
4.27
-23.77
-27.11
4.32
-23.74
-24.47
5.27
-20.47
-24.96
4.97
-20.31
-25.67
4.94
-20.04
-26.42
4.91
-19.97
-27.12
4.88
-20.09
-27.64
4.85
-20.40
-24.30
5.18
-20.92
-24.73
4.72
-20.88
-27.97
4.75
-20.94
-24.24
5.14
-21.61
-24.70
4.62
-21.58
-28.18
4.69
-21.61
-24.27
5.14
-22.41
-24.85
4.60
-22.45
-25.49
4.28
-22.79
-26.01
4.10
-22.94
-28.22
4.64
-22.32
-24.30
5.22
-23.12
-24.76
4.90
-23.47
-25.48
4.51
-23.54
-26.14
4.27
-23.50
-27.59
4.74
-23.54
-28.03
4.65
-22.95
-24.94
5.04
-24.36
-25.60
4.75
-24.33
-26.37
4.59
-24.21
-27.06
4.87
-24.23
-25.06
5.24
-25.06
-25.63
5.04
-25.05
-26.26
5.01
-25.01
-26.76
5.24
-25.02
-25.16
5.47
-25.51
-25.63
5.40
-25.57
-26.18
5.39
-25.55
-26.58
5.46
-25.48
-24.32
5.81
-20.33
-24.87
5.71
-19.98
-25.60
5.68
-19.71
-26.39
5.70
-19.59
-27.14
5.71
-19.76
-27.70
5.65
-20.22
-24.01
5.80
-20.89
-28.04
5.59
-20.84
-23.88
5.79
-21.63
-28.21
5.56
-21.56
-23.89
5.77
-22.50
-28.21
5.55
-22.31
-23.99
5.73
-23.46
-24.36
5.32
-23.81
-27.72
5.60
-23.74
-28.03
5.56
-23.04
-24.01
5.94
-24.36
-24.44
5.44
-24.45
-27.36
5.69
-24.45
-24.14
6.09
-25.09
-24.59
5.63
-25.12
-27.03
5.83
-25.14
-24.32
6.23
-25.55
-24.85
5.95
-25.68
-25.54
5.94
-25.90
-26.17
5.92
-25.88
-26.67
5.92
-25.65
-26.92
7.36
-16.81
-26.96
7.36
-16.81
-26.85
7.43
-17.09
-26.96
7.45
-17.11
-26.76
7.38
-17.65
-27.01
7.44
-17.69
-26.63
7.16
-18.33
-27.07
7.25
-18.43
-24.12
6.60
-20.18
-24.74
6.52
-19.72
-25.50
6.51
-19.39
-26.35
6.65
-19.07
-27.21
6.73
-19.30
-27.76
6.56
-20.04
-23.75
6.56
-20.83
-28.08
6.52
-20.76
-23.56
6.56
-21.62
-28.22
6.51
-21.53
-23.53
6.52
-22.52
-28.20
6.50
-22.31
-23.55
6.52
-23.45
-27.80
6.53
-23.82
-28.05
6.51
-23.08
-23.58
6.62
-24.35
-27.50
6.58
-24.56
-23.74
6.69
-25.13
-27.17
6.64
-25.27
-24.09
6.79
-25.71
-24.73
6.72
-26.04
-25.48
6.70
-26.22
-26.18
6.66
-26.15
-26.75
6.69
-25.84
-26.87
7.47
-16.81
-26.95
7.48
-16.82
-26.69
7.75
-17.08
-26.94
7.78
-17.13
-26.44
7.66
-17.62
-27.14
7.87
-17.73
-26.22
7.48
-18.23
-27.33
7.80
-18.48
-23.31
8.05
-20.18
-23.81
7.56
-19.95
-24.58
7.34
-19.43
-25.31
7.23
-19.09
-25.91
7.26
-18.76
-27.56
7.60
-19.29
-27.87
7.43
-20.00
-23.09
7.98
-20.70
-23.44
7.38
-20.75
-28.09
7.46
-20.71
-22.95
7.94
-21.27
-23.20
7.42
-21.60
-28.20
7.46
-21.51
-23.18
7.28
-22.52
-28.18
7.46
-22.31
-23.15
7.26
-23.42
-27.83
7.50
-23.85
-28.04
7.47
-23.09
-22.24
8.24
-24.84
-22.60
7.91
-24.67
-23.07
7.39
-24.34
-27.56
7.53
-24.62
-22.28
8.28
-25.31
-22.72
7.90
-25.28
-23.28
7.39
-25.20
-27.25
7.57
-25.38
-22.38
8.38
-25.70
-22.85
8.13
-25.81
-23.64
7.66
-25.92
-24.55
7.58
-26.32
-25.45
7.63
-26.54
-26.21
7.48
-26.42
-26.81
7.67
-26.10
-25.82
8.11
-26.75
-26.26
8.09
-26.68
-26.63
8.13
-26.51
-24.29
9.26
-17.28
-24.76
9.13
-17.13
-25.44
8.94
-17.00
-26.25
8.60
-17.04
-26.81
8.59
-17.22
-24.14
9.10
-17.76
-24.72
8.80
-17.71
-25.36
8.51
-17.63
-25.99
8.15
-17.61
-27.16
8.62
-17.78
-23.96
8.85
-18.43
-24.61
8.47
-18.34
-25.26
8.17
-18.23
-25.81
7.87
-18.18
-27.42
8.59
-18.55
-23.08
8.58
-19.95
-23.69
8.45
-19.27
-24.52
8.02
-18.95
-25.20
7.78
-18.74
-25.67
7.65
-18.59
-27.70
8.52
-19.47
-27.90
8.13
-20.02
-22.72
8.56
-20.67
-27.88
8.82
-20.10
-28.03
8.42
-20.63
-22.59
8.39
-21.55
-22.87
7.92
-21.90
-28.14
8.39
-21.51
-21.88
8.82
-22.87
-22.33
8.48
-22.51
-22.81
7.89
-22.57
-28.13
8.39
-22.31
-21.86
8.74
-23.57
-22.36
8.31
-23.40
-22.79
7.83
-23.34
-27.82
8.45
-23.82
-28.02
8.40
-23.07
-21.91
8.60
-24.48
-22.41
8.16
-24.14
-22.76
7.80
-23.96
-27.59
8.49
-24.61
-21.88
8.73
-25.29
-27.32
8.53
-25.39
-22.14
8.82
-25.89
-22.76
8.70
-26.19
-23.56
8.52
-26.40
-24.40
8.40
-26.61
-25.13
8.41
-26.76
-27.00
8.59
-26.08
-25.66
8.66
-26.87
-26.22
8.72
-26.79
-26.68
8.71
-26.55
-25.52
10.45
-13.71
-25.69
10.47
-13.72
-25.50
10.34
-14.03
-25.77
10.43
-14.05
-25.49
10.21
-14.64
-25.85
10.36
-14.68
-25.47
9.98
-15.40
-25.97
10.16
-15.50
-24.00
9.59
-17.00
-24.61
9.55
-16.61
-25.34
9.59
-16.25
-26.21
9.66
-16.46
-26.77
9.46
-17.10
-23.66
9.49
-17.64
-27.12
9.50
-17.76
-23.40
9.34
-18.35
-27.39
9.50
-18.57
-22.64
9.22
-19.69
-23.12
9.18
-19.05
-27.62
9.49
-19.44
-20.31
10.27
-21.07
-20.78
10.00
-20.94
-21.42
9.67
-20.78
-22.15
9.25
-20.51
-27.81
9.50
-20.23
-27.98
9.28
-20.86
-20.22
10.20
-21.71
-20.77
9.82
-21.70
-21.41
9.43
-21.61
-22.03
9.01
-21.46
-28.06
9.23
-21.57
-20.16
10.14
-22.54
-20.74
9.70
-22.56
-21.45
9.21
-22.54
-21.94
8.92
-22.16
-28.05
9.22
-22.32
-20.12
10.10
-23.40
-20.65
9.68
-23.48
-21.29
9.21
-23.52
-27.78
9.40
-23.71
-27.96
9.24
-23.02
-20.11
10.09
-24.10
-20.52
9.77
-24.44
-21.24
9.21
-24.47
-27.57
9.46
-24.55
-20.18
10.18
-25.71
-20.56
9.85
-25.40
-21.31
9.32
-25.38
-27.32
9.48
-25.38
-20.25
10.28
-26.23
-20.78
9.96
-26.19
-21.65
9.58
-26.29
-22.59
9.40
-26.56
-23.50
9.37
-26.77
-24.35
9.13
-26.84
-24.96
8.99
-26.89
-27.00
9.49
-26.09
-20.34
10.40
-26.65
-20.76
10.25
-26.71
-21.30
10.08
-26.75
-23.83
9.87
-27.00
-24.51
9.73
-27.00
-25.34
9.44
-26.95
-26.13
9.48
-26.83
-26.65
9.44
-26.57
-23.35
11.38
-13.66
-23.81
11.21
-13.63
-24.48
10.94
-13.63
-25.19
10.68
-13.64
-25.60
10.66
-13.68
-23.11
11.27
-14.01
-23.70
10.93
-14.02
-24.39
10.66
-14.00
-25.05
10.46
-14.01
-25.79
10.71
-14.04
-21.94
11.31
-15.07
-22.67
11.14
-14.72
-23.53
10.71
-14.68
-24.30
10.44
-14.63
-24.97
10.27
-14.61
-25.95
10.78
-14.70
-20.42
11.44
-16.27
-20.87
11.28
-16.04
-21.63
11.09
-15.71
-22.55
10.75
-15.60
-23.45
10.42
-15.52
-24.26
10.20
-15.37
-24.92
10.06
-15.30
-26.19
10.74
-15.55
-20.31
11.34
-16.82
-20.87
11.02
-16.74
-21.62
10.75
-16.61
-22.49
10.44
-16.54
-23.47
10.05
-16.52
-24.32
9.91
-16.08
-24.88
9.85
-15.87
-26.53
10.58
-16.52
-26.82
10.16
-17.07
-20.19
11.25
-17.61
-20.82
10.85
-17.57
-21.55
10.55
-17.51
-22.34
10.25
-17.47
-23.09
9.90
-17.48
-26.81
10.85
-17.13
-27.04
10.45
-17.67
-20.09
11.14
-18.53
-20.76
10.71
-18.47
-21.49
10.38
-18.41
-22.24
10.06
-18.36
-22.88
9.75
-18.27
-27.30
10.41
-18.60
-20.04
10.93
-19.51
-20.72
10.52
-19.38
-21.44
10.17
-19.28
-22.20
9.78
-19.24
-22.75
9.61
-18.87
-27.50
10.40
-19.53
-20.02
10.67
-20.59
-20.70
10.28
-20.24
-21.37
9.97
-20.07
-21.91
9.69
-19.95
-27.69
10.37
-20.56
-27.89
9.89
-21.01
-19.77
10.66
-21.58
-27.73
10.63
-21.53
-27.93
9.95
-21.61
-19.66
10.62
-22.52
-27.73
10.62
-22.45
-27.93
9.94
-22.33
-19.64
10.57
-23.46
-27.70
10.36
-23.41
-27.89
9.87
-22.93
-19.74
10.46
-24.44
-20.12
10.11
-24.71
-27.49
10.43
-24.44
-19.80
10.49
-25.43
-20.14
10.13
-25.20
-27.23
10.45
-25.33
-19.84
10.68
-26.25
-21.90
10.00
-26.81
-22.53
9.97
-26.91
-23.17
9.95
-26.97
-26.43
10.76
-26.52
-26.85
10.44
-26.14
-20.12
10.79
-26.87
-20.75
10.66
-27.13
-21.58
10.47
-27.16
-22.50
10.54
-27.25
-23.48
10.48
-27.18
-24.46
10.46
-27.10
-25.33
10.34
-26.99
-26.12
10.33
-26.79
-26.60
10.08
-26.56
-23.22
11.75
-13.60
-23.78
11.68
-13.55
-24.50
11.32
-13.56
-25.13
11.05
-13.61
-25.50
10.91
-13.68
-22.81
11.76
-13.91
-24.04
11.98
-13.75
-24.61
11.66
-13.78
-25.18
11.38
-13.88
-25.61
11.09
-14.01
-20.97
12.06
-15.13
-21.57
11.83
-14.90
-22.30
11.79
-14.41
-24.22
12.20
-14.05
-24.68
12.00
-14.16
-25.23
11.75
-14.35
-25.75
11.42
-14.71
-20.21
11.86
-16.07
-20.72
11.77
-15.57
-21.28
11.52
-15.36
-26.10
11.50
-15.59
-19.91
11.83
-16.74
-26.45
11.50
-16.48
-19.70
11.79
-17.57
-26.75
11.52
-17.27
-26.99
11.30
-17.90
-19.07
12.13
-19.03
-19.46
11.78
-18.58
-27.17
11.27
-18.68
-18.99
12.01
-19.70
-19.45
11.48
-19.58
-27.31
11.29
-19.57
-18.90
11.90
-20.57
-19.39
11.30
-20.56
-27.42
11.35
-20.53
-18.79
11.83
-21.50
-19.26
11.23
-21.53
-27.47
11.48
-21.51
-18.66
11.80
-22.46
-19.16
11.19
-22.50
-27.50
11.47
-22.49
-18.01
12.17
-23.97
-18.46
11.83
-23.51
-19.09
11.16
-23.49
-27.47
11.39
-23.45
-18.00
12.11
-24.63
-18.53
11.66
-24.52
-19.13
11.08
-24.48
-27.34
11.38
-24.40
-18.00
12.11
-25.42
-18.57
11.66
-25.44
-19.18
11.11
-25.44
-27.12
11.38
-25.24
-18.08
12.14
-26.08
-18.60
11.82
-26.36
-19.30
11.26
-26.37
-23.98
12.08
-27.22
-24.63
11.95
-26.99
-25.39
11.77
-26.75
-26.16
11.47
-26.47
-26.74
11.40
-25.94
-18.90
11.88
-27.06
-19.65
11.51
-27.32
-20.63
11.23
-27.63
-21.52
11.13
-27.71
-22.41
11.23
-27.69
-23.40
11.59
-27.51
-24.46
11.27
-27.15
-25.30
11.09
-26.95
-25.90
10.98
-26.78
-19.93
11.93
-28.09
-20.67
11.72
-28.18
-21.46
11.65
-28.21
-22.20
11.71
-28.17
-22.75
11.94
-28.10
-20.12
12.22
-28.48
-20.69
12.14
-28.56
-21.41
12.10
-28.56
-22.08
12.11
-28.48
-22.48
12.11
-28.40
-23.05
12.21
-13.60
-23.39
12.21
-13.59
-22.71
12.31
-13.87
-23.64
12.39
-13.84
-20.13
12.96
-15.33
-20.70
12.69
-15.05
-21.48
12.62
-14.68
-22.24
12.52
-14.31
-23.97
12.64
-14.31
-24.62
12.45
-14.56
-25.21
12.23
-14.80
-25.64
12.01
-15.05
-19.94
12.56
-15.83
-20.42
12.30
-15.44
-24.10
13.06
-14.79
-24.62
12.93
-15.02
-25.24
12.72
-15.31
-25.83
12.37
-15.72
-19.58
12.47
-16.62
-26.27
12.38
-16.63
-19.33
12.43
-17.43
-26.62
12.39
-17.62
-26.89
11.92
-18.06
-18.78
12.65
-18.84
-19.10
12.45
-18.21
-26.75
12.69
-18.59
-27.00
12.01
-18.71
-18.59
12.59
-19.67
-26.85
12.82
-19.51
-27.09
12.09
-19.56
-18.46
12.49
-20.55
-26.92
12.90
-20.40
-27.16
12.20
-20.49
-18.34
12.40
-21.45
-26.96
12.95
-21.13
-27.18
12.40
-21.51
-18.21
12.36
-22.32
-27.26
12.30
-22.52
-17.09
12.95
-23.95
-17.58
12.60
-23.75
-18.00
12.38
-23.11
-27.25
12.26
-23.47
-17.02
12.94
-24.56
-17.49
12.55
-24.61
-27.16
12.24
-24.37
-17.00
12.94
-25.18
-17.43
12.61
-25.49
-26.97
12.22
-25.15
-17.68
12.55
-26.41
-18.25
12.23
-26.75
-23.90
12.73
-27.16
-24.63
12.69
-26.80
-25.40
12.56
-26.50
-26.11
12.39
-26.16
-26.65
12.23
-25.76
-17.22
13.24
-27.43
-17.65
12.88
-27.25
-18.51
12.37
-27.40
-19.15
12.06
-27.68
-22.86
13.03
-27.86
-23.25
12.59
-27.63
-17.30
13.42
-27.74
-17.83
13.22
-27.86
-18.71
12.88
-28.12
-19.37
12.36
-28.17
-22.48
12.89
-28.23
-22.78
12.42
-28.13
-19.21
12.90
-28.50
-19.79
12.64
-28.58
-20.59
12.63
-28.72
-21.35
12.60
-28.70
-22.08
12.59
-28.54
-22.49
12.35
-28.42
-23.00
12.52
-13.64
-23.18
12.51
-13.64
-22.85
12.75
-13.91
-23.23
12.71
-13.90
-19.32
14.12
-15.44
-19.84
13.72
-15.25
-20.63
13.62
-14.86
-21.50
13.54
-14.59
-22.53
13.39
-14.42
-23.35
13.10
-14.40
-19.08
13.96
-15.91
-19.49
13.33
-15.85
-23.05
13.88
-14.85
-23.73
13.62
-15.03
-24.51
13.51
-15.43
-25.17
13.33
-15.74
-25.69
13.17
-16.12
-18.85
13.82
-16.61
-19.22
13.16
-16.59
-26.02
13.21
-16.79
-18.64
13.69
-17.45
-19.00
13.06
-17.36
-26.27
13.34
-17.65
-17.84
13.96
-18.94
-18.38
13.48
-18.49
-18.83
12.99
-18.01
-26.45
13.48
-18.58
-16.98
14.19
-20.06
-17.51
13.90
-19.69
-18.12
13.25
-19.59
-26.58
13.57
-19.52
-16.16
14.31
-21.15
-16.69
14.08
-20.75
-17.37
13.60
-20.61
-17.96
13.06
-20.54
-26.67
13.59
-20.48
-16.09
14.14
-21.76
-16.68
13.77
-21.62
-17.30
13.37
-21.50
-17.87
12.92
-21.43
-26.77
13.52
-21.50
-27.00
12.99
-21.87
-16.04
14.00
-22.58
-16.67
13.56
-22.51
-17.28
13.18
-22.34
-17.79
12.81
-22.24
-26.75
13.68
-22.52
-27.02
13.02
-22.60
-16.00
13.91
-23.52
-16.72
13.34
-23.52
-17.33
12.97
-23.12
-17.72
12.73
-22.83
-26.71
13.72
-23.46
-27.00
13.02
-23.48
-15.94
13.91
-24.50
-16.56
13.36
-24.52
-26.60
13.68
-24.34
-26.92
12.99
-24.35
-16.00
13.90
-25.47
-16.62
13.31
-25.48
-17.03
12.96
-25.81
-26.39
13.56
-25.12
-26.76
12.93
-25.09
-16.08
13.96
-26.35
-16.63
13.43
-26.38
-17.11
13.00
-26.41
-23.22
13.95
-27.27
-23.74
13.60
-27.02
-24.58
13.55
-26.56
-25.36
13.37
-26.21
-26.09
13.23
-25.78
-26.55
12.82
-25.59
-16.23
14.05
-27.09
-16.81
13.52
-27.17
-17.16
13.11
-26.98
-22.82
13.67
-27.68
-23.27
13.27
-27.43
-16.40
14.21
-27.57
-16.99
13.91
-27.77
-17.78
13.83
-28.13
-18.76
13.66
-28.43
-19.62
13.83
-28.62
-20.46
13.86
-28.65
-21.28
13.80
-28.52
-22.10
13.59
-28.23
-19.22
13.24
-28.60
-19.77
13.21
-28.70
-20.52
13.20
-28.75
-21.27
13.16
-28.69
-21.84
13.10
-28.55
-19.12
14.74
-15.33
-19.76
14.64
-14.97
-20.56
14.59
-14.67
-21.42
14.59
-14.49
-22.25
14.57
-14.59
-18.74
14.61
-15.88
-22.93
14.63
-15.09
-23.69
14.56
-15.67
-24.49
14.14
-15.94
-25.13
13.87
-16.16
-25.55
13.66
-16.35
-18.49
14.48
-16.58
-24.03
14.98
-16.43
-24.61
14.59
-16.54
-25.20
14.26
-16.70
-25.69
13.86
-16.86
-18.28
14.37
-17.35
-24.24
15.23
-16.94
-24.69
14.98
-17.10
-25.26
14.66
-17.34
-25.83
14.20
-17.69
-17.59
14.51
-18.65
-18.02
14.31
-18.10
-26.11
14.25
-18.62
-16.73
14.63
-19.79
-17.21
14.51
-19.28
-26.27
14.31
-19.55
-15.36
15.03
-21.27
-15.76
14.79
-21.00
-16.30
14.64
-20.40
-26.37
14.34
-20.51
-15.17
15.01
-21.76
-15.60
14.58
-21.76
-26.43
14.35
-21.50
-14.98
14.96
-22.54
-15.48
14.47
-22.58
-26.42
14.40
-22.49
-14.83
14.92
-23.39
-15.38
14.44
-23.50
-26.37
14.41
-23.43
-14.81
14.87
-24.14
-15.27
14.50
-24.50
-26.23
14.37
-24.31
-15.42
14.44
-25.49
-24.94
14.93
-25.73
-25.41
14.65
-25.48
-25.95
14.28
-25.11
-15.54
14.49
-26.37
-23.15
14.61
-27.16
-23.76
14.55
-26.74
-24.57
14.53
-26.21
-25.31
14.12
-25.91
-25.82
13.90
-25.64
-15.73
14.60
-27.12
-22.62
14.56
-27.59
-16.10
14.75
-27.69
-16.81
14.70
-28.03
-17.66
14.65
-28.28
-18.60
14.61
-28.46
-19.52
14.65
-28.54
-20.41
14.66
-28.50
-21.24
14.62
-28.34
-21.98
14.54
-28.03
-21.98
16.42
-11.75
-22.01
16.42
-11.76
-21.95
16.40
-12.07
-22.01
16.40
-12.08
-21.88
16.36
-12.67
-22.01
16.36
-12.70
-21.72
16.20
-13.41
-22.01
16.19
-13.51
-18.11
16.07
-15.40
-18.75
15.65
-15.21
-19.61
15.59
-14.78
-20.47
15.59
-14.47
-21.38
15.71
-14.14
-22.15
15.69
-14.39
-17.86
15.86
-15.89
-18.35
15.30
-15.85
-22.76
15.55
-15.22
-23.28
15.42
-15.86
-17.65
15.65
-16.58
-18.10
15.10
-16.56
-23.64
15.59
-16.54
-17.46
15.46
-17.36
-17.91
14.96
-17.29
-24.04
15.76
-17.27
-24.65
15.44
-17.61
-25.22
15.13
-17.92
-25.64
14.78
-18.10
-16.09
16.00
-18.94
-16.56
15.64
-18.70
-17.22
15.22
-18.26
-17.74
14.85
-17.90
-24.20
16.06
-17.85
-24.64
15.88
-18.18
-25.23
15.59
-18.69
-25.76
14.93
-18.73
-15.86
15.80
-19.58
-16.44
15.24
-19.43
-16.97
14.99
-19.00
-25.53
15.68
-19.64
-25.93
15.02
-19.60
-15.21
15.35
-21.09
-15.48
15.52
-20.51
-16.07
15.12
-20.11
-25.67
15.73
-20.56
-26.04
15.06
-20.53
-14.84
15.56
-21.54
-15.03
15.73
-20.99
-25.73
15.76
-21.51
-26.09
15.08
-21.50
-14.50
15.48
-22.45
-25.71
15.75
-22.46
-26.08
15.10
-22.47
-12.43
16.40
-24.11
-12.85
16.12
-23.97
-13.47
15.81
-23.78
-14.20
15.45
-23.41
-25.62
15.72
-23.40
-26.01
15.08
-23.40
-12.36
16.35
-24.73
-12.87
15.96
-24.71
-13.53
15.62
-24.63
-14.33
15.21
-24.51
-14.83
14.87
-24.87
-25.00
15.90
-24.84
-25.41
15.65
-24.35
-25.88
15.00
-24.25
-12.33
16.32
-25.53
-12.86
15.91
-25.54
-13.53
15.58
-25.52
-14.25
15.25
-25.51
-14.87
14.89
-25.58
-24.81
15.58
-25.43
-25.37
15.20
-25.05
-25.76
14.85
-24.84
-12.35
16.34
-26.35
-12.88
15.95
-26.36
-13.55
15.65
-26.37
-14.28
15.35
-26.38
-14.96
14.97
-26.40
-23.06
15.41
-27.07
-23.61
15.47
-26.61
-24.25
15.48
-26.07
-12.42
16.41
-27.04
-12.91
16.09
-27.07
-13.60
15.85
-27.11
-14.38
15.57
-27.14
-15.15
15.17
-27.16
-22.51
15.46
-27.49
-12.53
16.52
-27.47
-12.96
16.38
-27.58
-13.65
16.23
-27.67
-14.52
16.00
-27.74
-15.56
15.60
-27.84
-16.60
15.58
-28.17
-17.56
15.55
-28.35
-18.53
15.54
-28.44
-19.48
15.54
-28.45
-20.39
15.53
-28.37
-21.23
15.50
-28.17
-21.92
15.40
-27.89
-21.97
16.52
-11.73
-22.01
16.52
-11.74
-21.92
16.54
-12.06
-22.04
16.53
-12.09
-21.81
16.57
-12.67
-22.06
16.57
-12.74
-21.59
16.61
-13.39
-22.11
16.59
-13.60
-17.15
17.15
-15.41
-17.78
16.76
-15.26
-18.64
16.61
-14.90
-19.52
16.54
-14.60
-20.37
16.52
-14.33
-21.12
16.54
-13.98
-22.30
16.50
-14.52
-16.27
17.31
-16.20
-16.76
17.03
-15.90
-17.37
16.44
-15.87
-22.71
16.47
-15.54
-23.08
16.04
-16.00
-16.09
17.15
-16.77
-16.61
16.68
-16.64
-17.15
16.18
-16.58
-22.94
16.81
-16.43
-23.28
16.23
-16.59
-15.96
16.88
-17.57
-16.51
16.40
-17.41
-17.01
15.96
-17.31
-23.13
16.98
-17.09
-23.54
16.52
-17.38
-15.85
16.53
-18.51
-16.46
16.10
-18.14
-16.91
15.77
-17.91
-23.95
16.55
-18.10
-24.45
16.40
-18.58
-24.90
16.26
-19.06
-15.44
16.46
-19.43
-25.15
16.30
-19.76
-13.88
17.10
-21.04
-14.38
16.81
-20.74
-14.98
16.38
-20.31
-25.28
16.35
-20.60
-12.44
17.35
-22.28
-12.85
17.14
-22.03
-13.54
16.88
-21.63
-14.32
16.27
-21.43
-14.79
16.12
-20.91
-25.33
16.37
-21.51
-12.34
17.16
-22.82
-12.82
16.77
-22.63
-13.42
16.43
-22.42
-14.03
16.00
-22.31
-25.32
16.37
-22.44
-12.24
16.88
-23.68
-12.79
16.44
-23.33
-13.37
16.12
-23.11
-13.86
15.85
-22.95
-25.24
16.34
-23.31
-12.03
16.90
-24.60
-24.74
16.43
-24.68
-25.07
16.32
-24.09
-11.97
16.90
-25.49
-24.43
16.35
-25.35
-12.00
16.91
-26.34
-22.96
16.10
-27.02
-23.39
16.41
-26.55
-23.99
16.30
-25.97
-12.15
16.93
-27.06
-21.81
16.79
-27.70
-22.41
16.45
-27.39
-22.91
16.79
-26.94
-12.43
16.95
-27.57
-12.94
16.90
-27.86
-13.67
16.83
-28.01
-14.55
16.72
-28.11
-15.53
16.57
-28.18
-16.53
16.52
-28.30
-17.51
16.50
-28.37
-18.49
16.48
-28.38
-19.45
16.45
-28.34
-20.38
16.42
-28.23
-21.30
16.43
-27.99
-21.90
16.10
-27.78
-21.98
16.62
-11.76
-22.01
16.62
-11.76
-21.94
16.67
-12.09
-22.01
16.67
-12.10
-21.86
16.81
-12.73
-22.00
16.80
-12.77
-21.66
17.13
-13.57
-21.99
17.09
-13.71
-17.03
17.73
-15.22
-17.75
17.62
-14.95
-18.61
17.54
-14.69
-19.49
17.47
-14.49
-20.36
17.42
-14.31
-21.14
17.35
-14.07
-22.18
17.25
-14.58
-16.07
17.83
-16.05
-16.52
17.68
-15.60
-22.44
17.44
-15.51
-15.25
18.19
-17.17
-15.65
17.84
-16.79
-22.69
17.59
-16.47
-15.08
18.07
-17.75
-15.48
17.49
-17.63
-22.98
17.62
-17.46
-23.38
17.11
-17.81
-14.88
17.92
-18.51
-15.31
17.25
-18.49
-23.16
17.90
-18.45
-23.68
17.21
-18.58
-24.28
16.88
-19.03
-24.67
16.67
-19.28
-14.63
17.73
-19.31
-15.05
17.11
-19.30
-23.26
18.13
-19.31
-23.72
17.63
-19.52
-24.28
17.18
-19.72
-24.76
16.78
-19.82
-13.70
17.61
-20.74
-14.30
17.48
-20.14
-14.79
16.99
-19.93
-23.33
18.29
-19.95
-23.71
18.00
-20.46
-24.32
17.39
-20.57
-24.84
16.88
-20.61
-12.29
17.84
-22.08
-12.73
17.67
-21.65
-13.25
17.54
-21.25
-23.89
18.04
-21.52
-24.40
17.46
-21.52
-24.89
16.93
-21.51
-12.03
17.79
-22.77
-23.96
18.03
-22.50
-24.44
17.45
-22.47
-24.90
16.92
-22.43
-11.87
17.69
-23.62
-23.96
17.96
-23.46
-24.44
17.36
-23.40
-24.87
16.87
-23.28
-11.76
17.66
-24.54
-23.89
17.81
-24.40
-24.41
17.10
-24.35
-24.80
16.78
-23.93
-11.74
17.65
-25.47
-23.70
17.65
-25.30
-24.12
17.02
-25.23
-11.82
17.65
-26.34
-23.39
17.35
-26.14
-23.86
16.91
-25.81
-12.01
17.64
-27.08
-21.65
17.45
-27.62
-22.29
17.41
-27.26
-22.85
17.45
-26.79
-12.36
17.63
-27.64
-12.92
17.61
-27.98
-13.67
17.59
-28.17
-14.55
17.54
-28.26
-15.51
17.49
-28.31
-16.50
17.47
-28.32
-17.49
17.45
-28.30
-18.48
17.41
-28.26
-19.44
17.32
-28.20
-20.31
17.26
-28.09
-21.07
17.26
-27.91
-21.65
17.69
-14.02
-21.88
17.59
-14.11
-16.34
18.83
-15.36
-16.83
18.52
-15.13
-17.69
18.50
-14.81
-18.62
18.47
-14.57
-19.52
18.38
-14.42
-20.42
18.33
-14.36
-21.36
18.24
-14.43
-21.91
17.90
-14.64
-16.01
18.58
-15.77
-16.41
18.25
-15.45
-21.75
18.69
-14.97
-22.13
18.39
-15.45
-15.12
18.76
-17.07
-15.52
18.64
-16.47
-22.43
18.49
-16.48
-14.82
18.74
-17.74
-22.65
18.55
-17.47
-14.52
18.65
-18.51
-22.80
18.66
-18.42
-14.24
18.43
-19.26
-22.93
18.76
-19.30
-12.33
19.02
-21.08
-12.74
18.72
-20.79
-13.34
18.32
-20.50
-13.91
18.26
-19.93
-23.08
18.79
-20.06
-23.32
18.69
-20.77
-12.14
18.64
-21.73
-12.64
18.26
-21.28
-13.07
18.03
-21.01
-23.47
18.67
-21.62
-11.81
18.61
-22.64
-23.52
18.66
-22.53
-11.64
18.54
-23.56
-23.49
18.62
-23.48
-11.58
18.52
-24.50
-23.42
18.50
-24.43
-11.63
18.52
-25.44
-23.28
18.37
-25.32
-11.76
18.49
-26.33
-23.04
18.21
-26.09
-11.99
18.44
-27.08
-18.91
18.83
-27.76
-19.60
18.71
-27.69
-20.43
18.54
-27.59
-21.31
18.23
-27.45
-22.12
18.19
-27.08
-22.68
18.16
-26.68
-12.35
18.40
-27.64
-12.92
18.40
-27.99
-13.67
18.39
-28.17
-14.55
18.39
-28.25
-15.49
18.37
-28.26
-16.47
18.37
-28.22
-17.46
18.37
-28.13
-18.50
18.36
-28.02
-19.47
18.10
-27.98
-20.30
17.96
-27.90
-20.91
17.84
-27.79
-19.18
19.84
-14.32
-19.70
19.83
-14.27
-20.37
19.84
-14.28
-20.91
19.88
-14.38
-16.34
19.37
-15.35
-16.90
19.34
-15.07
-17.72
19.39
-14.80
-18.73
19.45
-14.49
-19.58
19.23
-14.35
-20.40
19.21
-14.35
-21.19
19.37
-14.56
-15.94
19.40
-15.78
-21.69
19.35
-15.05
-22.00
19.34
-15.63
-15.06
19.51
-17.02
-15.49
19.45
-16.39
-22.24
19.37
-16.53
-14.66
19.55
-17.72
-22.40
19.40
-17.49
-13.14
20.18
-19.30
-13.55
19.95
-19.02
-14.14
19.54
-18.56
-22.52
19.44
-18.44
-12.40
20.12
-20.20
-12.85
19.95
-19.77
-13.38
19.48
-19.51
-13.87
19.06
-19.27
-22.64
19.48
-19.36
-12.21
19.72
-20.79
-12.75
19.34
-20.33
-13.29
18.98
-20.02
-13.71
18.77
-19.75
-22.81
19.46
-20.22
-23.02
19.33
-20.92
-11.84
19.60
-21.66
-23.12
19.31
-21.67
-11.57
19.52
-22.58
-23.13
19.30
-22.51
-11.45
19.44
-23.53
-22.21
20.23
-23.95
-22.54
19.87
-23.79
-22.99
19.36
-23.46
-11.46
19.42
-24.47
-22.12
20.17
-24.51
-22.49
19.72
-24.54
-22.95
19.16
-24.46
-11.59
19.46
-25.40
-22.02
20.11
-25.07
-22.28
19.68
-25.36
-22.82
19.03
-25.33
-11.84
19.37
-26.31
-18.15
20.11
-27.15
-18.75
20.01
-27.07
-19.57
19.95
-26.92
-20.43
19.84
-26.75
-21.27
19.67
-26.50
-22.03
19.42
-26.16
-22.65
18.86
-26.08
-12.08
19.22
-27.06
-17.85
19.77
-27.45
-18.65
19.40
-27.50
-19.57
19.32
-27.34
-20.45
19.19
-27.20
-21.30
19.01
-27.01
-22.03
18.85
-26.74
-22.51
18.66
-26.55
-12.41
19.11
-27.58
-12.93
19.12
-27.88
-13.67
19.15
-28.03
-14.54
19.17
-28.09
-15.47
19.18
-28.08
-16.40
19.19
-28.00
-17.37
19.26
-27.84
-18.17
19.02
-27.81
-19.17
20.17
-14.38
-19.69
20.34
-14.35
-20.42
20.35
-14.34
-21.09
20.35
-14.46
-21.42
20.55
-14.60
-16.40
19.87
-15.40
-16.88
20.00
-15.20
-17.68
20.22
-15.00
-18.69
20.26
-14.65
-19.30
20.53
-14.57
-21.44
20.04
-14.71
-21.59
20.42
-14.91
-16.14
20.16
-15.81
-16.74
20.45
-15.54
-17.31
20.60
-15.37
-21.70
19.88
-15.07
-21.82
20.14
-15.54
-15.13
20.29
-17.01
-15.61
20.25
-16.43
-22.00
20.14
-16.52
-14.70
20.44
-17.64
-22.12
20.16
-17.50
-13.11
20.68
-19.19
-13.58
20.65
-18.81
-14.15
20.52
-18.31
-22.21
20.19
-18.48
-12.27
20.73
-20.15
-12.72
20.71
-19.62
-22.31
20.21
-19.46
-11.92
20.61
-20.81
-22.47
20.20
-20.53
-22.78
19.83
-21.03
-11.58
20.55
-21.64
-22.01
20.91
-21.88
-22.36
20.48
-21.53
-22.79
19.89
-21.65
-11.11
21.05
-22.93
-11.31
20.52
-22.58
-21.99
20.84
-22.59
-22.41
20.35
-22.43
-22.79
19.85
-22.40
-11.09
21.01
-23.56
-11.26
20.31
-23.51
-21.97
20.64
-23.53
-22.43
20.18
-23.20
-22.76
19.81
-23.02
-11.16
21.02
-24.27
-11.34
20.31
-24.40
-21.75
20.64
-24.43
-11.33
21.07
-24.84
-11.62
20.53
-25.31
-21.60
20.47
-25.26
-21.90
20.05
-25.55
-12.12
20.29
-26.30
-12.82
20.63
-26.66
-13.62
20.80
-26.82
-14.49
20.87
-26.88
-15.35
20.89
-26.91
-16.04
20.88
-26.92
-17.88
20.54
-26.91
-18.65
20.60
-26.69
-19.50
20.61
-26.49
-20.37
20.51
-26.29
-21.19
20.33
-25.97
-21.75
19.95
-25.93
-12.35
19.84
-27.07
-12.90
20.15
-27.22
-13.65
20.31
-27.32
-14.51
20.38
-27.36
-15.41
20.42
-27.35
-16.33
20.48
-27.25
-17.23
20.29
-27.25
-12.50
19.60
-27.50
-12.95
19.70
-27.64
-13.67
19.78
-27.75
-14.52
19.83
-27.79
-15.42
19.85
-27.77
-16.29
19.87
-27.70
-16.97
19.83
-27.63
-19.91
20.70
-14.52
-20.46
20.74
-14.53
-21.04
20.74
-14.59
-21.37
20.74
-14.65
-17.97
20.71
-15.21
-18.68
20.80
-15.07
-19.55
20.89
-14.90
-20.37
20.99
-14.97
-21.03
20.94
-15.00
-21.45
20.76
-15.00
-16.22
20.73
-16.09
-16.78
20.92
-15.92
-17.61
21.02
-15.68
-18.56
21.19
-15.67
-19.49
21.25
-15.66
-20.35
21.22
-15.68
-21.06
21.06
-15.69
-21.55
20.72
-15.66
-15.30
20.91
-17.07
-15.88
21.01
-16.63
-16.69
21.37
-16.47
-17.57
21.54
-16.36
-18.51
21.62
-16.39
-19.47
21.59
-16.50
-20.36
21.42
-16.53
-21.09
21.16
-16.55
-21.64
20.74
-16.54
-14.99
21.38
-17.62
-15.79
21.73
-17.20
-16.62
21.98
-16.99
-17.52
22.11
-16.92
-18.46
22.13
-17.05
-19.47
22.04
-17.45
-20.40
21.63
-17.46
-21.14
21.26
-17.49
-21.72
20.79
-17.50
-13.12
21.22
-19.14
-13.57
21.47
-18.83
-14.24
21.46
-18.30
-19.92
22.19
-18.36
-20.56
21.79
-18.37
-21.21
21.37
-18.47
-21.78
20.84
-18.48
-12.23
21.52
-20.12
-12.78
21.55
-19.52
-13.23
21.86
-19.15
-20.15
22.27
-19.02
-20.62
21.96
-19.19
-21.24
21.54
-19.54
-21.86
20.90
-19.48
-11.81
21.50
-20.79
-21.48
21.45
-20.54
-21.98
20.90
-20.42
-11.17
21.91
-22.10
-11.41
21.52
-21.62
-21.63
21.34
-21.53
-22.01
20.94
-21.16
-11.06
21.67
-22.70
-11.22
21.23
-22.28
-21.52
21.37
-22.53
-10.99
21.72
-23.49
-21.43
21.29
-23.47
-11.09
21.72
-24.22
-21.28
21.24
-24.36
-11.37
21.69
-24.86
-11.93
21.51
-25.47
-12.71
21.82
-25.80
-13.58
21.95
-25.94
-14.51
22.00
-25.99
-15.48
21.99
-26.00
-16.46
21.90
-26.01
-17.44
21.83
-25.96
-18.34
21.82
-25.83
-19.03
21.81
-25.70
-20.53
21.45
-25.41
-21.02
21.18
-25.15
-12.24
21.00
-26.02
-12.81
21.20
-26.22
-13.61
21.33
-26.35
-14.51
21.39
-26.42
-15.44
21.37
-26.47
-16.42
21.23
-26.57
-17.47
21.13
-26.53
-18.47
21.23
-26.28
-19.39
21.34
-26.01
-20.27
21.21
-25.83
-20.86
20.93
-25.69
-16.63
20.84
-26.92
-17.12
20.77
-26.91
-15.04
22.35
-17.95
-15.76
22.51
-17.60
-16.57
22.73
-17.37
-17.47
22.84
-17.25
-18.32
22.82
-17.43
-19.03
22.69
-17.87
-13.76
22.17
-18.82
-14.34
22.46
-18.49
-19.48
22.74
-18.60
-12.24
22.33
-20.18
-12.76
22.47
-19.70
-13.41
22.57
-19.19
-13.93
22.87
-18.89
-19.87
22.69
-19.50
-20.48
22.24
-19.83
-20.92
21.92
-20.01
-11.84
22.35
-20.76
-19.89
22.86
-20.53
-20.46
22.37
-20.65
-20.99
21.94
-20.69
-11.19
22.53
-22.07
-11.48
22.45
-21.44
-19.82
22.92
-21.51
-20.44
22.41
-21.55
-21.03
21.92
-21.57
-11.02
22.49
-22.74
-19.78
22.84
-22.49
-20.41
22.39
-22.50
-20.99
21.90
-22.51
-10.97
22.49
-23.48
-19.71
22.71
-23.43
-20.35
22.30
-23.43
-20.92
21.84
-23.43
-11.08
22.49
-24.18
-19.59
22.51
-24.30
-20.27
22.14
-24.31
-20.82
21.75
-24.27
-11.38
22.48
-24.77
-11.93
22.50
-25.22
-12.69
22.62
-25.50
-13.56
22.70
-25.63
-14.51
22.73
-25.64
-15.51
22.71
-25.57
-16.49
22.58
-25.51
-17.44
22.44
-25.44
-18.35
22.34
-25.34
-19.30
22.19
-25.17
-20.20
21.85
-25.10
-20.71
21.64
-24.88
-19.61
21.76
-25.62
-20.06
21.65
-25.56
-17.91
24.43
-16.38
-18.01
24.43
-16.41
-17.79
24.25
-16.76
-18.07
24.23
-16.85
-15.16
23.02
-18.11
-15.72
23.24
-17.89
-16.49
23.64
-17.64
-17.47
23.78
-17.28
-18.29
23.72
-17.56
-18.81
23.27
-18.02
-14.78
23.46
-18.52
-15.50
23.81
-18.21
-16.03
24.00
-17.98
-18.67
23.86
-18.25
-19.06
23.44
-18.66
-12.29
22.96
-20.28
-12.74
23.40
-20.02
-13.43
23.49
-19.46
-14.08
23.56
-19.01
-19.33
23.40
-19.55
-11.99
23.12
-20.75
-12.31
23.73
-20.64
-19.34
23.47
-20.48
-11.28
23.24
-22.11
-11.65
23.36
-21.46
-12.02
23.89
-21.18
-18.01
24.25
-22.15
-18.48
23.99
-21.87
-19.13
23.54
-21.48
-11.10
23.23
-22.76
-17.25
24.32
-23.08
-17.75
24.13
-22.76
-18.43
23.71
-22.65
-19.11
23.30
-22.51
-11.05
23.23
-23.47
-17.05
24.16
-23.62
-17.67
23.78
-23.53
-18.37
23.44
-23.46
-19.06
23.09
-23.41
-11.15
23.23
-24.14
-15.98
24.02
-24.71
-16.67
23.90
-24.35
-17.52
23.46
-24.26
-18.29
23.16
-24.21
-18.97
22.88
-24.20
-11.42
23.24
-24.66
-11.95
23.36
-25.01
-12.69
23.46
-25.26
-13.55
23.52
-25.38
-14.49
23.56
-25.34
-15.54
23.60
-25.13
-16.54
23.27
-24.99
-17.45
23.00
-24.90
-18.25
22.81
-24.83
-18.86
22.66
-24.77
-17.96
24.79
-15.86
-18.00
24.78
-15.87
-17.90
24.68
-16.20
-18.01
24.68
-16.23
-17.68
24.62
-16.71
-18.11
24.61
-16.85
-16.67
24.46
-17.71
-17.29
24.49
-17.25
-18.30
24.46
-17.64
-14.86
24.38
-18.80
-15.51
24.49
-18.45
-16.11
24.55
-18.11
-18.57
24.41
-18.56
-18.90
23.97
-18.92
-13.01
24.30
-20.16
-13.58
24.35
-19.69
-14.21
24.38
-19.23
-18.61
24.58
-19.47
-18.97
24.01
-19.57
-12.61
24.45
-20.75
-18.54
24.60
-20.33
-18.94
24.04
-20.35
-11.37
23.74
-22.25
-11.69
24.04
-21.95
-12.18
24.50
-21.52
-17.80
24.66
-21.84
-18.33
24.50
-21.21
-18.82
24.04
-21.02
-11.30
23.86
-22.77
-11.69
24.45
-22.65
-12.07
24.77
-22.22
-17.00
24.73
-22.88
-17.43
24.64
-22.41
-11.26
23.89
-23.46
-11.61
24.47
-23.45
-16.64
24.68
-23.49
-11.33
23.86
-24.11
-11.69
24.39
-24.13
-15.72
24.57
-24.56
-16.25
24.59
-24.10
-11.50
23.79
-24.54
-11.97
24.15
-24.70
-12.72
24.28
-25.00
-13.54
24.34
-25.15
-14.37
24.37
-25.12
-15.15
24.43
-24.93
-17.96
24.86
-15.86
-17.99
24.86
-15.87
-17.90
24.88
-16.19
-17.99
24.88
-16.21
-17.73
25.02
-16.84
-17.98
25.02
-16.92
-16.79
25.08
-17.88
-17.32
25.06
-17.41
-18.12
25.05
-17.70
-14.98
25.09
-19.06
-15.60
25.14
-18.72
-16.26
25.15
-18.35
-18.22
25.09
-18.56
-13.23
24.90
-20.29
-13.73
25.12
-20.00
-14.40
25.12
-19.51
-18.22
25.17
-19.43
-13.03
25.15
-20.82
-13.50
25.40
-20.50
-18.13
25.19
-20.24
-12.68
25.19
-21.62
-16.84
25.51
-21.88
-17.40
25.25
-21.59
-17.90
25.16
-20.96
-12.00
24.94
-22.89
-12.43
25.25
-22.53
-16.68
25.29
-22.55
-17.18
25.07
-22.18
-12.00
24.97
-23.48
-12.49
25.38
-23.39
-16.28
25.23
-23.32
-12.08
24.91
-24.11
-12.59
25.31
-24.10
-15.45
25.16
-24.36
-15.93
25.17
-23.92
-12.24
24.75
-24.56
-12.83
25.03
-24.67
-13.58
25.05
-24.88
-14.31
25.07
-24.89
-14.95
25.09
-24.73
-17.69
25.35
-17.27
-17.86
25.33
-17.28
-16.92
25.47
-18.12
-17.42
25.47
-17.82
-17.83
25.42
-17.82
-15.13
25.53
-19.31
-15.70
25.62
-19.11
-16.52
25.65
-18.75
-17.26
25.71
-18.65
-17.81
25.53
-18.60
-14.08
25.59
-20.18
-14.75
25.68
-19.86
-15.60
25.90
-19.77
-16.44
25.93
-19.62
-17.18
25.86
-19.50
-17.77
25.62
-19.43
-13.32
25.59
-21.07
-13.85
25.76
-20.78
-14.67
25.97
-20.68
-15.53
26.06
-20.60
-16.40
26.00
-20.50
-17.15
25.86
-20.32
-17.71
25.62
-20.20
-13.19
25.68
-21.69
-13.83
25.96
-21.62
-14.61
26.10
-21.56
-15.47
26.09
-21.52
-16.41
25.87
-21.48
-17.17
25.69
-21.05
-17.64
25.55
-20.75
-13.09
25.74
-22.52
-13.78
26.02
-22.49
-14.54
26.12
-22.46
-15.33
26.04
-22.44
-16.08
25.77
-22.44
-13.08
25.76
-23.35
-13.75
25.99
-23.34
-14.48
26.04
-23.32
-15.21
25.92
-23.29
-15.83
25.67
-23.23
-13.11
25.67
-24.05
-13.73
25.84
-24.05
-14.42
25.85
-24.05
-15.13
25.66
-24.04
-15.66
25.55
-23.77
-13.18
25.49
-24.50
-13.69
25.56
-24.57
-14.32
25.56
-24.57
-14.82
25.50
-24.51