-27.71
-24.49
-18.96
-27.95
-24.46
-18.97
-27.69
-24.47
-19.29
-27.96
-24.44
-19.29
-27.70
-24.36
-19.55
-27.91
-24.36
-19.55
-26.01
-23.60
-15.26
-26.55
-23.63
-15.23
-27.09
-23.58
-15.25
-25.95
-23.78
-15.82
-26.62
-23.86
-15.84
-27.35
-23.77
-15.81
-27.93
-23.67
-16.05
-25.92
-23.90
-16.61
-26.63
-24.03
-16.64
-27.35
-24.01
-16.66
-28.02
-23.85
-16.72
-25.93
-23.93
-17.49
-26.65
-24.13
-17.53
-27.39
-24.18
-17.58
-28.09
-24.04
-17.61
-25.98
-23.87
-18.35
-26.69
-24.15
-18.41
-27.45
-24.32
-18.56
-28.12
-24.21
-18.58
-26.10
-23.73
-19.08
-26.71
-24.04
-19.12
-27.33
-24.28
-19.20
-28.24
-24.17
-19.23
-26.30
-23.61
-19.54
-26.80
-23.78
-19.64
-27.48
-24.02
-19.68
-28.03
-24.06
-19.66
-31.69
-23.25
-21.67
-31.82
-23.22
-21.69
-31.71
-23.22
-21.84
-31.83
-23.20
-21.85
-25.82
-22.82
-14.33
-26.44
-22.81
-14.33
-27.03
-22.78
-14.42
-23.09
-22.81
-15.17
-23.71
-22.93
-15.07
-24.53
-23.08
-14.98
-25.54
-23.22
-14.86
-26.48
-23.25
-14.77
-27.34
-23.14
-14.88
-28.02
-22.94
-15.10
-23.02
-22.88
-15.74
-23.71
-23.11
-15.74
-24.48
-23.32
-15.72
-25.29
-23.54
-15.71
-27.70
-23.43
-15.43
-28.37
-23.22
-15.74
-29.08
-22.90
-16.01
-23.02
-22.89
-16.48
-23.70
-23.16
-16.51
-24.44
-23.41
-16.54
-25.20
-23.67
-16.57
-28.68
-23.50
-16.66
-29.45
-23.07
-16.69
-30.10
-22.83
-16.97
-23.07
-22.81
-17.21
-23.71
-23.07
-17.28
-24.44
-23.33
-17.40
-25.20
-23.64
-17.45
-28.80
-23.71
-17.58
-29.55
-23.34
-17.60
-30.33
-22.98
-17.67
-30.86
-22.79
-17.99
-23.14
-22.67
-17.75
-23.68
-22.83
-17.96
-24.47
-23.04
-18.30
-25.27
-23.47
-18.34
-28.83
-23.82
-18.49
-29.58
-23.46
-18.51
-30.32
-23.15
-18.57
-30.95
-22.88
-18.65
-24.86
-22.93
-18.93
-25.50
-23.20
-19.18
-28.78
-23.75
-19.30
-29.55
-23.42
-19.38
-30.35
-23.16
-19.49
-31.07
-22.92
-19.51
-26.08
-23.17
-19.75
-26.75
-23.25
-20.03
-27.55
-23.35
-20.14
-28.46
-23.45
-20.02
-29.44
-23.19
-20.19
-30.38
-23.02
-20.50
-31.30
-22.91
-20.48
-31.77
-22.74
-20.83
-30.78
-22.89
-21.34
-31.45
-23.04
-21.39
-31.85
-22.90
-21.48
-31.04
-22.80
-21.83
-31.52
-22.92
-21.93
-31.88
-22.88
-21.92
-18.16
-21.78
-13.95
-18.77
-21.85
-13.89
-19.60
-21.91
-13.88
-20.52
-21.98
-13.89
-21.50
-22.05
-13.93
-22.51
-22.14
-13.93
-23.49
-22.18
-13.85
-24.44
-22.21
-13.85
-25.44
-22.31
-13.97
-26.39
-22.23
-14.03
-27.24
-22.26
-14.25
-27.82
-22.06
-14.41
-18.11
-21.76
-14.43
-18.78
-21.88
-14.48
-19.60
-21.98
-14.53
-20.50
-22.09
-14.61
-21.48
-22.25
-14.72
-22.58
-22.50
-14.77
-23.54
-22.61
-14.49
-24.41
-22.70
-14.39
-25.13
-22.78
-14.36
-27.64
-22.61
-14.60
-28.27
-22.34
-14.84
-28.90
-22.07
-15.16
-18.13
-21.67
-14.91
-18.74
-21.75
-15.08
-19.55
-21.88
-15.20
-20.42
-22.04
-15.35
-21.35
-22.24
-15.65
-22.31
-22.58
-15.65
-28.69
-22.65
-15.38
-29.38
-22.31
-15.71
-30.10
-22.05
-16.07
-21.64
-22.23
-16.52
-22.35
-22.57
-16.48
-29.78
-22.61
-16.31
-30.45
-22.35
-16.64
-31.15
-22.06
-17.00
-31.55
-21.77
-17.19
-21.84
-22.12
-17.29
-22.48
-22.47
-17.26
-30.69
-22.61
-17.31
-31.20
-22.40
-17.71
-31.68
-21.88
-17.77
-22.04
-21.97
-17.90
-22.72
-22.27
-18.02
-23.46
-22.40
-18.45
-24.12
-22.52
-18.80
-31.43
-22.49
-18.58
-31.85
-21.96
-18.58
-24.63
-22.48
-19.26
-25.24
-22.56
-19.64
-31.58
-22.56
-19.42
-31.99
-22.05
-19.49
-25.84
-22.50
-20.11
-26.63
-22.56
-20.43
-27.53
-22.58
-20.70
-28.46
-22.77
-20.72
-29.31
-22.79
-20.83
-29.97
-22.80
-20.98
-31.68
-22.62
-20.13
-32.07
-22.24
-20.49
-27.84
-22.14
-21.15
-28.52
-22.23
-21.30
-29.34
-22.38
-21.43
-30.17
-22.55
-21.60
-32.23
-22.27
-21.46
-30.76
-22.45
-22.17
-31.47
-22.36
-22.57
-32.22
-22.21
-22.35
-31.79
-21.99
-23.39
-32.58
-21.85
-23.39
-33.22
-21.66
-23.82
-31.95
-21.78
-23.99
-32.58
-21.71
-24.24
-33.39
-21.64
-24.38
-33.90
-21.56
-24.64
-32.83
-21.52
-24.76
-33.40
-21.50
-24.90
-33.90
-21.50
-24.95
-15.25
-20.80
-10.79
-15.39
-20.78
-10.78
-15.28
-20.76
-11.09
-15.68
-20.75
-11.09
-16.53
-20.71
-11.23
-17.39
-20.68
-11.30
-18.09
-20.65
-11.34
-15.17
-20.76
-11.73
-15.78
-20.97
-11.76
-16.59
-21.05
-11.81
-17.50
-21.06
-11.83
-18.49
-20.95
-11.77
-19.53
-20.93
-11.90
-20.50
-20.91
-12.01
-21.44
-20.87
-12.10
-22.31
-20.80
-12.19
-22.99
-20.73
-12.29
-15.06
-20.89
-12.57
-15.78
-21.13
-12.57
-16.62
-21.28
-12.59
-17.57
-21.37
-12.60
-18.54
-21.38
-12.53
-19.53
-21.38
-12.54
-20.50
-21.37
-12.58
-21.47
-21.34
-12.62
-22.42
-21.26
-12.65
-23.37
-21.07
-12.67
-24.24
-20.99
-12.89
-24.88
-20.92
-13.08
-15.02
-20.96
-13.44
-15.77
-21.20
-13.43
-16.64
-21.39
-13.46
-17.67
-21.59
-13.53
-18.62
-21.67
-13.28
-19.55
-21.70
-13.22
-20.51
-21.72
-13.22
-21.49
-21.74
-13.23
-22.47
-21.72
-13.24
-23.44
-21.66
-13.25
-24.39
-21.58
-13.34
-25.36
-21.36
-13.48
-26.37
-21.42
-13.80
-27.21
-21.47
-14.08
-27.84
-21.52
-14.33
-15.05
-20.96
-14.27
-15.76
-21.17
-14.26
-16.59
-21.36
-14.31
-17.47
-21.56
-14.37
-28.38
-21.55
-14.70
-28.97
-21.52
-15.06
-15.14
-20.91
-14.90
-15.75
-21.04
-15.01
-16.60
-21.20
-15.10
-17.62
-21.41
-15.22
-18.54
-21.45
-15.73
-19.46
-21.64
-15.88
-20.28
-21.84
-15.98
-20.89
-22.01
-16.09
-29.56
-21.47
-15.52
-30.39
-21.44
-15.98
-31.08
-21.18
-16.26
-31.48
-21.04
-16.50
-18.79
-21.26
-16.36
-19.48
-21.35
-16.65
-20.33
-21.64
-16.67
-21.03
-21.91
-16.67
-30.72
-21.81
-16.36
-31.20
-21.60
-16.59
-31.64
-21.28
-16.94
-19.79
-21.17
-17.41
-20.50
-21.44
-17.41
-21.24
-21.74
-17.43
-31.90
-21.29
-17.70
-19.98
-21.01
-17.99
-20.63
-21.20
-18.12
-21.58
-21.48
-18.34
-22.55
-21.75
-18.66
-23.34
-21.93
-18.96
-23.93
-22.11
-19.13
-32.10
-21.30
-18.56
-21.88
-21.18
-19.03
-22.57
-21.30
-19.27
-23.43
-21.44
-19.58
-24.30
-21.88
-19.64
-25.00
-22.03
-19.94
-32.31
-21.31
-19.49
-23.81
-21.15
-20.10
-24.49
-21.37
-20.25
-25.45
-21.66
-20.55
-26.45
-21.90
-20.83
-27.14
-22.04
-21.00
-32.56
-21.32
-20.52
-32.90
-20.89
-20.96
-25.82
-21.19
-21.16
-26.56
-21.39
-21.33
-27.46
-21.66
-21.48
-28.40
-21.67
-21.93
-29.31
-21.96
-22.02
-29.95
-22.16
-22.09
-32.69
-21.54
-21.46
-33.05
-20.97
-21.52
-28.73
-21.35
-22.69
-29.50
-21.66
-22.70
-30.33
-22.00
-22.68
-31.00
-22.08
-22.94
-32.90
-21.50
-22.31
-33.19
-21.04
-22.07
-28.91
-21.08
-23.39
-29.63
-21.34
-23.45
-30.42
-21.62
-23.48
-31.17
-21.82
-23.53
-33.13
-21.50
-23.07
-33.69
-21.36
-23.62
-34.50
-21.05
-23.91
-35.33
-20.85
-24.18
-36.00
-20.74
-24.40
-36.36
-20.69
-24.54
-29.05
-20.86
-23.95
-29.68
-20.98
-24.18
-30.55
-21.27
-24.20
-31.47
-21.51
-24.26
-32.18
-21.51
-24.55
-33.82
-21.50
-24.19
-34.39
-21.34
-24.54
-35.29
-21.09
-24.70
-35.99
-20.91
-24.81
-36.42
-20.68
-24.87
-29.96
-20.72
-24.69
-30.63
-20.86
-24.80
-31.51
-21.03
-24.92
-32.47
-21.18
-25.08
-33.48
-21.11
-25.40
-34.34
-21.22
-25.23
-35.29
-21.05
-25.32
-36.00
-20.87
-25.36
-36.46
-20.60
-25.39
-33.96
-20.84
-25.85
-34.57
-20.86
-25.88
-35.36
-20.78
-25.94
-36.03
-20.67
-25.92
-36.43
-20.50
-25.86
-15.21
-20.71
-10.76
-15.35
-20.64
-10.73
-15.15
-20.55
-11.05
-15.55
-20.30
-10.92
-16.50
-20.18
-10.92
-17.44
-20.14
-10.98
-18.40
-20.17
-11.10
-19.16
-20.01
-11.13
-13.56
-19.89
-12.51
-13.94
-19.96
-12.24
-14.68
-20.26
-11.69
-15.07
-20.05
-11.20
-18.83
-20.53
-11.38
-19.59
-20.37
-11.41
-20.53
-20.38
-11.57
-21.43
-20.32
-11.71
-22.31
-20.23
-11.88
-23.20
-20.25
-12.13
-23.78
-20.06
-12.28
-13.41
-19.98
-12.96
-13.82
-20.24
-12.83
-14.43
-20.55
-12.62
-23.63
-20.57
-12.42
-24.22
-20.33
-12.61
-24.95
-20.36
-13.00
-12.86
-19.98
-13.91
-13.19
-20.03
-13.71
-13.71
-20.36
-13.62
-14.35
-20.67
-13.52
-25.61
-20.51
-13.41
-26.43
-20.58
-13.80
-27.26
-20.66
-14.17
-27.84
-20.99
-14.36
-12.85
-19.98
-14.16
-13.18
-20.04
-14.44
-13.74
-20.38
-14.47
-14.42
-20.69
-14.42
-27.75
-20.26
-14.59
-28.32
-20.80
-14.73
-28.92
-20.97
-15.05
-13.39
-19.97
-15.43
-13.89
-20.32
-15.43
-14.71
-20.65
-15.38
-15.62
-20.81
-15.70
-16.52
-20.95
-15.85
-17.40
-21.08
-15.97
-18.09
-21.17
-16.13
-28.09
-20.00
-14.94
-28.61
-20.24
-15.14
-29.39
-20.61
-15.48
-30.33
-20.66
-15.92
-31.04
-20.65
-16.21
-31.49
-20.66
-16.49
-13.45
-19.83
-16.40
-13.93
-20.18
-16.39
-14.68
-20.42
-16.40
-15.57
-20.57
-16.52
-16.49
-20.68
-16.62
-17.41
-20.80
-16.69
-18.33
-20.98
-16.74
-19.00
-21.06
-16.98
-31.73
-20.69
-16.97
-13.42
-19.70
-17.29
-13.92
-20.00
-17.25
-14.67
-20.20
-17.26
-15.55
-20.31
-17.32
-16.48
-20.40
-17.39
-17.42
-20.51
-17.48
-18.34
-20.67
-17.58
-19.17
-20.89
-17.60
-31.94
-20.65
-17.67
-13.37
-19.58
-17.95
-13.87
-19.78
-17.99
-14.64
-19.93
-18.03
-15.53
-20.02
-18.07
-16.46
-20.10
-18.14
-17.41
-20.20
-18.26
-18.42
-20.31
-18.52
-19.54
-20.68
-18.43
-20.47
-20.86
-18.71
-21.17
-21.04
-18.85
-32.15
-20.57
-18.51
-18.82
-20.05
-19.32
-19.64
-20.31
-19.29
-20.53
-20.51
-19.39
-21.49
-20.76
-19.46
-22.41
-20.83
-19.79
-23.11
-20.97
-19.95
-32.42
-20.48
-19.41
-19.02
-19.80
-19.89
-19.70
-19.95
-19.95
-20.55
-20.10
-20.06
-21.47
-20.24
-20.19
-22.46
-20.32
-20.46
-23.47
-20.67
-20.47
-24.38
-20.83
-20.75
-25.10
-21.01
-20.97
-32.72
-20.50
-20.21
-33.05
-20.31
-20.84
-22.83
-19.98
-20.97
-23.55
-20.11
-21.11
-24.44
-20.31
-21.33
-25.45
-20.56
-21.64
-26.48
-20.86
-21.89
-27.32
-21.11
-22.06
-27.94
-21.25
-22.23
-33.37
-20.35
-21.56
-25.84
-20.07
-22.48
-26.60
-20.41
-22.60
-27.37
-20.72
-22.70
-28.08
-21.01
-22.76
-33.29
-21.11
-22.54
-33.63
-20.61
-22.36
-34.22
-20.28
-22.75
-26.10
-19.80
-23.05
-26.70
-19.99
-23.32
-27.50
-20.36
-23.42
-28.26
-20.73
-23.45
-33.38
-21.19
-22.91
-33.80
-20.93
-23.06
-34.56
-20.52
-23.33
-35.40
-20.34
-23.81
-36.09
-20.34
-24.23
-36.41
-20.48
-24.49
-27.00
-19.75
-23.89
-27.69
-19.95
-24.17
-28.58
-20.44
-24.20
-29.27
-20.58
-24.49
-36.39
-20.13
-24.50
-36.57
-20.28
-24.83
-28.09
-19.75
-24.69
-28.72
-19.97
-24.82
-29.60
-20.25
-24.99
-30.55
-20.31
-25.29
-31.47
-20.45
-25.46
-32.36
-20.57
-25.64
-33.16
-20.58
-25.88
-36.66
-20.12
-25.48
-33.80
-20.43
-26.22
-34.56
-20.41
-26.42
-35.39
-20.33
-26.59
-36.10
-20.29
-26.45
-36.57
-20.04
-26.21
-35.69
-19.99
-27.04
-36.17
-19.91
-26.97
-36.54
-19.75
-26.82
-15.64
-19.46
-10.87
-16.53
-19.41
-10.77
-17.48
-19.38
-10.78
-18.46
-19.39
-10.88
-19.48
-19.42
-11.02
-20.44
-19.23
-11.15
-21.24
-19.21
-11.28
-21.77
-19.18
-11.41
-13.55
-19.65
-12.48
-13.91
-19.35
-12.12
-14.52
-19.49
-11.53
-15.05
-19.51
-11.13
-19.89
-19.88
-11.20
-20.57
-19.81
-11.30
-21.38
-19.71
-11.44
-22.20
-19.48
-11.66
-23.12
-19.56
-12.00
-23.78
-19.58
-12.28
-13.38
-19.64
-12.95
-13.67
-19.13
-12.79
-24.32
-19.61
-12.66
-24.97
-19.70
-13.05
-12.85
-19.87
-13.91
-13.17
-19.69
-13.70
-13.65
-19.10
-13.62
-14.02
-18.76
-13.93
-25.60
-19.74
-13.52
-26.37
-19.78
-13.98
-26.99
-20.01
-14.23
-12.84
-19.87
-14.16
-13.15
-19.70
-14.44
-13.58
-19.23
-14.48
-14.05
-18.86
-14.52
-26.69
-19.44
-14.41
-27.28
-19.66
-14.65
-13.32
-19.57
-15.43
-13.66
-19.15
-15.39
-14.06
-18.90
-15.12
-27.86
-19.53
-15.16
-28.59
-19.63
-15.53
-29.45
-19.74
-15.95
-30.34
-19.98
-16.22
-31.04
-20.17
-16.41
-31.44
-20.31
-16.55
-13.32
-19.35
-16.46
-13.56
-19.09
-16.11
-29.75
-19.35
-16.46
-30.41
-19.46
-16.78
-31.13
-19.82
-16.89
-31.57
-20.20
-16.96
-13.19
-19.23
-17.49
-30.71
-19.20
-17.49
-31.29
-19.56
-17.57
-31.74
-20.05
-17.64
-12.49
-18.87
-19.05
-13.01
-19.13
-18.54
-13.74
-19.44
-18.69
-14.59
-19.60
-18.72
-15.50
-19.68
-18.77
-16.43
-19.75
-18.85
-17.31
-19.87
-18.92
-17.98
-19.98
-19.00
-30.91
-19.01
-18.05
-31.44
-19.25
-18.34
-31.96
-19.84
-18.48
-12.34
-18.75
-19.49
-12.89
-18.98
-19.35
-13.66
-19.11
-19.46
-14.57
-19.25
-19.39
-15.48
-19.31
-19.42
-16.45
-19.34
-19.58
-17.38
-19.54
-19.56
-18.19
-19.74
-19.56
-31.77
-19.09
-19.01
-32.34
-19.51
-19.45
-32.76
-19.19
-20.07
-12.29
-18.67
-19.86
-12.75
-18.78
-19.87
-13.30
-18.85
-19.90
-16.82
-19.09
-20.08
-17.54
-19.20
-20.17
-18.57
-19.37
-20.33
-19.60
-19.53
-20.52
-20.51
-19.66
-20.64
-21.39
-19.78
-20.74
-22.10
-19.87
-20.85
-32.75
-19.83
-20.09
-33.12
-19.47
-20.64
-18.90
-18.99
-20.95
-19.65
-19.09
-21.07
-20.53
-19.21
-21.18
-21.46
-19.33
-21.26
-22.44
-19.52
-21.33
-23.45
-19.49
-21.70
-24.33
-19.75
-21.84
-25.00
-19.93
-22.03
-33.73
-19.48
-21.55
-34.37
-19.13
-22.11
-34.76
-18.95
-22.41
-23.77
-19.10
-22.19
-24.41
-19.27
-22.35
-25.19
-19.50
-22.63
-33.95
-19.93
-22.15
-34.49
-19.68
-22.58
-35.02
-19.13
-22.84
-25.79
-19.28
-23.34
-26.37
-19.52
-23.61
-34.86
-19.92
-23.15
-35.53
-19.54
-23.60
-36.03
-19.87
-24.09
-26.10
-18.99
-23.86
-26.67
-19.23
-24.12
-27.34
-19.33
-24.55
-36.07
-19.25
-24.23
-36.35
-19.66
-24.53
-36.61
-19.80
-24.94
-27.91
-19.26
-24.99
-28.66
-19.36
-25.32
-29.54
-19.54
-25.56
-30.51
-19.61
-25.86
-31.47
-19.85
-25.97
-32.33
-19.99
-26.13
-33.00
-20.13
-26.24
-36.30
-19.05
-24.60
-36.50
-19.14
-24.90
-36.73
-19.38
-25.49
-30.86
-19.23
-26.32
-31.56
-19.33
-26.46
-32.48
-19.41
-26.72
-33.48
-19.81
-26.73
-34.43
-19.93
-26.94
-35.09
-19.99
-27.02
-36.80
-19.28
-26.38
-32.87
-19.02
-27.29
-33.67
-19.12
-27.54
-34.56
-19.44
-27.55
-35.41
-19.61
-27.48
-36.14
-19.46
-27.45
-36.66
-19.16
-27.19
-34.08
-18.79
-28.19
-34.70
-19.01
-28.19
-35.45
-19.02
-28.23
-36.14
-18.99
-28.03
-36.57
-18.82
-27.83
-34.28
-18.58
-28.60
-34.71
-18.66
-28.66
-35.21
-18.69
-28.67
-14.31
-18.04
-11.23
-14.76
-18.24
-10.98
-15.48
-18.58
-10.79
-16.48
-18.54
-10.65
-17.46
-18.52
-10.67
-18.44
-18.52
-10.79
-19.42
-18.52
-10.96
-20.42
-18.46
-11.20
-21.26
-18.71
-11.34
-21.79
-18.85
-11.47
-14.10
-18.42
-11.74
-14.57
-18.79
-11.30
-15.02
-18.96
-11.05
-20.86
-18.13
-11.49
-21.48
-18.35
-11.63
-22.26
-18.69
-11.85
-23.16
-18.96
-12.14
-23.74
-19.11
-12.39
-13.96
-18.35
-12.59
-14.24
-18.03
-13.00
-22.71
-18.39
-12.33
-23.35
-18.57
-12.55
-24.15
-18.87
-12.91
-24.86
-19.17
-13.20
-13.98
-18.58
-13.28
-14.44
-18.24
-13.67
-15.07
-17.95
-14.01
-24.61
-18.56
-13.69
-25.36
-19.03
-13.78
-26.05
-19.22
-14.12
-14.61
-18.46
-14.57
-15.45
-18.03
-14.63
-16.20
-17.88
-14.91
-24.85
-18.29
-14.42
-25.56
-18.60
-14.51
-26.37
-18.95
-14.69
-27.05
-19.15
-14.96
-13.99
-18.84
-15.76
-14.55
-18.59
-15.44
-15.51
-18.23
-15.44
-16.54
-18.00
-15.48
-17.53
-17.93
-15.69
-18.47
-17.88
-15.80
-19.37
-17.85
-15.87
-20.11
-17.84
-15.92
-24.99
-18.12
-15.03
-25.60
-18.26
-15.22
-26.46
-18.45
-15.57
-27.48
-18.91
-15.60
-28.40
-19.08
-15.96
-29.07
-19.22
-16.19
-13.42
-18.91
-16.86
-13.86
-18.72
-16.45
-14.64
-18.41
-16.25
-15.55
-18.19
-16.16
-16.52
-18.06
-16.16
-17.50
-17.99
-16.24
-18.47
-17.94
-16.33
-19.43
-17.90
-16.43
-20.47
-17.88
-16.48
-21.45
-17.89
-16.69
-22.26
-17.88
-16.83
-22.86
-17.84
-16.95
-26.81
-18.15
-16.38
-27.60
-18.43
-16.41
-28.45
-18.65
-16.59
-29.33
-18.92
-16.75
-29.98
-19.04
-17.02
-13.25
-18.61
-17.66
-13.89
-18.27
-17.22
-14.72
-18.05
-16.90
-15.60
-17.96
-16.71
-16.53
-17.90
-16.65
-17.48
-17.86
-16.68
-18.42
-17.81
-16.78
-19.38
-17.76
-16.98
-20.47
-17.75
-17.29
-21.45
-17.84
-17.36
-22.24
-17.86
-17.43
-22.89
-17.79
-17.47
-27.00
-17.90
-16.97
-27.64
-18.05
-17.08
-28.44
-18.23
-17.29
-29.34
-18.42
-17.60
-30.16
-18.80
-17.60
-12.31
-18.60
-19.12
-12.72
-18.51
-18.66
-20.93
-17.65
-17.84
-21.56
-17.69
-17.97
-22.28
-17.72
-18.00
-22.84
-17.70
-17.95
-29.78
-18.20
-18.35
-30.54
-18.60
-18.33
-31.16
-18.78
-18.64
-10.87
-18.09
-20.12
-11.22
-18.15
-20.03
-11.94
-18.36
-19.66
-12.34
-18.21
-19.28
-13.93
-18.89
-19.91
-14.60
-18.92
-19.93
-15.42
-18.96
-19.96
-16.11
-19.01
-20.01
-30.03
-17.97
-18.87
-30.65
-18.19
-18.99
-31.45
-18.51
-19.22
-32.19
-18.64
-19.70
-32.72
-18.60
-20.17
-10.89
-18.08
-20.19
-11.28
-18.13
-20.23
-11.98
-18.36
-20.13
-12.72
-18.47
-20.26
-13.60
-18.57
-20.28
-14.55
-18.53
-20.44
-15.48
-18.59
-20.50
-16.46
-18.74
-20.48
-17.40
-18.79
-20.69
-18.16
-18.88
-20.82
-33.17
-18.55
-20.71
-11.49
-18.07
-20.44
-11.98
-18.09
-20.47
-12.73
-18.05
-20.61
-13.62
-18.02
-20.78
-14.56
-18.01
-20.97
-15.51
-18.11
-21.07
-16.47
-18.23
-21.14
-17.44
-18.34
-21.26
-18.51
-18.47
-21.42
-19.57
-18.59
-21.58
-20.52
-18.70
-21.69
-21.46
-18.81
-21.78
-22.36
-18.92
-21.88
-23.08
-18.98
-22.03
-33.77
-18.49
-21.38
-34.43
-18.36
-21.99
-34.83
-18.55
-22.38
-18.87
-18.04
-21.96
-19.63
-18.08
-22.11
-20.54
-18.18
-22.20
-21.47
-18.29
-22.28
-22.41
-18.41
-22.38
-23.41
-18.55
-22.54
-24.29
-18.75
-22.76
-24.91
-18.92
-22.96
-34.83
-18.03
-22.36
-35.24
-18.31
-22.85
-35.63
-17.99
-23.23
-23.75
-18.13
-23.03
-24.40
-18.26
-23.22
-25.20
-18.53
-23.51
-35.70
-18.67
-23.57
-35.89
-18.04
-23.68
-25.87
-18.43
-24.10
-26.57
-18.48
-24.61
-27.16
-18.78
-24.84
-36.08
-18.71
-24.18
-36.21
-18.13
-24.30
-26.97
-18.21
-25.11
-27.59
-18.52
-25.34
-28.53
-18.62
-25.84
-29.44
-18.91
-26.06
-30.15
-19.09
-26.19
-36.30
-18.73
-24.59
-36.52
-18.38
-24.93
-36.84
-18.42
-25.71
-28.85
-18.26
-26.39
-29.55
-18.39
-26.67
-30.52
-18.77
-26.68
-31.42
-18.86
-26.91
-32.12
-18.93
-27.07
-36.99
-18.39
-26.53
-29.87
-18.03
-27.32
-30.63
-18.28
-27.35
-31.49
-18.42
-27.47
-32.45
-18.53
-27.64
-33.33
-18.50
-27.96
-33.51
-18.30
-28.11
-36.94
-18.32
-27.35
-30.04
-17.75
-27.79
-30.67
-17.86
-27.93
-31.45
-18.01
-28.00
-32.12
-18.13
-28.04
-33.69
-18.35
-28.36
-33.60
-18.25
-28.25
-35.73
-18.63
-28.61
-36.22
-18.49
-28.46
-36.72
-18.20
-28.14
-34.06
-18.19
-28.84
-34.69
-18.21
-29.02
-35.44
-18.25
-28.98
-36.14
-18.00
-28.91
-36.58
-17.85
-28.68
-14.20
-17.46
-11.02
-14.76
-17.55
-10.69
-15.53
-17.67
-10.53
-16.44
-17.67
-10.50
-17.38
-17.63
-10.61
-18.36
-17.66
-10.81
-19.26
-17.73
-11.04
-20.03
-17.75
-11.32
-13.93
-17.55
-11.58
-20.61
-17.64
-11.82
-21.45
-17.94
-12.03
-22.07
-18.18
-12.16
-13.98
-17.51
-12.21
-14.39
-17.47
-12.75
-20.72
-17.38
-12.61
-21.55
-17.69
-12.70
-22.42
-18.01
-12.73
-23.24
-18.18
-13.01
-23.83
-18.37
-13.18
-14.79
-17.58
-13.30
-15.35
-17.53
-13.72
-20.67
-17.32
-13.45
-21.55
-17.56
-13.53
-22.44
-17.77
-13.60
-23.28
-17.95
-13.70
-24.00
-18.18
-13.75
-15.88
-17.58
-14.21
-16.65
-17.55
-14.57
-17.58
-17.40
-14.61
-18.48
-17.35
-14.62
-19.40
-17.35
-14.57
-20.40
-17.40
-14.35
-21.49
-17.57
-14.43
-22.45
-17.70
-14.48
-23.35
-17.83
-14.54
-24.19
-18.02
-14.54
-16.93
-17.77
-15.09
-17.64
-17.70
-15.17
-18.51
-17.66
-15.23
-19.45
-17.65
-15.28
-20.47
-17.69
-15.38
-21.51
-17.71
-15.32
-22.46
-17.74
-15.38
-23.43
-17.79
-15.48
-24.50
-17.89
-15.47
-25.38
-17.97
-15.81
-26.01
-18.07
-15.99
-15.30
-17.30
-17.34
-15.82
-17.30
-17.23
-16.58
-17.30
-17.18
-17.41
-17.30
-17.19
-18.18
-17.29
-17.24
-18.70
-17.27
-17.35
-20.85
-17.82
-15.99
-21.57
-17.83
-16.06
-22.42
-17.81
-16.21
-23.35
-17.76
-16.54
-24.46
-17.69
-16.55
-25.39
-17.72
-16.59
-26.19
-17.85
-16.60
-13.33
-18.07
-18.08
-13.94
-17.70
-17.89
-14.88
-17.53
-17.40
-15.69
-17.61
-17.07
-16.55
-17.61
-16.96
-17.45
-17.60
-16.98
-18.32
-17.55
-17.09
-19.13
-17.43
-17.39
-20.06
-17.45
-17.74
-23.54
-17.63
-17.49
-24.56
-17.43
-17.59
-25.52
-17.45
-17.41
-26.55
-17.54
-17.46
-27.51
-17.68
-17.68
-28.32
-17.83
-17.90
-28.96
-18.01
-18.02
-12.98
-17.93
-18.72
-13.53
-17.44
-18.69
-20.70
-17.39
-18.21
-21.51
-17.36
-18.60
-22.42
-17.46
-18.57
-23.28
-17.45
-18.34
-24.21
-17.22
-18.45
-26.86
-17.26
-18.12
-27.52
-17.32
-18.31
-28.36
-17.42
-18.60
-29.19
-17.79
-18.55
-10.86
-18.04
-20.13
-11.19
-18.04
-20.09
-11.81
-17.98
-19.89
-12.56
-17.75
-19.52
-13.25
-17.20
-19.46
-21.81
-17.05
-19.28
-22.55
-17.14
-19.23
-23.32
-17.12
-19.15
-24.07
-16.97
-19.17
-28.80
-17.14
-19.27
-29.65
-17.51
-19.22
-30.57
-17.66
-19.50
-31.41
-17.83
-19.73
-32.14
-17.96
-20.02
-32.64
-18.06
-20.29
-10.88
-18.03
-20.20
-11.25
-17.99
-20.27
-11.85
-17.81
-20.26
-12.65
-17.43
-20.24
-13.13
-17.07
-20.06
-21.99
-16.80
-19.75
-22.60
-16.82
-19.79
-23.34
-16.79
-19.76
-23.95
-16.74
-19.69
-29.01
-16.83
-19.74
-29.69
-16.96
-19.83
-30.55
-17.08
-20.00
-31.40
-17.20
-20.17
-32.20
-17.36
-20.41
-32.94
-17.65
-20.74
-11.48
-17.97
-20.46
-11.96
-17.86
-20.52
-12.81
-17.56
-20.71
-13.70
-17.40
-21.10
-14.63
-17.35
-21.50
-15.57
-17.58
-21.61
-16.49
-17.72
-21.70
-17.38
-17.85
-21.78
-18.12
-17.96
-21.85
-33.66
-17.58
-21.37
-34.27
-17.55
-21.88
-15.03
-16.94
-21.97
-15.69
-17.09
-22.10
-16.54
-17.23
-22.21
-17.46
-17.37
-22.29
-18.48
-17.56
-22.34
-19.54
-17.49
-22.66
-20.54
-17.66
-22.70
-21.47
-17.77
-22.76
-22.36
-17.89
-22.83
-23.07
-18.01
-22.89
-34.76
-17.38
-22.34
-35.34
-17.38
-22.88
-35.66
-17.58
-23.23
-19.90
-17.11
-23.11
-20.62
-17.18
-23.18
-21.52
-17.27
-23.24
-22.44
-17.40
-23.30
-23.40
-17.62
-23.35
-24.28
-17.67
-23.64
-25.00
-17.78
-23.94
-35.68
-17.07
-23.24
-35.94
-17.31
-23.64
-25.60
-17.73
-24.41
-26.22
-17.75
-24.87
-36.32
-17.34
-24.36
-26.74
-17.64
-25.38
-27.44
-17.72
-25.90
-28.15
-18.03
-26.13
-36.65
-17.43
-25.07
-36.95
-17.46
-25.83
-27.76
-17.31
-26.62
-28.49
-17.78
-26.68
-29.10
-17.95
-26.92
-37.13
-17.45
-26.63
-27.98
-16.95
-27.28
-28.62
-17.35
-27.34
-29.29
-17.67
-27.43
-32.73
-18.18
-28.09
-33.24
-18.21
-28.17
-33.46
-18.19
-28.18
-37.17
-17.42
-27.45
-28.22
-16.73
-27.76
-28.77
-16.94
-27.94
-29.63
-17.29
-28.09
-30.58
-17.32
-28.51
-31.52
-17.59
-28.53
-32.45
-17.84
-28.46
-33.31
-18.01
-28.51
-33.50
-18.13
-28.30
-37.03
-17.36
-28.22
-30.91
-16.96
-29.01
-31.63
-17.12
-29.07
-32.53
-17.32
-29.12
-33.59
-17.51
-29.24
-34.56
-17.59
-29.43
-35.38
-17.54
-29.44
-36.16
-17.25
-29.34
-36.74
-17.25
-28.86
-33.89
-16.98
-29.75
-34.56
-16.98
-29.83
-35.30
-16.94
-29.83
-35.86
-16.86
-29.74
-14.27
-15.88
-9.63
-14.56
-15.92
-9.55
-14.89
-15.92
-9.57
-13.67
-16.08
-10.33
-14.08
-16.12
-10.05
-14.62
-16.27
-9.90
-15.26
-16.22
-9.91
-16.12
-16.35
-10.17
-16.70
-16.39
-10.35
-13.50
-16.25
-10.76
-13.97
-16.69
-10.69
-14.67
-16.85
-10.34
-15.45
-16.90
-10.24
-16.32
-16.90
-10.34
-17.18
-16.77
-10.59
-18.26
-16.85
-11.00
-19.12
-17.11
-11.26
-19.71
-17.29
-11.43
-12.84
-16.15
-11.59
-13.19
-16.29
-11.37
-13.65
-16.80
-11.39
-18.55
-16.56
-11.40
-19.11
-16.71
-11.73
-19.88
-17.12
-11.85
-12.83
-16.16
-11.70
-13.15
-16.30
-11.69
-13.79
-16.70
-11.91
-14.66
-16.79
-12.47
-15.60
-16.56
-12.66
-16.53
-16.42
-12.73
-17.43
-16.38
-12.74
-18.29
-16.44
-12.68
-19.08
-16.62
-12.47
-19.94
-17.00
-12.54
-15.04
-17.11
-13.06
-15.73
-17.01
-13.35
-16.61
-16.78
-13.38
-17.50
-16.69
-13.39
-18.37
-16.70
-13.36
-19.19
-16.82
-13.28
-19.95
-17.04
-13.29
-16.09
-17.22
-13.86
-16.72
-17.13
-13.97
-17.55
-17.03
-14.02
-18.42
-17.01
-14.01
-19.24
-17.05
-13.95
-19.88
-17.14
-13.88
-15.33
-17.11
-17.52
-15.83
-17.04
-17.49
-16.59
-17.01
-17.47
-17.41
-17.01
-17.48
-18.17
-17.05
-17.50
-18.69
-17.11
-17.53
-14.29
-17.22
-18.14
-14.97
-17.06
-17.88
-15.73
-16.82
-17.93
-16.57
-16.75
-17.94
-17.45
-16.76
-17.94
-18.30
-16.85
-17.94
-19.08
-17.06
-17.88
-19.82
-17.17
-18.07
-25.02
-17.18
-18.08
-25.60
-17.16
-18.03
-26.22
-17.20
-18.02
-14.11
-16.98
-18.74
-14.84
-16.71
-18.61
-15.65
-16.54
-18.58
-16.55
-16.47
-18.61
-17.49
-16.51
-18.60
-18.41
-16.61
-18.60
-19.31
-16.78
-18.60
-20.25
-17.01
-18.64
-20.99
-17.08
-18.90
-24.91
-17.00
-18.63
-25.66
-16.91
-18.65
-26.52
-16.96
-18.59
-27.35
-16.98
-18.82
-27.97
-17.06
-18.96
-13.97
-16.64
-19.60
-14.77
-16.37
-19.35
-15.60
-16.22
-19.31
-16.54
-16.15
-19.43
-17.53
-16.25
-19.34
-18.48
-16.35
-19.33
-19.41
-16.48
-19.35
-20.34
-16.65
-19.39
-21.18
-16.82
-19.44
-24.76
-16.74
-19.32
-25.61
-16.58
-19.36
-26.50
-16.55
-19.35
-27.38
-16.61
-19.42
-28.17
-16.79
-19.44
-13.12
-17.03
-20.54
-13.63
-16.65
-20.44
-16.90
-15.92
-19.98
-17.63
-15.98
-20.02
-18.53
-16.06
-20.05
-19.48
-16.16
-20.08
-20.47
-16.29
-20.11
-21.54
-16.47
-20.10
-22.52
-16.43
-20.28
-23.44
-16.39
-20.27
-24.43
-16.38
-20.05
-25.52
-16.16
-20.08
-26.51
-16.11
-20.04
-27.48
-16.17
-20.05
-28.55
-16.36
-20.07
-29.57
-16.40
-20.30
-30.50
-16.48
-20.45
-31.38
-16.57
-20.59
-32.19
-16.68
-20.77
-32.89
-16.77
-21.07
-13.22
-17.07
-20.87
-13.88
-16.67
-21.24
-14.42
-16.79
-21.69
-33.57
-16.66
-21.60
-34.14
-16.91
-21.91
-14.33
-16.30
-21.81
-14.88
-16.36
-22.23
-15.71
-16.57
-22.54
-16.56
-16.71
-22.71
-17.47
-16.83
-22.82
-18.39
-16.94
-22.93
-19.15
-17.03
-23.02
-33.97
-16.28
-22.04
-34.54
-16.55
-22.34
-35.22
-16.53
-22.86
-15.26
-15.93
-22.87
-15.81
-16.07
-23.06
-16.59
-16.21
-23.22
-17.48
-16.30
-23.35
-18.47
-16.35
-23.53
-19.54
-16.65
-23.48
-20.55
-16.69
-23.64
-21.51
-16.76
-23.74
-22.46
-16.86
-23.83
-23.39
-16.98
-23.93
-24.24
-17.10
-24.12
-24.85
-17.27
-24.26
-35.67
-16.50
-23.27
-36.00
-16.47
-23.75
-18.85
-15.99
-23.99
-19.62
-16.08
-24.08
-20.55
-16.17
-24.18
-21.50
-16.26
-24.28
-22.46
-16.34
-24.38
-23.40
-16.45
-24.50
-24.35
-16.57
-24.75
-25.25
-17.03
-24.79
-25.94
-17.22
-25.10
-36.37
-16.46
-24.42
-24.73
-16.28
-25.29
-25.44
-16.47
-25.55
-26.31
-16.95
-25.70
-26.97
-17.14
-26.07
-36.72
-16.48
-25.14
-37.02
-16.49
-25.89
-25.75
-16.17
-26.16
-26.40
-16.36
-26.47
-27.13
-16.79
-26.63
-37.25
-16.48
-26.68
-26.72
-16.06
-27.09
-27.37
-16.36
-27.36
-37.36
-16.45
-27.52
-27.95
-16.22
-28.00
-28.69
-16.31
-28.47
-29.52
-16.66
-28.68
-30.21
-16.81
-28.88
-37.27
-16.47
-28.33
-28.98
-15.94
-28.96
-29.64
-16.12
-29.17
-30.57
-16.37
-29.38
-31.56
-16.59
-29.53
-32.44
-16.76
-29.62
-33.18
-16.90
-29.67
-36.52
-16.47
-29.53
-36.99
-16.43
-29.04
-30.94
-15.94
-29.84
-31.64
-16.04
-29.97
-32.53
-16.19
-30.05
-33.51
-16.42
-30.06
-34.47
-16.34
-30.17
-35.32
-16.30
-30.12
-36.03
-16.30
-29.92
-14.28
-15.67
-9.52
-14.54
-15.65
-9.40
-14.84
-15.68
-9.49
-13.69
-15.91
-10.30
-14.10
-15.75
-9.95
-14.59
-15.64
-9.95
-15.18
-15.77
-9.92
-16.09
-16.02
-10.28
-16.67
-16.16
-10.45
-13.51
-15.99
-10.74
-13.96
-15.82
-10.62
-14.62
-15.74
-10.60
-15.39
-15.79
-10.63
-16.27
-15.95
-10.76
-17.09
-16.23
-10.84
-17.88
-16.40
-11.10
-12.85
-16.08
-11.58
-13.23
-16.06
-11.34
-13.84
-15.97
-11.24
-14.61
-15.91
-11.27
-15.48
-15.90
-11.33
-16.39
-15.96
-11.40
-17.28
-16.10
-11.46
-18.16
-16.28
-11.56
-18.70
-16.39
-11.79
-12.84
-16.10
-11.69
-13.16
-16.14
-11.64
-13.79
-16.22
-11.70
-14.62
-16.23
-11.88
-15.53
-16.15
-12.00
-16.46
-16.12
-12.07
-17.36
-16.16
-12.10
-18.16
-16.26
-12.11
-18.69
-16.36
-12.12
-14.30
-16.15
-20.07
-14.82
-15.98
-19.97
-15.53
-15.88
-19.95
-16.19
-15.88
-19.95
-14.25
-15.94
-20.70
-14.83
-15.67
-20.58
-15.61
-15.51
-20.64
-16.56
-15.63
-20.49
-17.56
-15.64
-20.68
-18.54
-15.72
-20.74
-19.51
-15.80
-20.78
-20.50
-15.89
-20.81
-21.51
-15.97
-20.83
-22.50
-15.97
-20.89
-23.46
-15.92
-20.88
-24.45
-15.82
-20.82
-25.54
-15.59
-20.86
-26.55
-15.61
-20.67
-27.50
-15.63
-20.65
-28.52
-15.64
-20.78
-29.55
-15.80
-20.82
-30.49
-15.90
-20.90
-31.38
-15.99
-21.00
-32.16
-16.09
-21.13
-32.74
-16.21
-21.28
-14.26
-15.88
-21.40
-14.58
-15.55
-21.81
-15.93
-15.23
-21.15
-16.62
-15.23
-21.22
-17.55
-15.19
-21.44
-18.56
-15.32
-21.42
-19.53
-15.41
-21.44
-20.51
-15.48
-21.46
-21.50
-15.52
-21.48
-22.48
-15.52
-21.50
-23.43
-15.47
-21.49
-24.34
-15.37
-21.46
-25.17
-15.18
-21.50
-28.88
-15.25
-21.23
-29.61
-15.31
-21.32
-30.51
-15.39
-21.40
-31.40
-15.48
-21.47
-32.25
-15.61
-21.58
-33.07
-15.87
-21.74
-14.40
-15.91
-21.87
-14.78
-15.62
-22.35
-17.90
-14.88
-21.96
-18.64
-14.91
-22.03
-19.56
-14.99
-22.05
-20.52
-15.05
-22.07
-21.50
-15.09
-22.09
-22.47
-15.09
-22.09
-23.42
-15.05
-22.06
-24.29
-14.97
-22.02
-24.98
-14.88
-21.98
-33.75
-15.69
-22.25
-34.50
-15.71
-22.64
-35.25
-15.71
-23.07
-35.61
-15.43
-23.39
-15.22
-15.32
-23.26
-15.83
-15.56
-23.56
-16.59
-15.71
-23.71
-17.41
-15.81
-23.82
-18.12
-15.90
-23.90
-35.64
-15.93
-23.33
-35.90
-15.61
-23.73
-15.29
-14.92
-23.98
-15.82
-15.08
-24.13
-16.59
-15.22
-24.24
-17.48
-15.35
-24.33
-18.47
-15.53
-24.38
-19.53
-15.50
-24.69
-20.54
-15.67
-24.74
-21.49
-15.77
-24.84
-22.44
-15.86
-24.97
-23.34
-16.00
-25.04
-24.03
-16.13
-25.12
-36.34
-15.56
-24.45
-19.88
-15.16
-25.18
-20.60
-15.24
-25.28
-21.47
-15.32
-25.42
-22.43
-15.36
-25.66
-23.44
-15.61
-25.65
-24.36
-15.88
-25.65
-25.07
-16.01
-25.88
-36.72
-15.54
-25.17
-37.05
-15.52
-25.91
-22.81
-15.01
-26.27
-23.60
-15.22
-26.26
-24.47
-15.44
-26.33
-25.36
-15.71
-26.46
-26.06
-15.84
-26.79
-37.34
-15.48
-26.70
-23.00
-14.69
-26.67
-23.66
-14.78
-26.77
-24.51
-14.91
-26.91
-25.42
-15.11
-27.12
-26.38
-15.44
-27.43
-27.10
-15.75
-27.73
-37.56
-15.38
-27.62
-37.76
-14.88
-28.06
-26.82
-15.09
-28.01
-27.57
-15.39
-28.35
-28.30
-15.70
-28.69
-37.51
-15.57
-28.46
-37.75
-14.92
-28.56
-28.03
-15.06
-28.91
-28.68
-15.33
-29.18
-29.53
-15.43
-29.60
-30.23
-15.74
-29.71
-36.74
-15.82
-29.69
-37.26
-15.45
-29.32
-37.64
-14.91
-29.09
-29.93
-15.11
-30.01
-30.63
-15.37
-30.11
-31.57
-15.40
-30.38
-32.53
-15.52
-30.49
-33.50
-15.63
-30.53
-34.47
-15.62
-30.55
-35.40
-15.57
-30.44
-36.32
-15.50
-30.15
-36.96
-15.15
-29.91
-14.34
-15.51
-9.39
-14.53
-15.49
-9.35
-14.74
-15.51
-9.38
-14.30
-15.53
-9.55
-14.55
-15.49
-9.53
-14.83
-15.53
-9.54
-14.45
-15.56
-21.03
-14.82
-15.39
-21.08
-15.32
-15.27
-21.10
-26.00
-15.20
-21.23
-26.66
-15.17
-21.17
-27.45
-15.17
-21.15
-28.16
-15.20
-21.18
-14.47
-15.51
-21.36
-14.87
-15.26
-21.67
-15.63
-15.03
-21.63
-16.48
-14.88
-21.82
-17.18
-14.86
-21.89
-25.81
-14.90
-21.70
-26.63
-14.78
-21.70
-27.52
-14.77
-21.68
-28.50
-14.87
-21.65
-29.52
-14.85
-21.88
-30.50
-14.94
-21.97
-31.42
-15.03
-22.03
-32.27
-15.16
-22.08
-32.93
-15.31
-22.14
-15.09
-15.01
-22.49
-15.71
-14.68
-22.47
-16.55
-14.44
-22.56
-17.53
-14.52
-22.41
-18.56
-14.40
-22.64
-19.57
-14.52
-22.63
-20.53
-14.59
-22.64
-21.51
-14.63
-22.65
-22.48
-14.64
-22.64
-23.44
-14.62
-22.61
-24.39
-14.56
-22.54
-25.45
-14.48
-22.40
-26.54
-14.38
-22.32
-27.50
-14.35
-22.31
-28.45
-14.38
-22.39
-29.46
-14.37
-22.66
-30.52
-14.54
-22.65
-31.48
-14.66
-22.66
-32.41
-14.78
-22.68
-33.38
-15.01
-22.68
-34.36
-14.98
-23.03
-35.11
-15.01
-23.28
-35.53
-15.03
-23.48
-15.20
-14.60
-23.49
-15.69
-14.31
-23.20
-16.24
-14.16
-23.09
-18.90
-14.02
-23.09
-19.64
-14.03
-23.14
-20.56
-14.10
-23.16
-21.52
-14.14
-23.17
-22.49
-14.16
-23.16
-23.45
-14.15
-23.13
-24.36
-14.12
-23.07
-25.10
-14.10
-22.97
-29.83
-14.06
-23.36
-30.64
-14.21
-23.32
-31.53
-14.31
-23.34
-32.45
-14.37
-23.36
-33.38
-14.40
-23.41
-34.33
-14.27
-23.64
-35.16
-14.43
-23.71
-35.75
-14.74
-23.90
-13.88
-13.92
-25.09
-14.24
-13.99
-24.97
-14.98
-14.32
-24.51
-15.71
-14.57
-24.70
-16.56
-14.72
-24.79
-17.46
-14.84
-24.88
-18.38
-14.95
-24.99
-19.14
-15.06
-25.09
-30.04
-13.82
-23.86
-30.70
-13.89
-23.92
-31.55
-13.96
-23.97
-32.44
-13.98
-23.99
-33.28
-13.97
-24.00
-33.94
-13.90
-24.03
-36.22
-14.67
-24.54
-13.88
-13.88
-25.19
-14.24
-13.88
-25.25
-14.86
-14.04
-25.18
-15.64
-14.11
-25.30
-16.55
-14.25
-25.31
-17.45
-14.32
-25.41
-18.45
-14.37
-25.64
-19.53
-14.73
-25.59
-20.50
-14.82
-25.78
-21.34
-14.92
-25.90
-21.99
-15.00
-26.00
-36.64
-14.63
-25.23
-37.01
-14.59
-25.92
-14.42
-13.76
-25.50
-14.82
-13.81
-25.53
-15.33
-13.83
-25.57
-18.89
-13.94
-26.24
-19.67
-14.22
-26.24
-20.53
-14.38
-26.33
-21.39
-14.52
-26.40
-22.18
-14.70
-26.41
-37.34
-14.52
-26.65
-19.19
-13.68
-26.63
-19.78
-13.78
-26.72
-20.59
-13.89
-26.81
-21.51
-14.02
-26.88
-22.54
-14.23
-26.91
-23.53
-14.21
-27.15
-24.46
-14.26
-27.35
-25.42
-14.35
-27.64
-26.11
-14.73
-27.77
-37.62
-14.43
-27.40
-37.83
-14.29
-28.02
-25.92
-14.08
-28.04
-26.51
-14.39
-28.22
-27.26
-14.48
-28.68
-37.88
-14.25
-28.65
-27.88
-14.42
-29.17
-28.61
-14.47
-29.65
-29.26
-14.80
-29.85
-37.44
-14.75
-29.64
-37.75
-14.28
-29.36
-29.03
-14.13
-30.14
-29.67
-14.49
-30.28
-30.55
-14.63
-30.58
-31.50
-14.64
-30.90
-32.54
-14.86
-30.96
-33.51
-14.94
-30.99
-34.47
-14.92
-30.99
-35.42
-14.83
-30.87
-36.35
-14.59
-30.68
-37.16
-14.46
-30.19
-37.60
-14.03
-29.95
-31.85
-14.14
-31.42
-32.64
-14.31
-31.43
-33.51
-14.35
-31.47
-34.46
-14.25
-31.53
-35.37
-14.24
-31.34
-36.05
-14.15
-31.17
-32.05
-13.80
-31.79
-32.68
-13.84
-31.86
-33.43
-13.85
-31.92
-34.12
-13.86
-31.92
-16.86
-14.06
-23.03
-17.52
-14.02
-23.02
-18.20
-14.00
-23.05
-25.85
-14.04
-22.91
-26.60
-13.97
-22.91
-27.47
-13.95
-22.93
-28.33
-13.98
-22.99
-29.00
-14.04
-23.06
-15.24
-14.06
-23.98
-15.76
-13.90
-23.77
-16.55
-13.78
-23.54
-17.51
-13.53
-23.65
-18.53
-13.60
-23.49
-19.57
-13.43
-23.67
-20.57
-13.55
-23.63
-21.53
-13.60
-23.63
-22.50
-13.62
-23.63
-23.48
-13.62
-23.62
-24.46
-13.63
-23.56
-25.49
-13.68
-23.41
-26.51
-13.55
-23.49
-27.46
-13.53
-23.54
-28.38
-13.60
-23.60
-29.20
-13.79
-23.57
-34.70
-13.72
-24.14
-35.31
-13.82
-24.16
-35.73
-14.10
-24.21
-13.87
-13.86
-25.10
-14.22
-13.82
-25.01
-14.92
-13.76
-24.67
-15.68
-13.53
-24.37
-16.47
-13.36
-24.20
-17.15
-13.21
-24.14
-19.92
-12.99
-24.04
-20.65
-13.00
-24.03
-21.55
-13.01
-24.04
-22.51
-13.02
-24.05
-23.49
-13.01
-24.07
-24.49
-13.01
-24.09
-25.50
-13.05
-24.06
-26.49
-13.01
-24.10
-27.47
-13.03
-24.16
-28.53
-13.08
-24.31
-29.61
-13.43
-24.23
-30.60
-13.48
-24.46
-31.53
-13.54
-24.55
-32.43
-13.57
-24.57
-33.30
-13.55
-24.53
-34.14
-13.49
-24.47
-35.60
-13.59
-24.50
-36.01
-13.86
-24.69
-13.88
-13.81
-25.20
-14.23
-13.67
-25.29
-14.61
-13.55
-25.11
-15.93
-13.83
-25.60
-16.59
-13.83
-25.67
-17.37
-13.83
-25.80
-18.03
-13.88
-25.95
-29.01
-12.78
-24.76
-29.70
-12.89
-24.85
-30.60
-12.94
-25.03
-31.53
-13.05
-25.10
-32.44
-13.10
-25.10
-33.30
-13.11
-25.04
-33.96
-13.12
-24.94
-36.46
-13.79
-25.34
-36.89
-13.75
-25.97
-14.45
-13.59
-25.57
-14.91
-13.56
-25.67
-15.65
-13.56
-25.72
-16.54
-13.40
-25.86
-17.44
-13.30
-26.10
-18.28
-13.45
-26.37
-37.23
-13.59
-26.64
-18.95
-13.24
-26.83
-19.72
-13.25
-27.08
-20.58
-13.31
-27.22
-21.52
-13.39
-27.30
-22.50
-13.47
-27.37
-23.45
-13.50
-27.50
-24.34
-13.53
-27.68
-25.15
-13.55
-27.92
-37.60
-13.52
-27.39
-37.85
-13.55
-28.02
-25.79
-13.49
-28.26
-26.44
-13.59
-28.59
-27.07
-13.70
-28.96
-37.95
-13.45
-28.69
-27.64
-13.66
-29.42
-28.25
-13.65
-29.89
-37.90
-13.39
-29.45
-28.84
-13.43
-30.48
-29.66
-13.76
-30.79
-30.44
-14.01
-31.00
-31.05
-14.15
-31.15
-36.67
-13.98
-30.96
-37.20
-13.72
-30.69
-37.69
-13.30
-30.26
-29.09
-12.98
-31.02
-29.74
-13.09
-31.39
-30.53
-13.50
-31.49
-31.26
-13.80
-31.53
-32.83
-13.20
-32.36
-33.08
-13.19
-32.40
-34.82
-13.81
-31.87
-35.51
-13.70
-31.76
-36.34
-13.59
-31.46
-37.10
-13.06
-31.28
-37.57
-12.89
-30.85
-30.14
-12.82
-31.91
-30.75
-13.07
-32.00
-31.65
-13.36
-32.05
-32.62
-13.33
-32.26
-33.41
-13.29
-32.40
-34.45
-13.41
-32.28
-35.41
-13.10
-32.33
-36.24
-12.95
-32.04
-36.80
-12.76
-31.81
-33.78
-12.91
-32.82
-34.44
-12.86
-32.83
-35.07
-12.76
-32.77
-17.84
-13.11
-24.10
-18.52
-13.04
-24.06
-19.21
-12.99
-24.04
-34.90
-13.42
-24.39
-35.23
-13.44
-24.40
-15.13
-13.39
-24.97
-15.73
-13.23
-24.87
-16.55
-13.03
-24.77
-17.52
-12.84
-24.62
-18.54
-12.50
-24.67
-19.58
-12.52
-24.43
-20.58
-12.41
-24.42
-21.54
-12.37
-24.42
-22.49
-12.36
-24.44
-23.47
-12.35
-24.49
-24.52
-12.28
-24.61
-25.52
-12.43
-24.58
-26.48
-12.39
-24.66
-27.39
-12.49
-24.65
-28.19
-12.49
-24.78
-34.73
-13.19
-24.72
-35.38
-13.23
-24.77
-35.88
-13.33
-24.98
-14.49
-13.44
-25.45
-14.92
-13.33
-25.33
-15.69
-13.12
-25.33
-16.57
-12.86
-25.37
-17.57
-12.44
-25.48
-18.21
-12.21
-25.24
-24.96
-11.91
-24.92
-25.57
-11.95
-24.95
-26.19
-11.98
-24.97
-28.80
-12.33
-25.07
-29.61
-12.29
-25.32
-30.58
-12.24
-25.62
-31.57
-12.48
-25.63
-32.51
-12.57
-25.59
-33.43
-12.62
-25.49
-34.40
-12.74
-25.28
-35.35
-12.76
-25.37
-36.15
-13.03
-25.56
-36.70
-13.10
-26.04
-14.56
-13.43
-25.60
-14.96
-13.35
-25.62
-15.68
-13.22
-25.67
-16.58
-12.98
-25.82
-17.62
-12.53
-26.28
-18.18
-12.84
-26.61
-31.02
-11.83
-26.07
-31.70
-11.92
-26.11
-32.57
-11.99
-26.07
-33.51
-12.00
-25.97
-34.46
-12.05
-25.85
-35.38
-12.12
-25.89
-36.20
-12.30
-26.11
-36.94
-12.60
-26.63
-18.11
-12.15
-26.94
-18.70
-12.54
-27.12
-19.63
-12.62
-27.45
-20.55
-12.68
-27.61
-21.51
-12.73
-27.69
-22.48
-12.77
-27.75
-23.41
-12.81
-27.84
-24.26
-12.85
-27.97
-24.98
-12.87
-28.18
-37.54
-12.53
-27.56
-37.82
-12.88
-28.06
-25.60
-12.81
-28.55
-26.33
-12.83
-28.99
-26.93
-13.12
-29.19
-37.78
-12.17
-28.20
-37.94
-12.57
-28.65
-26.69
-12.44
-29.57
-27.34
-12.91
-29.68
-27.93
-13.06
-30.03
-37.98
-12.47
-29.47
-26.90
-12.12
-30.03
-27.45
-12.36
-30.23
-28.18
-12.65
-30.56
-37.90
-12.39
-30.26
-28.72
-12.42
-31.19
-29.34
-12.38
-31.71
-32.79
-13.06
-32.48
-33.00
-13.07
-32.50
-37.36
-12.25
-31.50
-37.72
-12.26
-30.93
-29.98
-12.26
-32.30
-30.77
-12.53
-32.50
-31.64
-12.73
-32.63
-32.54
-12.90
-32.66
-33.10
-12.95
-32.68
-35.70
-12.55
-32.66
-36.30
-12.25
-32.49
-36.92
-12.19
-32.03
-30.22
-11.91
-32.79
-30.79
-12.01
-33.00
-31.65
-12.07
-33.26
-32.57
-12.34
-33.22
-33.46
-12.49
-33.17
-34.41
-12.24
-33.32
-35.31
-12.20
-33.07
-35.92
-11.96
-32.92
-32.04
-11.74
-33.66
-32.65
-11.82
-33.70
-33.41
-11.87
-33.70
-34.05
-11.83
-33.70
-18.92
-11.98
-25.08
-19.68
-11.77
-25.03
-20.62
-11.76
-24.86
-21.54
-11.72
-24.81
-22.47
-11.70
-24.81
-23.36
-11.70
-24.85
-24.17
-11.66
-24.96
-26.81
-11.99
-24.98
-27.42
-12.02
-25.02
-28.01
-12.07
-25.07
-18.01
-11.89
-25.90
-18.57
-11.74
-25.60
-19.28
-11.39
-25.59
-24.80
-11.47
-25.18
-25.60
-11.46
-25.28
-26.51
-11.57
-25.27
-27.46
-11.55
-25.38
-28.41
-11.72
-25.42
-29.35
-11.66
-25.70
-30.14
-11.57
-26.00
-17.79
-11.27
-26.95
-17.99
-11.56
-26.62
-18.55
-11.29
-26.24
-19.09
-11.10
-26.06
-30.78
-11.26
-26.46
-31.69
-11.29
-26.61
-32.60
-11.35
-26.51
-33.55
-11.29
-26.40
-34.54
-11.30
-26.23
-35.42
-11.41
-26.20
-36.19
-11.49
-26.39
-36.84
-11.52
-26.84
-17.84
-11.21
-27.19
-18.16
-11.40
-27.36
-18.80
-11.80
-27.68
-19.63
-11.98
-27.91
-20.54
-12.06
-28.04
-21.50
-12.11
-28.11
-22.47
-12.15
-28.16
-23.40
-12.20
-28.23
-24.23
-12.28
-28.32
-24.84
-12.40
-28.42
-30.99
-10.87
-26.88
-31.42
-10.91
-26.93
-37.37
-11.50
-27.59
-18.41
-11.00
-28.13
-18.90
-11.27
-28.27
-19.65
-11.42
-28.42
-20.55
-11.51
-28.53
-21.51
-11.56
-28.59
-22.47
-11.62
-28.65
-23.42
-11.69
-28.73
-24.34
-11.83
-28.83
-25.23
-12.16
-28.87
-25.92
-12.29
-29.14
-37.74
-11.41
-28.40
-37.93
-11.83
-28.85
-18.55
-10.75
-28.56
-18.96
-10.82
-28.73
-19.67
-10.90
-28.91
-20.55
-10.96
-29.05
-21.51
-11.05
-29.12
-22.48
-11.12
-29.19
-23.43
-11.20
-29.31
-24.41
-11.30
-29.53
-25.35
-11.63
-29.56
-26.13
-11.97
-29.63
-37.87
-11.11
-29.01
-37.98
-11.49
-29.48
-24.81
-11.01
-30.06
-25.56
-11.15
-30.26
-26.51
-11.60
-30.31
-27.34
-11.80
-30.66
-27.94
-12.04
-30.89
-37.97
-11.46
-30.31
-25.90
-10.82
-30.76
-26.58
-11.00
-30.94
-27.41
-11.24
-31.23
-28.26
-11.67
-31.46
-28.97
-11.72
-31.97
-37.50
-11.41
-31.65
-37.81
-11.42
-31.03
-29.49
-11.60
-32.49
-36.57
-11.47
-32.68
-37.07
-11.41
-32.23
-29.96
-11.42
-33.00
-30.60
-11.44
-33.35
-31.27
-11.44
-33.62
-34.71
-11.66
-33.63
-35.36
-11.37
-33.52
-36.08
-11.34
-33.12
-31.84
-11.25
-33.91
-32.61
-11.22
-34.05
-33.45
-11.24
-34.07
-34.31
-11.27
-33.96
-34.94
-11.03
-33.90
-20.07
-11.30
-25.32
-20.71
-11.20
-25.27
-21.56
-11.09
-25.26
-22.48
-11.06
-25.23
-23.33
-11.13
-25.21
-23.99
-11.20
-25.23
-19.85
-11.01
-25.75
-20.62
-10.74
-25.78
-21.55
-10.47
-25.85
-22.55
-10.42
-25.77
-23.49
-10.60
-25.64
-24.47
-10.84
-25.56
-25.52
-10.84
-25.70
-26.50
-10.89
-25.76
-27.46
-10.93
-25.83
-28.38
-11.01
-25.92
-29.22
-11.06
-26.08
-29.83
-11.10
-26.25
-35.18
-10.17
-26.34
-35.62
-10.23
-26.31
-36.13
-10.25
-26.38
-36.49
-10.22
-26.54
-17.82
-11.08
-27.05
-18.10
-11.03
-26.97
-18.69
-10.82
-26.72
-19.49
-10.67
-26.37
-20.39
-10.35
-26.34
-21.16
-10.10
-26.37
-22.92
-10.01
-26.12
-23.63
-10.06
-26.09
-24.53
-10.15
-26.11
-25.52
-10.18
-26.20
-26.50
-10.26
-26.25
-27.46
-10.33
-26.32
-28.39
-10.42
-26.40
-29.25
-10.53
-26.53
-30.10
-10.69
-26.69
-31.97
-10.87
-26.95
-32.63
-10.75
-26.92
-33.58
-10.41
-26.83
-34.72
-10.44
-26.46
-35.49
-10.71
-26.32
-36.16
-10.74
-26.45
-36.72
-10.53
-26.84
-17.85
-10.99
-27.25
-18.21
-10.73
-27.51
-18.79
-10.33
-27.30
-19.54
-10.11
-27.03
-20.33
-9.93
-26.88
-20.95
-9.81
-26.78
-30.76
-10.38
-27.20
-31.62
-10.49
-27.26
-32.38
-10.28
-27.35
-33.03
-9.94
-27.36
-37.22
-10.53
-27.60
-18.31
-10.54
-28.21
-30.97
-9.91
-27.67
-31.58
-9.91
-27.74
-32.23
-9.81
-27.76
-32.72
-9.68
-27.70
-37.57
-10.46
-28.40
-18.52
-10.39
-28.69
-18.96
-10.28
-29.05
-19.66
-10.34
-29.33
-20.55
-10.35
-29.58
-21.53
-10.53
-29.63
-22.47
-10.62
-29.72
-23.37
-10.72
-29.84
-24.09
-10.86
-29.92
-37.81
-10.40
-29.13
-37.95
-10.57
-29.73
-20.89
-9.97
-29.98
-21.60
-10.03
-30.07
-22.48
-10.09
-30.21
-23.49
-10.16
-30.41
-24.45
-10.56
-30.38
-25.18
-10.67
-30.58
-37.97
-10.52
-30.42
-23.98
-9.87
-30.79
-24.64
-10.03
-30.88
-25.53
-10.27
-31.04
-26.48
-10.32
-31.43
-27.41
-10.48
-31.85
-28.24
-10.97
-32.03
-28.77
-11.23
-32.21
-37.59
-10.51
-31.80
-37.86
-10.50
-31.14
-27.85
-10.05
-32.50
-28.47
-10.52
-32.61
-29.07
-11.01
-32.66
-36.72
-10.82
-32.82
-37.15
-10.49
-32.47
-28.15
-9.81
-32.97
-28.74
-10.04
-33.24
-29.57
-10.67
-33.30
-30.43
-10.83
-33.66
-31.05
-10.94
-33.85
-35.68
-10.53
-33.73
-36.37
-10.47
-33.27
-36.86
-10.14
-32.95
-29.12
-9.80
-33.71
-29.71
-10.03
-33.86
-30.53
-10.24
-34.07
-31.48
-10.53
-34.20
-32.51
-10.49
-34.40
-33.44
-10.51
-34.42
-34.31
-10.48
-34.32
-35.08
-10.38
-34.12
-21.88
-10.08
-26.16
-22.34
-10.01
-26.14
-35.21
-9.84
-26.41
-35.63
-9.80
-26.39
-36.13
-9.82
-26.46
-36.47
-9.90
-26.59
-21.75
-9.78
-26.53
-22.60
-9.59
-26.56
-23.59
-9.54
-26.56
-24.51
-9.54
-26.61
-25.52
-9.50
-26.76
-26.52
-9.67
-26.75
-27.47
-9.77
-26.82
-28.39
-9.86
-26.91
-29.22
-10.02
-26.98
-29.83
-10.19
-27.03
-33.99
-9.55
-27.03
-34.83
-9.57
-26.68
-35.53
-9.34
-26.63
-36.15
-9.37
-26.73
-36.65
-9.69
-26.96
-18.45
-10.14
-27.96
-18.93
-9.71
-27.94
-19.65
-9.55
-27.58
-20.46
-9.43
-27.34
-21.35
-9.39
-27.07
-22.15
-9.18
-27.06
-25.88
-9.10
-27.14
-26.60
-9.16
-27.20
-27.48
-9.22
-27.30
-28.45
-9.26
-27.47
-29.36
-9.55
-27.47
-30.13
-9.88
-27.43
-33.41
-9.30
-27.48
-37.08
-9.64
-27.66
-18.45
-10.03
-28.42
-18.80
-9.49
-28.63
-28.86
-8.87
-27.87
-29.60
-9.03
-27.95
-30.55
-9.37
-27.96
-31.45
-9.33
-28.12
-32.20
-9.26
-28.09
-32.84
-9.17
-27.90
-37.41
-9.51
-28.46
-18.55
-9.98
-28.83
-18.94
-9.52
-29.31
-19.59
-9.76
-29.67
-20.21
-9.88
-29.85
-37.72
-9.47
-29.36
-37.90
-9.85
-29.86
-19.17
-9.10
-29.92
-19.72
-9.27
-30.11
-20.56
-9.50
-30.23
-21.49
-9.50
-30.45
-22.37
-9.53
-30.60
-23.16
-9.53
-30.78
-37.84
-9.13
-29.98
-37.93
-9.52
-30.46
-23.79
-9.37
-31.05
-24.59
-9.39
-31.26
-25.46
-9.47
-31.49
-26.37
-9.49
-31.88
-27.05
-9.79
-32.09
-37.68
-9.63
-31.90
-37.88
-9.55
-31.27
-26.76
-9.14
-32.31
-27.34
-9.38
-32.59
-37.38
-9.54
-32.50
-27.90
-9.29
-33.16
-28.45
-9.37
-33.55
-35.82
-9.82
-33.96
-36.39
-9.50
-33.66
-36.97
-9.43
-33.09
-28.96
-9.28
-33.98
-29.69
-9.37
-34.29
-30.55
-9.54
-34.51
-31.48
-9.69
-34.66
-32.49
-9.66
-34.84
-33.46
-9.77
-34.79
-34.36
-9.71
-34.68
-35.32
-9.43
-34.46
-36.00
-9.13
-34.15
-32.84
-9.20
-35.18
-33.52
-9.19
-35.18
-34.28
-9.11
-35.11
-34.91
-8.95
-34.99
-22.90
-9.05
-27.04
-23.61
-9.00
-27.04
-24.44
-8.98
-27.07
-25.16
-9.04
-27.09
-34.16
-8.90
-27.21
-34.76
-8.69
-27.05
-35.48
-8.68
-26.95
-36.16
-8.68
-27.12
-36.60
-9.06
-27.22
-19.23
-9.13
-28.26
-19.77
-8.99
-28.04
-20.54
-8.87
-27.84
-21.44
-8.76
-27.66
-22.49
-8.59
-27.55
-23.53
-8.47
-27.52
-24.51
-8.38
-27.58
-25.53
-8.63
-27.46
-26.52
-8.64
-27.59
-27.40
-8.69
-27.69
-28.12
-8.76
-27.78
-33.76
-8.48
-27.63
-34.39
-8.25
-27.38
-36.50
-8.29
-27.63
-36.87
-8.85
-27.72
-19.15
-8.73
-28.85
-19.79
-8.49
-28.53
-20.56
-8.34
-28.33
-21.39
-8.22
-28.18
-22.12
-8.12
-28.08
-24.88
-7.93
-27.92
-25.62
-7.97
-27.91
-26.53
-8.01
-27.97
-27.48
-8.09
-28.04
-28.52
-8.29
-28.13
-29.65
-8.27
-28.40
-30.59
-8.61
-28.45
-31.43
-8.68
-28.50
-32.20
-8.61
-28.42
-32.95
-8.36
-28.19
-36.77
-8.04
-28.09
-37.15
-8.46
-28.47
-18.68
-8.18
-30.06
-18.91
-8.53
-29.67
-30.14
-7.94
-28.70
-30.72
-8.04
-28.76
-31.45
-8.08
-28.77
-32.13
-8.05
-28.70
-32.63
-7.98
-28.56
-37.54
-8.46
-29.36
-18.70
-8.11
-30.38
-19.05
-8.49
-30.28
-19.73
-8.69
-30.56
-20.56
-8.85
-30.72
-21.46
-8.92
-30.86
-22.31
-8.99
-30.96
-22.97
-9.06
-31.03
-37.77
-8.41
-30.10
-37.90
-8.54
-30.77
-18.75
-7.95
-30.69
-19.10
-8.01
-30.82
-19.75
-8.15
-31.04
-20.58
-8.27
-31.19
-21.49
-8.35
-31.29
-22.43
-8.47
-31.35
-23.43
-8.70
-31.37
-24.44
-8.70
-31.60
-25.31
-8.73
-31.82
-26.03
-8.72
-32.11
-37.75
-8.93
-32.00
-37.88
-8.57
-31.57
-26.54
-8.56
-32.52
-27.11
-8.64
-32.92
-37.57
-8.62
-32.55
-37.80
-8.22
-32.19
-27.69
-8.56
-33.51
-28.25
-8.83
-33.79
-36.69
-8.61
-33.79
-37.17
-8.56
-33.24
-27.99
-8.19
-34.07
-28.64
-8.55
-34.29
-29.58
-8.61
-34.79
-30.53
-8.87
-34.97
-31.42
-9.06
-35.08
-32.13
-9.15
-35.14
-35.67
-8.51
-34.78
-36.24
-8.46
-34.32
-29.89
-8.19
-35.30
-30.62
-8.28
-35.52
-31.54
-8.54
-35.54
-32.49
-8.74
-35.51
-33.43
-8.66
-35.59
-34.26
-8.53
-35.53
-35.07
-8.28
-35.35
-30.95
-7.96
-35.96
-31.64
-8.06
-36.02
-32.51
-8.15
-36.05
-33.39
-8.12
-36.07
-34.18
-8.03
-36.00
-34.77
-7.88
-35.88
-34.95
-8.10
-27.23
-35.44
-8.07
-27.21
-35.92
-8.10
-27.30
-22.83
-8.03
-28.00
-23.51
-7.95
-27.96
-24.18
-7.91
-27.93
-33.89
-7.58
-27.88
-34.65
-7.61
-27.56
-35.40
-7.47
-27.56
-36.09
-7.62
-27.71
-19.29
-8.13
-29.21
-19.82
-7.96
-29.00
-20.58
-7.82
-28.81
-21.46
-7.70
-28.66
-22.48
-7.57
-28.52
-23.52
-7.44
-28.41
-24.53
-7.41
-28.28
-25.56
-7.29
-28.28
-26.53
-7.28
-28.29
-27.50
-7.31
-28.33
-28.49
-7.39
-28.43
-29.46
-7.42
-28.61
-33.19
-7.52
-28.31
-36.57
-7.41
-28.22
-37.03
-7.47
-28.79
-18.72
-7.91
-30.12
-19.11
-7.78
-29.87
-19.79
-7.49
-29.54
-20.57
-7.33
-29.33
-21.40
-7.22
-29.17
-22.11
-7.16
-29.04
-30.10
-7.46
-28.80
-30.74
-7.48
-28.88
-31.46
-7.48
-28.89
-32.14
-7.49
-28.80
-32.70
-7.50
-28.63
-37.42
-7.50
-29.53
-18.69
-7.80
-30.47
-18.98
-7.47
-30.56
-37.70
-7.53
-30.29
-37.86
-7.67
-30.93
-18.77
-7.72
-30.80
-19.17
-7.40
-31.19
-19.80
-7.60
-31.52
-20.61
-7.72
-31.68
-21.52
-7.80
-31.76
-22.48
-7.87
-31.81
-23.45
-7.97
-31.86
-24.40
-8.03
-31.98
-25.23
-8.09
-32.15
-25.84
-8.18
-32.34
-37.90
-7.63
-31.65
-19.44
-6.98
-31.91
-19.90
-7.11
-32.10
-20.65
-7.21
-32.22
-21.54
-7.27
-32.27
-22.50
-7.31
-32.30
-23.46
-7.36
-32.33
-24.40
-7.43
-32.42
-25.28
-7.54
-32.58
-26.19
-7.78
-32.85
-26.85
-8.08
-33.11
-37.62
-7.89
-32.84
-37.81
-7.48
-32.45
-26.63
-7.35
-33.57
-27.21
-7.85
-33.63
-36.89
-7.93
-33.95
-37.35
-7.60
-33.52
-37.67
-7.16
-33.12
-27.00
-7.10
-34.13
-27.66
-7.47
-34.40
-28.52
-7.81
-34.81
-29.19
-8.04
-35.07
-35.98
-7.85
-34.95
-36.56
-7.58
-34.55
-37.09
-7.22
-34.16
-27.94
-7.05
-35.05
-28.63
-7.20
-35.47
-29.52
-7.68
-35.59
-30.24
-7.83
-35.81
-35.67
-7.45
-35.51
-36.27
-7.18
-35.13
-29.02
-6.90
-36.07
-29.70
-7.12
-36.28
-30.62
-7.50
-36.29
-31.57
-7.57
-36.48
-32.49
-7.61
-36.54
-33.38
-7.58
-36.53
-34.20
-7.49
-36.43
-34.98
-7.27
-36.21
-30.03
-6.82
-36.75
-30.70
-6.96
-36.84
-31.57
-7.02
-36.95
-32.48
-7.05
-37.00
-33.37
-7.04
-36.97
-34.16
-6.98
-36.87
-34.72
-6.90
-36.70
-33.93
-6.76
-28.08
-34.63
-6.76
-27.89
-35.37
-6.68
-27.92
-35.93
-6.93
-27.98
-22.83
-7.03
-28.96
-23.56
-6.84
-28.92
-24.54
-6.50
-28.88
-25.58
-6.47
-28.65
-26.54
-6.43
-28.55
-27.52
-6.44
-28.52
-28.53
-6.47
-28.57
-29.64
-6.52
-28.70
-30.58
-6.26
-28.77
-31.47
-6.20
-28.76
-32.33
-6.29
-28.66
-33.15
-6.63
-28.43
-35.70
-6.25
-28.21
-36.27
-6.53
-28.40
-36.86
-6.55
-29.00
-19.35
-7.21
-30.19
-19.86
-6.99
-30.05
-20.62
-6.84
-29.85
-21.48
-6.74
-29.67
-22.43
-6.68
-29.44
-23.32
-6.38
-29.45
-24.04
-6.05
-29.44
-30.14
-6.96
-28.83
-30.72
-6.89
-28.87
-31.46
-6.87
-28.87
-32.18
-6.91
-28.79
-32.71
-7.01
-28.65
-37.28
-6.55
-29.72
-19.31
-6.94
-30.72
-19.86
-6.51
-30.70
-20.65
-6.35
-30.43
-21.51
-6.23
-30.24
-22.40
-6.10
-30.08
-23.22
-5.91
-29.97
-23.78
-5.77
-29.84
-37.63
-6.56
-30.62
-37.82
-7.02
-31.06
-19.35
-6.61
-31.49
-19.64
-6.30
-31.27
-37.77
-6.20
-31.46
-37.87
-6.84
-31.66
-19.48
-6.39
-32.39
-19.95
-6.61
-32.67
-20.67
-6.71
-32.81
-21.56
-6.77
-32.82
-22.51
-6.79
-32.82
-23.46
-6.82
-32.83
-24.38
-6.88
-32.89
-25.21
-6.98
-33.01
-25.85
-7.13
-33.17
-37.83
-6.03
-32.10
-37.86
-6.51
-32.48
-19.54
-5.91
-33.26
-19.96
-6.16
-33.35
-20.67
-6.21
-33.50
-21.58
-6.30
-33.40
-22.52
-6.32
-33.37
-23.47
-6.32
-33.37
-24.39
-6.37
-33.41
-25.24
-6.49
-33.53
-26.06
-6.72
-33.75
-37.50
-6.84
-33.78
-37.74
-6.43
-33.39
-19.58
-5.67
-33.82
-19.90
-5.82
-33.90
-20.37
-5.90
-33.95
-26.68
-6.54
-34.45
-27.30
-6.82
-34.70
-36.82
-6.86
-34.77
-37.29
-6.50
-34.42
-37.63
-6.11
-34.06
-26.92
-6.18
-35.05
-27.54
-6.47
-35.28
-28.21
-6.51
-35.82
-35.97
-6.66
-35.85
-36.57
-6.52
-35.33
-37.06
-6.18
-35.02
-28.77
-6.36
-36.43
-29.39
-6.62
-36.61
-35.44
-6.57
-36.42
-29.11
-6.05
-36.96
-29.76
-6.33
-37.05
-30.64
-6.40
-37.28
-31.55
-6.45
-37.39
-32.48
-6.47
-37.42
-33.40
-6.45
-37.38
-34.23
-6.41
-37.23
-34.94
-6.39
-36.94
-34.01
-6.14
-28.18
-34.57
-6.09
-28.10
-35.12
-6.09
-28.11
-24.99
-5.70
-29.17
-25.72
-5.65
-28.93
-26.59
-5.53
-28.77
-27.54
-5.50
-28.66
-28.53
-5.50
-28.63
-29.55
-5.49
-28.66
-30.53
-5.41
-28.69
-31.49
-5.39
-28.67
-32.47
-5.46
-28.59
-33.53
-5.64
-28.42
-34.49
-5.45
-28.36
-35.38
-5.59
-28.41
-36.16
-5.61
-28.74
-36.73
-5.68
-29.19
-24.51
-5.50
-29.61
-37.11
-5.61
-29.82
-20.11
-6.04
-31.10
-20.71
-5.86
-30.98
-21.53
-5.71
-30.80
-22.41
-5.55
-30.64
-23.31
-5.31
-30.49
-24.04
-5.32
-30.09
-37.42
-5.54
-30.62
-19.51
-6.06
-31.90
-19.90
-5.80
-31.67
-20.66
-5.35
-31.64
-21.53
-5.20
-31.36
-22.37
-5.03
-31.16
-23.06
-4.92
-30.97
-37.63
-5.39
-31.48
-19.50
-5.78
-32.55
-19.83
-5.28
-32.48
-20.34
-5.04
-32.23
-37.79
-5.35
-32.37
-37.86
-5.80
-32.78
-19.47
-5.35
-33.40
-19.63
-5.04
-33.12
-20.97
-5.92
-33.95
-21.65
-5.91
-33.94
-22.53
-5.88
-33.94
-23.47
-5.85
-33.95
-24.39
-5.90
-33.97
-25.21
-6.01
-34.06
-25.81
-6.19
-34.13
-37.85
-5.10
-33.06
-37.84
-5.51
-33.48
-19.53
-5.17
-34.22
-19.96
-5.43
-34.40
-20.67
-5.60
-34.39
-21.57
-5.53
-34.49
-22.49
-5.46
-34.53
-23.46
-5.36
-34.62
-24.42
-5.45
-34.56
-25.32
-5.55
-34.70
-26.10
-5.94
-34.66
-37.46
-5.81
-34.69
-37.72
-5.40
-34.34
-19.59
-4.85
-34.89
-19.98
-5.02
-35.02
-20.67
-5.12
-35.07
-21.53
-5.12
-35.11
-22.40
-5.08
-35.09
-23.11
-5.06
-35.06
-25.75
-5.31
-35.23
-26.51
-5.56
-35.43
-27.35
-5.84
-35.78
-27.91
-6.00
-36.08
-36.16
-6.10
-36.13
-36.67
-5.73
-35.90
-37.26
-5.54
-35.30
-37.62
-5.10
-35.02
-26.79
-5.17
-36.09
-27.41
-5.37
-36.33
-28.16
-5.65
-36.64
-35.82
-5.92
-36.62
-36.35
-5.39
-36.62
-28.85
-5.43
-37.33
-29.73
-5.68
-37.57
-30.61
-5.80
-37.73
-31.54
-5.86
-37.82
-32.49
-5.87
-37.84
-33.43
-5.84
-37.79
-34.35
-5.77
-37.63
-35.28
-5.63
-37.30
-36.02
-5.05
-37.28
-29.08
-4.95
-37.91
-29.76
-5.11
-38.07
-30.61
-5.23
-38.20
-31.53
-5.28
-38.27
-32.49
-5.29
-38.28
-33.44
-5.25
-38.23
-34.36
-5.15
-38.12
-35.19
-4.98
-37.93
-35.77
-4.77
-37.76
-25.23
-5.16
-29.36
-25.78
-4.90
-29.23
-26.60
-4.52
-29.04
-27.58
-4.54
-28.80
-28.54
-4.54
-28.70
-29.53
-4.53
-28.68
-30.51
-4.52
-28.68
-31.50
-4.53
-28.66
-32.49
-4.56
-28.63
-33.49
-4.61
-28.60
-34.45
-4.57
-28.63
-35.34
-4.67
-28.76
-36.13
-4.71
-29.09
-36.62
-5.01
-29.34
-24.96
-4.90
-29.76
-25.62
-4.27
-29.74
-26.20
-4.07
-29.41
-36.44
-4.30
-29.53
-36.85
-4.70
-29.84
-23.77
-4.79
-30.71
-24.50
-4.64
-30.40
-25.26
-4.03
-30.43
-25.43
-3.87
-30.66
-37.20
-4.63
-30.63
-20.95
-4.84
-32.01
-21.60
-4.67
-31.84
-22.48
-4.38
-31.67
-23.46
-4.35
-31.22
-24.38
-4.07
-30.96
-25.08
-3.85
-30.80
-25.36
-3.81
-30.79
-37.45
-4.47
-31.49
-20.05
-4.75
-32.84
-20.66
-4.49
-32.59
-21.48
-4.22
-32.33
-22.12
-4.01
-32.15
-37.68
-4.43
-32.41
-19.49
-4.76
-33.80
-19.81
-4.46
-33.48
-20.33
-4.17
-33.20
-37.84
-4.41
-33.29
-37.89
-4.79
-33.74
-19.44
-4.42
-34.48
-19.61
-4.16
-34.11
-23.80
-5.05
-35.04
-24.44
-5.07
-35.05
-25.06
-5.15
-35.10
-37.91
-4.13
-33.90
-37.89
-4.44
-34.41
-19.50
-4.28
-35.35
-19.96
-4.55
-35.60
-20.67
-4.67
-35.70
-21.54
-4.67
-35.73
-22.48
-4.69
-35.65
-23.47
-4.75
-35.50
-24.44
-4.74
-35.58
-25.36
-4.91
-35.60
-26.11
-5.01
-35.84
-36.97
-5.15
-36.13
-37.35
-4.87
-35.82
-37.75
-4.36
-35.40
-19.53
-3.87
-36.11
-19.96
-4.12
-36.21
-20.65
-4.21
-36.30
-21.55
-4.16
-36.40
-22.53
-4.23
-36.27
-23.49
-4.26
-36.19
-24.46
-4.30
-36.22
-25.41
-4.43
-36.30
-26.41
-4.62
-36.53
-27.30
-4.85
-36.83
-27.90
-5.09
-37.00
-36.83
-4.84
-36.65
-37.31
-4.42
-36.45
-37.69
-3.96
-36.23
-19.59
-3.64
-36.54
-19.96
-3.72
-36.67
-20.58
-3.77
-36.78
-21.20
-3.80
-36.81
-26.75
-4.24
-37.15
-27.44
-4.34
-37.45
-28.22
-4.79
-37.52
-36.60
-4.38
-37.36
-37.23
-3.98
-37.04
-37.59
-3.74
-36.75
-27.83
-4.02
-38.00
-28.69
-4.27
-38.27
-29.69
-4.54
-38.53
-30.59
-4.67
-38.66
-31.53
-4.72
-38.72
-32.49
-4.72
-38.73
-33.44
-4.66
-38.69
-34.36
-4.53
-38.60
-35.27
-4.28
-38.44
-36.02
-4.22
-38.00
-29.13
-3.86
-38.87
-29.78
-4.02
-39.02
-30.61
-4.13
-39.13
-31.53
-4.17
-39.18
-32.48
-4.16
-39.19
-33.41
-4.09
-39.15
-34.29
-3.96
-39.06
-34.97
-3.87
-38.89
-26.93
-3.62
-29.18
-27.69
-3.62
-28.97
-28.58
-3.62
-28.83
-29.54
-3.61
-28.79
-30.52
-3.65
-28.76
-31.50
-3.69
-28.76
-32.48
-3.72
-28.77
-33.45
-3.72
-28.80
-34.42
-3.65
-28.92
-35.30
-3.88
-29.05
-35.92
-4.03
-29.26
-25.92
-3.47
-29.97
-26.42
-3.43
-29.55
-34.77
-3.12
-29.19
-35.41
-3.25
-29.39
-36.21
-3.55
-29.76
-36.72
-4.01
-30.05
-25.53
-3.46
-30.54
-25.50
-3.68
-30.70
-36.65
-3.19
-30.47
-36.98
-3.81
-30.64
-22.81
-3.77
-31.96
-23.53
-3.50
-31.75
-24.41
-3.39
-31.34
-25.15
-3.39
-30.95
-25.39
-3.65
-30.84
-36.93
-2.99
-31.02
-37.25
-3.44
-31.47
-20.93
-3.91
-32.95
-21.56
-3.67
-32.74
-22.40
-3.38
-32.45
-23.12
-3.10
-32.20
-37.60
-3.48
-32.46
-20.03
-3.86
-33.79
-20.62
-3.54
-33.54
-21.43
-3.15
-33.23
-22.06
-2.96
-32.93
-37.82
-3.56
-33.28
-19.46
-3.70
-34.88
-19.79
-3.59
-34.36
-20.26
-3.26
-34.13
-37.94
-3.54
-33.93
-38.00
-3.48
-34.56
-19.37
-3.58
-35.53
-37.99
-3.40
-35.42
-19.39
-3.35
-36.19
-21.89
-3.80
-36.80
-22.61
-3.79
-36.79
-23.51
-3.79
-36.79
-24.45
-3.82
-36.84
-25.35
-3.95
-36.89
-26.05
-4.10
-36.96
-37.91
-3.26
-36.24
-19.55
-3.22
-36.68
-19.98
-3.19
-36.98
-20.66
-3.24
-37.17
-21.56
-3.39
-37.17
-22.53
-3.32
-37.27
-23.48
-3.30
-37.34
-24.47
-3.28
-37.47
-25.45
-3.50
-37.45
-26.36
-3.77
-37.47
-27.07
-3.84
-37.73
-36.77
-3.71
-37.77
-37.27
-3.30
-37.51
-37.71
-3.20
-36.92
-24.85
-2.93
-37.89
-25.56
-3.03
-37.95
-26.43
-3.20
-38.05
-27.37
-3.43
-38.24
-28.24
-3.41
-38.71
-35.66
-3.68
-38.66
-36.35
-3.39
-38.35
-36.95
-3.05
-38.05
-28.97
-3.23
-39.25
-29.78
-3.46
-39.44
-30.62
-3.57
-39.56
-31.53
-3.60
-39.61
-32.46
-3.58
-39.62
-33.39
-3.49
-39.58
-34.34
-3.24
-39.50
-35.29
-3.29
-39.10
-35.94
-3.04
-38.88
-29.28
-2.84
-39.67
-29.85
-2.91
-39.82
-30.63
-2.97
-39.94
-31.52
-2.99
-40.00
-32.43
-2.97
-40.01
-33.28
-2.93
-39.96
-33.93
-2.85
-39.88
-27.10
-2.97
-29.35
-27.75
-2.75
-29.23
-28.61
-2.78
-29.04
-29.56
-2.68
-29.01
-30.55
-2.84
-28.95
-31.51
-2.91
-28.95
-32.46
-2.95
-28.97
-33.36
-2.99
-29.01
-34.08
-3.04
-29.07
-26.11
-2.74
-30.15
-26.69
-2.57
-29.78
-27.36
-2.24
-29.61
-29.92
-2.15
-29.20
-30.64
-2.17
-29.19
-31.54
-2.20
-29.21
-32.48
-2.25
-29.24
-33.43
-2.33
-29.28
-34.40
-2.52
-29.36
-35.27
-2.50
-29.66
-35.94
-2.59
-30.01
-25.71
-2.69
-30.62
-26.82
-1.99
-30.02
-27.20
-1.86
-29.90
-36.40
-2.42
-30.54
-23.81
-2.82
-31.94
-24.47
-2.55
-31.65
-25.21
-2.54
-31.14
-36.82
-2.34
-31.14
-37.22
-2.45
-31.78
-22.71
-2.71
-32.65
-23.38
-2.39
-32.38
-24.08
-2.13
-32.05
-37.62
-2.47
-32.67
-37.82
-2.07
-33.15
-20.84
-2.86
-33.92
-21.47
-2.38
-33.71
-22.32
-2.33
-33.09
-22.91
-2.07
-32.81
-37.86
-2.80
-33.39
-37.96
-2.23
-33.67
-19.52
-3.20
-35.14
-19.85
-2.96
-34.89
-20.44
-2.66
-34.51
-20.98
-2.06
-34.43
-37.98
-2.96
-33.93
-38.06
-2.53
-34.43
-19.47
-2.96
-35.64
-19.82
-2.44
-35.56
-20.34
-2.14
-35.17
-20.73
-1.84
-34.96
-38.12
-2.47
-35.42
-19.46
-2.66
-36.31
-19.67
-2.24
-36.14
-38.06
-2.41
-36.30
-19.58
-2.63
-36.84
-19.99
-2.50
-37.25
-20.70
-2.51
-37.63
-21.59
-2.73
-37.70
-22.51
-2.79
-37.76
-23.40
-2.83
-37.80
-24.12
-2.87
-37.84
-37.51
-2.49
-37.68
-37.85
-2.41
-37.08
-21.01
-2.11
-38.08
-21.67
-2.21
-38.17
-22.54
-2.28
-38.23
-23.48
-2.35
-38.26
-24.49
-2.50
-38.23
-25.49
-2.50
-38.39
-26.39
-2.58
-38.52
-27.23
-2.68
-38.72
-27.94
-2.68
-39.03
-36.62
-2.51
-38.65
-37.13
-2.39
-38.22
-28.51
-2.49
-39.46
-34.72
-2.52
-39.79
-35.42
-2.51
-39.46
-36.10
-2.39
-39.11
-29.08
-2.31
-39.86
-29.78
-2.29
-40.11
-30.61
-2.31
-40.26
-31.51
-2.32
-40.34
-32.44
-2.30
-40.36
-33.33
-2.30
-40.28
-34.12
-2.31
-40.12
-28.06
-2.22
-29.35
-28.62
-2.14
-29.28
-29.24
-2.14
-29.22
-26.17
-2.28
-30.31
-26.47
-2.13
-30.16
-27.87
-1.82
-29.66
-28.63
-1.53
-29.65
-29.59
-1.65
-29.47
-30.57
-1.56
-29.50
-31.53
-1.55
-29.53
-32.49
-1.57
-29.56
-33.44
-1.63
-29.61
-34.35
-1.70
-29.73
-35.20
-1.70
-29.99
-35.78
-1.94
-30.18
-25.98
-2.01
-30.66
-26.61
-1.57
-30.44
-27.48
-1.36
-30.12
-28.22
-1.12
-30.02
-35.54
-1.31
-30.37
-36.09
-1.58
-30.64
-24.76
-1.84
-31.69
-25.43
-1.54
-31.29
-26.15
-1.17
-30.95
-36.64
-1.53
-31.27
-37.11
-1.56
-31.91
-23.54
-1.45
-32.49
-24.33
-1.44
-32.05
-24.91
-1.17
-31.75
-37.51
-1.55
-32.61
-37.79
-1.53
-33.15
-21.73
-1.44
-33.85
-22.38
-1.46
-33.28
-22.97
-1.47
-32.89
-37.97
-1.51
-33.76
-21.23
-1.34
-34.52
-38.10
-1.50
-34.55
-20.00
-1.90
-35.91
-20.37
-1.63
-35.62
-20.81
-1.28
-35.23
-38.18
-1.49
-35.48
-19.59
-2.14
-36.63
-19.89
-1.65
-36.52
-20.30
-1.18
-36.09
-20.63
-0.99
-35.74
-38.14
-1.48
-36.40
-19.63
-2.13
-36.99
-19.95
-1.63
-37.42
-20.42
-1.92
-37.83
-37.63
-1.82
-37.83
-37.93
-1.47
-37.32
-20.14
-1.09
-38.31
-20.77
-1.58
-38.38
-21.63
-1.68
-38.61
-22.54
-1.75
-38.70
-23.50
-1.81
-38.75
-24.49
-1.88
-38.78
-25.46
-1.91
-38.85
-26.37
-1.97
-38.95
-27.16
-2.06
-39.09
-27.74
-2.15
-39.25
-36.78
-1.81
-38.83
-37.32
-1.46
-38.42
-37.74
-1.12
-37.93
-20.26
-0.83
-38.86
-20.81
-1.04
-38.98
-21.62
-1.16
-39.12
-22.54
-1.23
-39.20
-23.51
-1.27
-39.24
-24.49
-1.31
-39.27
-25.46
-1.34
-39.32
-26.38
-1.41
-39.39
-27.23
-1.53
-39.50
-28.05
-1.76
-39.66
-34.91
-1.94
-40.02
-35.51
-1.77
-39.78
-36.32
-1.44
-39.39
-36.94
-1.11
-39.00
-28.81
-1.57
-40.11
-29.67
-1.57
-40.39
-30.56
-1.61
-40.56
-31.48
-1.61
-40.66
-32.46
-1.52
-40.74
-33.43
-1.59
-40.62
-34.45
-1.47
-40.44
-35.33
-1.18
-40.20
-35.92
-1.01
-39.92
-32.80
-1.04
-41.00
-33.44
-1.03
-40.95
-34.08
-0.98
-40.85
-28.94
-0.98
-29.94
-29.66
-0.96
-29.89
-30.57
-0.93
-29.88
-31.52
-0.92
-29.90
-32.48
-0.93
-29.92
-33.43
-0.98
-29.97
-34.29
-1.05
-30.05
-34.93
-1.13
-30.17
-26.85
-0.82
-30.72
-27.55
-0.49
-30.60
-28.58
-0.50
-30.33
-29.59
-0.35
-30.30
-30.54
-0.31
-30.29
-31.51
-0.30
-30.30
-32.49
-0.32
-30.33
-33.44
-0.38
-30.37
-34.35
-0.49
-30.44
-35.22
-0.73
-30.56
-35.92
-0.77
-30.95
-25.53
-0.51
-31.46
-26.39
-0.42
-31.08
-27.04
-0.12
-30.94
-36.45
-0.69
-31.50
-36.96
-0.74
-32.06
-22.83
-0.18
-32.86
-23.44
-0.51
-32.55
-24.27
-0.58
-32.13
-24.92
-0.55
-31.82
-37.41
-0.66
-32.79
-37.73
-0.99
-33.19
-21.77
-0.54
-33.83
-22.44
-0.58
-33.23
-22.96
-0.86
-32.91
-37.63
-0.21
-33.48
-37.88
-0.80
-33.72
-21.30
-0.57
-34.54
-37.81
-0.02
-34.07
-38.02
-0.48
-34.53
-20.95
-0.57
-35.23
-38.16
-0.52
-35.52
-20.01
-0.86
-36.83
-20.30
-0.45
-36.40
-20.67
-0.50
-35.82
-38.17
-0.51
-36.44
-19.89
-0.48
-37.50
-20.09
-0.13
-36.98
-38.05
-0.48
-37.30
-19.48
0.13
-38.94
-19.76
-0.25
-38.49
-37.50
-0.50
-38.60
-37.84
-0.41
-38.01
-19.54
0.15
-39.31
-20.01
-0.28
-39.20
-20.74
-0.50
-39.48
-21.60
-0.64
-39.62
-22.53
-0.71
-39.70
-23.51
-0.74
-39.73
-24.49
-0.77
-39.75
-25.46
-0.80
-39.78
-26.40
-0.85
-39.84
-27.25
-0.96
-39.92
-27.93
-1.11
-40.03
-36.58
-0.50
-39.64
-37.09
-0.44
-39.15
-19.61
0.29
-39.64
-20.00
0.16
-39.75
-20.72
0.05
-39.98
-21.59
-0.09
-40.11
-22.53
-0.17
-40.18
-23.51
-0.21
-40.21
-24.49
-0.23
-40.23
-25.47
-0.26
-40.25
-26.43
-0.32
-40.30
-27.38
-0.44
-40.38
-28.44
-0.66
-40.52
-29.55
-0.82
-40.74
-30.51
-0.91
-40.88
-31.39
-0.98
-40.97
-32.11
-1.01
-41.00
-34.73
-0.78
-40.74
-35.37
-0.42
-40.60
-36.06
-0.39
-40.14
-28.84
-0.10
-40.99
-29.62
-0.15
-41.15
-30.53
-0.26
-41.26
-31.48
-0.38
-41.31
-32.46
-0.54
-41.27
-33.42
-0.45
-41.28
-34.31
-0.41
-41.12
-34.95
-0.10
-41.05
-27.81
0.34
-30.89
-28.65
0.42
-30.79
-29.60
0.34
-30.70
-30.54
0.33
-30.70
-31.51
0.32
-30.72
-32.49
0.28
-30.76
-33.46
0.21
-30.80
-34.37
0.10
-30.88
-35.19
-0.05
-31.01
-35.79
-0.18
-31.23
-24.01
0.97
-31.90
-24.58
0.77
-31.75
-25.34
0.47
-31.55
-26.34
0.52
-31.28
-27.18
0.53
-31.09
-28.95
0.96
-31.01
-29.65
0.98
-31.02
-30.55
0.99
-31.06
-31.51
0.97
-31.13
-32.50
0.92
-31.21
-33.48
0.81
-31.26
-34.40
0.67
-31.35
-35.27
0.50
-31.50
-36.14
0.20
-31.81
-36.75
-0.11
-32.16
-21.90
0.85
-33.10
-22.58
0.55
-32.78
-23.52
0.52
-32.27
-24.32
0.19
-32.01
-24.88
0.04
-31.82
-36.54
0.68
-32.53
-37.03
0.14
-32.71
-21.03
0.91
-34.01
-21.55
0.45
-33.68
-22.19
0.14
-33.23
-36.83
0.95
-33.05
-37.27
0.60
-33.44
-20.81
0.81
-34.62
-21.15
0.19
-34.53
-37.66
0.61
-34.22
-37.94
0.41
-34.84
-20.59
0.70
-35.38
-20.87
0.08
-35.25
-38.08
0.41
-35.63
-20.38
0.42
-36.18
-20.68
0.00
-35.78
-38.13
0.42
-36.50
-19.77
0.48
-37.66
-20.05
0.51
-36.97
-38.06
0.44
-37.37
-19.36
0.54
-38.95
-19.53
0.52
-38.44
-37.60
0.31
-38.77
-37.89
0.43
-38.17
-19.35
0.57
-39.37
-36.78
0.27
-39.84
-37.23
0.33
-39.34
-19.50
0.62
-39.73
-19.90
0.71
-40.04
-20.69
0.73
-40.45
-21.62
0.49
-40.57
-22.55
0.38
-40.63
-23.52
0.34
-40.66
-24.50
0.32
-40.68
-25.48
0.30
-40.70
-26.44
0.24
-40.75
-27.35
0.14
-40.81
-28.09
-0.00
-40.88
-35.72
0.35
-40.84
-36.29
0.35
-40.35
-21.07
1.08
-40.86
-21.72
1.00
-40.97
-22.58
0.94
-41.04
-23.52
0.91
-41.08
-24.50
0.90
-41.11
-25.48
0.88
-41.13
-26.46
0.83
-41.18
-27.44
0.74
-41.26
-28.47
0.49
-41.30
-29.53
0.58
-41.60
-30.55
0.38
-41.67
-31.51
0.27
-41.73
-32.47
0.18
-41.74
-33.41
0.20
-41.71
-34.29
0.31
-41.58
-35.12
0.57
-41.38
-29.89
1.04
-41.98
-30.62
0.97
-42.08
-31.53
0.91
-42.17
-32.49
0.83
-42.20
-33.40
0.83
-42.16
-34.23
0.91
-42.05
-34.87
1.06
-41.89
-24.19
1.88
-31.47
-24.56
1.85
-31.38
-24.95
1.85
-31.34
-27.89
0.89
-31.04
-28.36
0.93
-31.01
-23.93
1.63
-31.70
-24.60
1.44
-31.54
-25.33
1.54
-31.42
-26.41
1.47
-31.33
-27.51
1.36
-31.22
-28.57
1.47
-31.20
-29.55
1.66
-31.28
-30.51
1.70
-31.38
-31.49
1.71
-31.52
-32.53
1.66
-31.69
-33.51
1.41
-31.73
-34.41
1.24
-31.81
-35.22
1.07
-31.94
-35.84
0.90
-32.10
-20.37
2.25
-33.33
-20.84
1.96
-33.15
-21.59
1.56
-32.88
-22.45
1.42
-32.46
-23.24
1.39
-32.08
-32.93
2.07
-32.05
-33.62
1.96
-32.16
-34.45
1.80
-32.26
-35.27
1.61
-32.40
-36.04
1.35
-32.63
-20.24
2.09
-33.82
-20.75
1.50
-33.78
-21.28
1.16
-33.42
-36.56
1.52
-33.23
-37.06
1.45
-33.81
-20.09
2.01
-34.51
-20.46
1.44
-34.58
-37.49
1.43
-34.60
-37.82
1.06
-35.03
-20.00
1.96
-35.14
-20.24
1.46
-35.43
-37.61
1.73
-35.27
-37.88
1.30
-35.68
-20.13
1.27
-36.26
-37.99
1.28
-36.57
-19.64
1.32
-37.67
-19.92
1.25
-36.97
-37.97
1.34
-37.50
-19.29
0.97
-38.99
-19.37
1.33
-38.59
-37.64
0.94
-38.95
-37.83
1.34
-38.48
-19.28
1.02
-39.40
-19.29
1.54
-39.39
-36.92
0.86
-40.00
-37.35
1.13
-39.56
-37.64
1.69
-39.29
-19.41
1.00
-39.77
-19.61
1.38
-40.08
-20.28
1.41
-40.64
-36.00
0.92
-40.97
-36.55
1.14
-40.56
-37.13
1.74
-40.18
-37.49
1.91
-39.77
-20.87
1.58
-41.08
-21.67
1.56
-41.31
-22.57
1.53
-41.43
-23.52
1.51
-41.48
-24.50
1.50
-41.51
-25.47
1.48
-41.54
-26.44
1.46
-41.60
-27.45
1.46
-41.74
-28.41
1.22
-41.76
-29.16
1.13
-41.87
-35.67
1.26
-41.45
-36.28
1.80
-41.20
-36.80
2.02
-40.75
-27.83
1.90
-42.07
-28.56
1.79
-42.15
-29.52
1.60
-42.24
-30.52
1.60
-42.45
-31.52
1.63
-42.65
-32.51
1.46
-42.65
-33.42
1.43
-42.61
-34.28
1.53
-42.46
-35.16
1.76
-42.14
-35.83
2.05
-41.78
-31.87
2.08
-43.01
-32.58
2.05
-43.07
-33.41
2.02
-43.03
-34.18
2.09
-42.90
-34.77
2.16
-42.68
-24.10
2.19
-31.44
-24.52
2.22
-31.35
-24.93
2.18
-31.32
-21.91
2.95
-31.99
-22.61
2.78
-31.82
-23.61
2.46
-31.62
-24.48
2.67
-31.43
-25.33
2.46
-31.40
-26.43
2.45
-31.43
-27.48
2.41
-31.43
-28.51
2.43
-31.46
-29.48
2.48
-31.53
-30.44
2.50
-31.66
-31.44
2.54
-31.89
-32.20
2.26
-31.96
-20.17
2.77
-33.14
-20.76
2.61
-32.74
-21.57
2.47
-32.36
-22.42
2.17
-32.13
-23.08
2.01
-31.93
-31.96
2.92
-32.22
-32.65
2.62
-32.30
-33.57
2.62
-32.60
-34.47
2.37
-32.71
-35.26
2.16
-32.84
-35.86
1.95
-32.98
-19.87
2.68
-33.78
-33.90
3.04
-32.99
-34.56
2.91
-33.14
-35.36
2.70
-33.34
-36.16
2.28
-33.52
-36.78
2.19
-34.05
-19.73
2.58
-34.57
-37.13
2.24
-34.72
-19.70
2.41
-35.49
-19.95
1.93
-35.77
-37.03
2.96
-35.87
-37.34
2.40
-35.58
-37.71
1.92
-35.95
-19.57
2.41
-36.43
-19.88
1.87
-36.36
-37.09
3.05
-36.47
-37.44
2.57
-36.47
-37.77
2.02
-36.63
-19.47
2.17
-37.39
-19.78
1.79
-36.93
-37.14
3.12
-37.05
-37.44
2.75
-37.22
-37.76
2.22
-37.56
-19.19
2.23
-38.43
-37.77
2.17
-38.47
-17.59
3.39
-40.19
-17.89
3.26
-40.03
-18.41
2.97
-39.76
-18.98
2.39
-39.41
-37.44
2.63
-39.63
-37.65
2.32
-39.26
-17.58
3.36
-40.45
-17.95
3.17
-40.44
-18.55
2.88
-40.42
-19.32
2.30
-40.43
-20.03
1.99
-40.85
-37.25
2.44
-40.13
-37.53
2.24
-39.76
-17.63
3.39
-40.68
-17.97
3.32
-40.79
-18.61
3.18
-40.98
-19.53
2.91
-41.30
-20.53
2.31
-41.41
-21.57
2.19
-41.69
-22.54
2.13
-41.82
-23.51
2.11
-41.88
-24.49
2.09
-41.90
-25.46
2.07
-41.93
-26.37
2.03
-41.96
-27.10
1.98
-42.01
-36.39
2.55
-41.27
-36.86
2.50
-40.77
-20.03
3.20
-41.87
-20.71
2.94
-42.00
-21.59
2.80
-42.16
-22.54
2.73
-42.26
-23.51
2.69
-42.30
-24.49
2.67
-42.32
-25.47
2.65
-42.34
-26.45
2.59
-42.35
-27.47
2.42
-42.34
-28.48
2.44
-42.51
-29.48
2.46
-42.71
-30.43
2.26
-42.81
-31.15
2.16
-42.92
-35.36
2.59
-42.35
-35.91
2.61
-41.85
-29.84
2.96
-43.04
-30.56
2.86
-43.15
-31.50
2.65
-43.25
-32.49
2.73
-43.45
-33.36
2.62
-43.40
-34.13
2.76
-43.25
-34.82
2.69
-42.84
-32.80
3.15
-43.70
-33.33
3.09
-43.66
-33.80
3.09
-43.57
-20.12
4.06
-32.33
-20.73
3.90
-32.08
-21.61
3.62
-31.87
-22.55
3.56
-31.64
-23.49
3.51
-31.52
-24.46
3.51
-31.49
-25.42
3.44
-31.53
-26.45
3.40
-31.59
-27.48
3.38
-31.65
-28.48
3.33
-31.69
-29.43
3.31
-31.77
-30.31
3.30
-31.90
-31.11
3.36
-32.12
-19.33
4.11
-33.12
-19.85
3.64
-32.85
-20.61
3.30
-32.42
-21.24
3.12
-32.19
-31.81
3.62
-32.49
-32.60
3.31
-32.67
-33.24
3.17
-32.84
-19.12
4.02
-33.74
-19.51
3.38
-33.70
-32.17
4.05
-32.86
-32.75
3.89
-33.05
-33.58
3.62
-33.24
-34.48
3.53
-33.55
-35.34
3.40
-33.91
-36.12
2.97
-34.09
-36.59
2.69
-34.26
-18.94
3.95
-34.58
-19.33
3.25
-34.58
-35.64
3.73
-34.46
-36.23
3.39
-34.77
-36.76
2.83
-34.73
-18.80
3.88
-35.53
-19.25
3.16
-35.51
-36.61
3.38
-35.61
-36.93
2.89
-35.29
-18.73
3.76
-36.49
-19.16
3.09
-36.46
-36.70
3.54
-36.52
-18.63
3.64
-37.42
-19.06
2.98
-37.40
-36.86
3.52
-37.48
-37.33
3.05
-37.81
-37.62
2.69
-37.96
-18.49
3.53
-38.30
-18.88
2.94
-38.28
-36.81
3.64
-38.50
-37.29
3.14
-38.56
-37.61
2.71
-38.53
-17.52
3.65
-40.08
-17.79
3.65
-39.69
-18.28
3.41
-39.15
-18.73
2.93
-38.96
-36.75
3.62
-39.43
-37.26
3.05
-39.40
-37.57
2.73
-39.08
-17.46
3.64
-40.43
-36.58
3.51
-40.29
-37.02
3.01
-40.17
-17.57
3.64
-40.72
-17.92
3.69
-40.95
-18.50
3.74
-41.29
-19.22
3.66
-41.69
-36.34
3.25
-41.10
-36.79
2.94
-40.73
-19.91
3.82
-42.23
-20.75
3.54
-42.46
-21.62
3.39
-42.62
-22.55
3.31
-42.71
-23.51
3.26
-42.75
-24.50
3.24
-42.77
-25.49
3.24
-42.78
-26.47
3.21
-42.78
-27.46
3.15
-42.79
-28.38
3.10
-42.86
-29.11
3.04
-42.93
-35.35
3.30
-42.34
-35.86
3.24
-41.81
-20.25
4.20
-42.69
-20.83
4.11
-42.89
-21.65
4.02
-43.07
-22.57
3.89
-43.17
-23.52
3.83
-43.21
-24.50
3.81
-43.23
-25.48
3.83
-43.24
-26.48
3.88
-43.24
-27.48
3.85
-43.20
-28.46
3.77
-43.21
-29.47
3.57
-43.24
-30.48
3.61
-43.45
-31.44
3.53
-43.63
-32.16
3.29
-43.67
-34.29
3.40
-43.26
-34.85
3.30
-42.86
-31.86
3.94
-43.84
-32.53
3.70
-43.80
-33.27
3.59
-43.73
-33.82
3.49
-43.58
-22.09
4.85
-31.38
-22.51
4.80
-31.34
-22.92
4.80
-31.35
-19.41
5.01
-32.45
-19.90
4.72
-32.21
-20.73
4.68
-31.88
-21.71
4.59
-31.59
-22.52
4.36
-31.47
-23.33
4.48
-31.48
-24.40
4.40
-31.60
-25.43
4.35
-31.73
-26.45
4.28
-31.83
-27.49
4.32
-31.95
-28.49
4.15
-31.97
-29.41
4.09
-32.03
-30.23
4.03
-32.13
-30.86
3.96
-32.27
-19.17
4.73
-32.90
-19.59
4.34
-32.60
-27.86
4.83
-32.22
-28.56
4.82
-32.27
-29.42
4.84
-32.35
-30.30
4.74
-32.44
-31.21
4.50
-32.63
-18.83
4.73
-33.66
-31.97
4.67
-33.06
-32.71
4.62
-33.42
-33.55
4.49
-33.78
-34.39
4.17
-33.98
-35.02
3.98
-34.20
-18.57
4.69
-34.53
-33.87
4.89
-34.25
-34.47
4.66
-34.45
-35.25
4.34
-34.81
-35.88
3.95
-35.07
-17.93
5.04
-36.01
-18.32
4.68
-35.56
-35.51
4.65
-35.69
-36.07
4.05
-35.72
-17.83
4.94
-36.68
-18.27
4.40
-36.55
-35.67
4.81
-36.60
-36.19
4.15
-36.57
-17.75
4.79
-37.54
-18.20
4.24
-37.46
-35.74
4.87
-37.55
-36.28
4.19
-37.52
-17.68
4.61
-38.46
-18.10
4.09
-38.31
-35.77
4.83
-38.52
-36.28
4.22
-38.50
-17.48
3.99
-40.00
-17.62
4.32
-39.51
-18.00
3.95
-38.99
-35.72
4.76
-39.47
-36.22
4.18
-39.45
-17.47
4.02
-40.41
-17.62
4.55
-40.44
-17.93
4.82
-40.96
-35.57
4.67
-40.39
-36.09
4.09
-40.35
-17.56
3.93
-40.70
-17.83
4.17
-40.90
-18.37
4.54
-41.43
-18.99
4.26
-41.84
-34.73
4.94
-41.71
-35.28
4.55
-41.32
-35.88
3.93
-41.17
-18.81
4.91
-41.96
-19.40
4.65
-42.31
-33.26
5.29
-43.11
-33.72
5.06
-42.81
-34.41
4.68
-42.39
-35.13
4.03
-42.15
-35.67
3.75
-41.76
-20.07
4.78
-42.84
-20.77
4.78
-43.20
-21.66
4.77
-43.53
-22.60
4.51
-43.61
-23.54
4.41
-43.66
-24.49
4.39
-43.69
-25.46
4.45
-43.70
-26.48
4.63
-43.74
-27.51
4.59
-43.61
-28.48
4.53
-43.56
-29.44
4.47
-43.60
-30.44
4.50
-43.76
-31.16
4.22
-43.81
-32.99
5.03
-43.47
-33.56
4.57
-43.29
-34.19
4.07
-43.09
-34.77
3.81
-42.75
-22.07
5.16
-43.89
-22.71
5.07
-44.00
-23.56
5.00
-44.09
-24.47
4.99
-44.14
-25.37
5.00
-44.13
-26.09
5.08
-44.10
-30.94
4.89
-43.97
-31.61
4.64
-43.96
-32.51
4.61
-43.82
-33.30
4.16
-43.64
-33.80
3.90
-43.50
-22.08
5.17
-31.39
-22.50
5.18
-31.38
-22.92
5.10
-31.40
-19.31
5.62
-32.40
-19.88
5.58
-32.08
-20.69
5.56
-31.81
-21.68
5.49
-31.60
-22.48
5.61
-31.62
-23.31
5.29
-31.65
-24.36
5.19
-31.86
-25.40
5.21
-32.09
-26.40
4.99
-32.13
-27.14
4.89
-32.17
-18.91
5.56
-32.89
-25.80
5.72
-32.55
-26.59
5.52
-32.52
-27.51
5.34
-32.49
-28.44
5.47
-32.61
-29.36
5.71
-32.73
-30.29
5.60
-32.77
-31.09
5.49
-32.98
-18.56
5.51
-33.59
-23.03
6.49
-34.03
-23.49
6.38
-34.00
-23.95
6.39
-34.03
-26.01
6.06
-32.93
-26.66
6.02
-32.94
-27.48
5.99
-32.94
-28.29
6.04
-32.96
-28.90
6.14
-32.97
-31.83
5.52
-33.37
-32.58
5.45
-33.82
-33.23
5.15
-34.04
-18.24
5.46
-34.40
-22.98
6.45
-34.46
-23.44
6.37
-34.44
-23.87
6.44
-34.43
-32.92
5.82
-34.31
-33.58
5.51
-34.55
-34.33
5.21
-34.85
-34.87
4.99
-35.11
-17.64
5.53
-35.82
-17.99
5.40
-35.19
-22.99
6.50
-34.84
-23.39
6.50
-34.86
-23.76
6.54
-34.78
-33.85
5.86
-35.10
-34.36
5.66
-35.35
-34.94
5.36
-35.75
-16.92
5.91
-36.95
-17.35
5.54
-36.64
-35.16
5.52
-36.63
-16.86
5.85
-37.64
-17.30
5.35
-37.57
-34.98
6.10
-38.06
-35.22
5.66
-37.62
-16.84
5.80
-38.49
-17.27
5.24
-38.49
-34.96
6.05
-38.69
-35.31
5.46
-38.57
-16.88
5.80
-39.35
-17.28
5.19
-39.42
-34.87
5.98
-39.52
-35.26
5.35
-39.48
-16.97
5.86
-40.03
-17.39
5.40
-40.35
-17.81
5.36
-41.00
-34.70
5.85
-40.42
-35.14
5.24
-40.34
-18.19
5.37
-41.53
-33.98
5.98
-41.75
-34.46
5.58
-41.36
-34.97
5.12
-41.02
-18.64
5.56
-42.09
-19.26
5.54
-42.58
-33.09
5.83
-42.99
-33.66
5.75
-42.38
-34.18
5.33
-42.06
-19.93
5.57
-43.06
-20.62
5.56
-43.46
-21.31
5.53
-43.78
-26.83
5.21
-44.05
-27.60
5.36
-44.00
-28.51
5.28
-43.87
-29.37
5.25
-43.87
-30.14
5.30
-43.96
-32.62
5.74
-43.55
-21.89
5.71
-44.10
-22.66
5.71
-44.34
-23.53
5.63
-44.48
-24.48
5.66
-44.61
-25.43
5.58
-44.53
-26.41
5.66
-44.42
-27.20
5.80
-44.33
-30.76
5.54
-44.12
-31.54
5.60
-44.18
-32.11
5.57
-44.04
-24.81
6.08
-44.92
-25.45
6.09
-44.89
-26.09
6.12
-44.81
-31.73
5.83
-44.36
-31.92
5.80
-44.31
-19.19
6.34
-32.38
-19.76
6.46
-32.07
-20.57
6.53
-31.88
-21.48
6.48
-31.83
-22.43
6.47
-32.07
-23.39
5.99
-32.14
-24.28
5.78
-32.24
-24.96
5.69
-32.32
-18.74
6.39
-32.82
-19.83
6.94
-32.03
-20.23
6.97
-31.93
-22.74
6.80
-32.77
-23.51
6.36
-32.78
-24.37
6.17
-32.83
-25.18
6.01
-32.73
-29.65
6.53
-33.06
-30.36
6.44
-33.06
-31.01
6.36
-33.25
-18.29
6.30
-33.51
-21.37
7.43
-34.28
-21.85
7.22
-34.05
-22.64
6.85
-33.67
-23.53
6.49
-33.51
-24.46
6.49
-33.69
-25.58
6.42
-33.33
-26.57
6.52
-33.38
-27.45
6.57
-33.37
-28.27
6.63
-33.33
-29.01
6.69
-33.23
-31.67
6.45
-33.72
-32.28
6.14
-34.02
-15.57
7.56
-35.14
-15.93
7.38
-35.07
-16.56
7.02
-34.93
-17.23
6.64
-34.70
-17.85
6.24
-34.30
-21.23
7.38
-34.72
-21.81
7.03
-34.61
-22.49
6.72
-34.47
-24.30
6.71
-34.44
-32.02
6.85
-34.25
-32.61
6.52
-34.58
-33.26
6.14
-34.84
-15.51
7.50
-35.43
-15.83
7.21
-35.74
-16.54
6.67
-35.67
-17.24
6.15
-35.48
-17.71
5.93
-34.99
-21.20
7.36
-35.26
-21.81
7.06
-35.21
-22.61
6.81
-35.14
-23.36
6.89
-35.29
-23.98
6.87
-34.99
-32.97
6.93
-35.30
-33.60
6.40
-35.41
-34.23
6.16
-35.77
-34.66
5.93
-36.04
-15.91
6.99
-36.63
-16.56
6.38
-36.60
-17.05
6.01
-36.23
-21.24
7.46
-35.67
-21.77
7.31
-35.72
-22.47
7.19
-35.73
-23.06
7.20
-35.73
-33.21
7.19
-35.81
-33.66
6.94
-36.03
-34.22
6.61
-36.32
-34.72
6.24
-36.63
-15.91
6.93
-37.56
-16.42
6.36
-37.56
-34.71
6.63
-37.90
-34.84
6.34
-37.34
-15.91
6.92
-38.50
-16.40
6.35
-38.49
-34.65
6.71
-38.66
-15.95
6.94
-39.43
-16.46
6.36
-39.42
-34.54
6.71
-39.50
-16.02
7.02
-40.34
-16.68
6.39
-40.38
-17.28
6.00
-40.83
-17.68
5.80
-41.14
-34.00
6.97
-40.93
-34.31
6.66
-40.43
-16.12
7.19
-41.11
-16.71
6.78
-41.19
-17.34
6.41
-41.41
-17.89
6.01
-41.58
-33.82
6.67
-41.50
-34.20
6.29
-41.10
-16.22
7.39
-41.61
-16.75
7.18
-41.78
-17.46
6.88
-41.99
-18.27
6.43
-42.24
-19.07
6.41
-42.80
-32.87
6.62
-42.90
-33.38
6.63
-42.23
-19.78
6.43
-43.30
-20.52
6.41
-43.75
-21.13
6.14
-43.96
-27.93
5.90
-44.23
-28.59
5.92
-44.15
-29.35
5.90
-44.11
-29.97
5.86
-44.11
-31.81
6.86
-43.93
-32.30
6.57
-43.59
-20.89
6.82
-44.13
-21.58
6.52
-44.35
-22.56
6.50
-44.74
-23.46
6.24
-44.84
-24.15
6.14
-44.90
-26.80
6.24
-44.70
-27.60
6.39
-44.59
-28.56
6.50
-44.46
-29.44
6.50
-44.38
-30.38
6.32
-44.29
-31.41
6.43
-44.24
-31.93
6.14
-44.09
-22.93
6.94
-45.15
-23.62
6.77
-45.21
-24.51
6.57
-45.20
-25.45
6.66
-45.22
-26.39
6.68
-45.07
-27.17
6.86
-44.97
-31.69
6.09
-44.38
-31.87
6.01
-44.33
-19.07
6.87
-32.36
-19.43
6.91
-32.16
-20.70
7.13
-31.89
-21.21
7.41
-31.90
-21.98
7.43
-32.19
-17.97
7.85
-32.95
-18.66
7.33
-32.63
-19.54
7.35
-32.13
-20.30
7.43
-31.92
-20.76
7.63
-31.88
-22.36
7.56
-32.70
-29.81
7.26
-33.34
-30.42
7.23
-33.33
-30.89
7.01
-33.41
-16.20
8.16
-34.10
-16.69
7.97
-33.86
-17.43
7.70
-33.50
-18.03
7.05
-33.39
-21.15
7.87
-34.11
-21.71
7.75
-33.69
-22.27
7.62
-33.25
-25.01
6.87
-34.09
-25.70
6.98
-33.98
-26.57
7.07
-33.90
-27.44
7.16
-33.82
-28.29
7.27
-33.73
-29.16
7.47
-33.63
-30.70
7.61
-33.60
-31.21
7.38
-33.83
-15.43
7.95
-35.03
-15.92
7.89
-34.57
-16.59
7.49
-34.36
-17.25
7.16
-34.12
-17.72
6.82
-33.93
-20.26
8.25
-35.06
-20.71
7.93
-34.73
-24.86
7.15
-34.63
-25.67
7.53
-34.64
-26.58
7.62
-34.42
-27.43
7.72
-34.29
-28.22
7.83
-34.17
-28.85
7.95
-34.07
-31.79
7.55
-34.50
-32.29
7.24
-34.82
-15.26
7.87
-35.52
-15.37
7.64
-36.00
-20.22
8.23
-35.49
-20.71
7.80
-35.36
-23.73
7.32
-35.59
-24.46
7.53
-35.37
-25.25
7.82
-35.19
-32.03
7.90
-35.04
-32.51
7.63
-35.40
-15.41
7.54
-36.71
-20.32
8.27
-35.88
-20.90
7.91
-35.92
-21.66
7.77
-36.14
-22.48
7.69
-36.17
-23.35
7.67
-36.03
-24.07
7.91
-35.94
-33.01
7.71
-36.06
-33.60
7.54
-36.58
-34.19
7.07
-36.85
-34.54
6.73
-36.91
-15.41
7.51
-37.57
-33.80
7.80
-37.17
-34.28
7.36
-37.60
-34.59
6.82
-37.27
-15.42
7.51
-38.50
-34.34
7.49
-38.57
-15.43
7.53
-39.43
-34.28
7.52
-39.41
-15.08
8.06
-40.69
-15.42
7.65
-40.36
-33.85
7.61
-40.83
-34.11
7.53
-40.19
-15.19
8.12
-41.22
-15.63
7.69
-41.16
-33.57
7.55
-41.47
-15.36
8.23
-41.66
-15.90
7.92
-41.82
-16.66
7.78
-42.22
-17.46
7.53
-42.48
-18.23
7.28
-42.72
-18.93
7.20
-43.08
-32.73
7.51
-42.77
-33.18
7.51
-42.14
-19.59
7.32
-43.57
-20.24
7.10
-43.87
-31.69
7.59
-43.88
-32.22
7.52
-43.38
-19.90
7.82
-44.01
-20.59
7.54
-44.31
-21.48
7.45
-44.79
-22.21
7.17
-45.00
-27.91
7.02
-44.87
-28.61
7.12
-44.78
-29.44
7.19
-44.68
-30.27
7.24
-44.55
-31.02
7.53
-44.35
-21.89
7.86
-45.27
-22.64
7.60
-45.47
-23.59
7.38
-45.61
-24.50
7.29
-45.66
-25.43
7.37
-45.65
-26.43
7.59
-45.58
-27.53
7.51
-45.25
-28.51
7.75
-45.13
-29.38
7.86
-44.97
-30.14
7.90
-44.78
-30.63
7.92
-44.63
-22.98
8.06
-45.95
-23.65
7.96
-46.05
-24.48
7.92
-46.09
-25.31
8.00
-46.07
-25.98
8.05
-45.97
-19.28
9.12
-31.55
-19.70
9.03
-31.49
-20.25
8.92
-31.52
-20.69
8.78
-31.61
-19.04
8.88
-31.81
-19.64
8.64
-31.69
-20.30
8.49
-31.68
-21.00
8.32
-31.84
-21.82
8.22
-32.21
-17.86
8.50
-32.76
-18.66
8.38
-32.26
-19.51
8.11
-31.95
-20.22
8.02
-31.83
-20.70
8.01
-31.83
-22.37
8.35
-32.66
-22.92
8.71
-32.83
-23.22
8.85
-32.90
-29.96
7.74
-33.52
-30.28
7.73
-33.49
-16.08
8.69
-33.94
-16.64
8.56
-33.57
-17.25
8.44
-33.20
-20.95
8.49
-33.81
-21.63
8.37
-33.38
-22.33
8.37
-33.02
-22.92
8.72
-32.93
-23.21
8.85
-32.93
-29.74
8.14
-33.90
-30.44
8.11
-33.81
-30.98
8.17
-34.12
-15.17
8.62
-35.00
-15.61
8.63
-34.42
-20.01
8.70
-34.97
-20.43
8.56
-34.41
-25.97
8.03
-35.03
-26.65
8.14
-34.89
-27.45
8.25
-34.76
-28.27
8.37
-34.62
-29.10
8.52
-34.45
-31.41
8.33
-34.65
-14.87
8.52
-35.76
-15.06
8.06
-36.14
-19.56
8.93
-35.85
-19.81
8.77
-35.63
-24.83
8.17
-35.78
-25.63
8.41
-35.57
-26.59
8.61
-35.38
-27.44
8.74
-35.25
-28.22
8.85
-35.11
-28.84
8.94
-34.98
-31.82
8.47
-35.25
-32.28
8.39
-35.75
-14.58
8.65
-36.59
-14.99
8.08
-36.73
-19.62
8.94
-36.04
-20.01
8.81
-36.16
-20.79
8.49
-36.40
-21.61
8.35
-36.57
-22.48
8.32
-36.62
-23.38
8.37
-36.54
-24.39
8.60
-36.37
-25.22
8.79
-36.13
-32.77
8.46
-36.43
-33.29
8.17
-36.78
-13.41
9.43
-37.96
-13.73
9.21
-37.76
-14.30
8.76
-37.50
-14.91
8.11
-37.57
-20.23
9.13
-36.64
-20.81
9.05
-36.82
-21.59
8.98
-36.96
-22.46
8.98
-37.04
-23.30
8.98
-37.00
-23.97
9.06
-36.91
-33.00
8.76
-37.00
-33.47
8.46
-37.33
-33.91
8.28
-37.91
-13.39
9.41
-38.31
-13.73
9.14
-38.38
-14.28
8.70
-38.58
-14.90
8.09
-38.51
-34.05
8.33
-38.62
-14.50
8.55
-39.51
-14.97
8.05
-39.39
-34.05
8.34
-39.38
-14.70
8.46
-40.40
-15.02
8.04
-40.07
-33.68
8.39
-40.69
-33.93
8.31
-40.07
-14.80
8.62
-41.20
-33.38
8.38
-41.38
-15.11
8.75
-41.83
-15.76
8.67
-42.29
-16.59
8.55
-42.72
-17.47
8.22
-42.93
-18.23
7.93
-43.10
-18.76
7.73
-43.26
-32.60
8.37
-42.64
-33.02
8.36
-42.04
-16.92
8.99
-43.16
-17.61
8.87
-43.41
-18.39
8.45
-43.52
-19.07
8.03
-43.62
-31.59
8.44
-43.77
-32.13
8.39
-43.23
-18.03
9.18
-43.78
-18.63
8.97
-43.93
-19.49
8.58
-44.17
-20.46
8.52
-44.75
-21.17
8.17
-45.02
-30.52
8.83
-44.62
-30.97
8.48
-44.32
-20.92
8.89
-45.27
-21.58
8.55
-45.53
-22.28
8.27
-45.77
-26.82
8.36
-45.91
-27.63
8.35
-45.67
-28.50
8.47
-45.47
-29.36
8.61
-45.21
-30.15
8.57
-44.88
-30.63
8.32
-44.65
-21.97
8.95
-46.05
-22.68
8.70
-46.26
-23.59
8.55
-46.43
-24.44
8.55
-46.50
-25.34
8.72
-46.49
-26.19
8.60
-46.23
-22.99
9.15
-46.69
-23.62
9.11
-46.80
-24.35
9.10
-46.84
-24.95
9.13
-46.80
-19.16
9.40
-31.59
-19.65
9.38
-31.49
-20.24
9.29
-31.59
-20.72
9.03
-31.66
-18.13
9.49
-32.30
-18.65
9.34
-31.95
-20.53
9.36
-32.00
-21.12
8.92
-32.01
-21.76
8.67
-32.25
-16.34
9.69
-33.44
-16.83
9.55
-33.18
-17.64
9.26
-32.72
-18.29
9.02
-32.26
-20.67
9.36
-32.61
-21.41
9.02
-32.55
-22.19
8.75
-32.62
-22.88
8.83
-32.82
-23.21
8.89
-32.89
-16.02
9.44
-33.77
-16.63
9.14
-33.36
-17.15
8.96
-33.06
-20.65
9.14
-33.38
-21.52
8.85
-33.05
-22.28
8.73
-32.90
-22.90
8.82
-32.90
-23.21
8.88
-32.92
-29.98
8.70
-34.26
-30.43
8.72
-34.24
-30.83
8.69
-34.36
-14.90
9.45
-34.91
-15.42
9.39
-34.32
-19.70
9.25
-34.79
-20.14
9.16
-34.13
-29.74
9.10
-34.78
-30.42
9.15
-34.74
-31.02
9.01
-34.88
-13.93
9.92
-35.98
-14.41
9.46
-35.67
-19.45
9.11
-35.85
-19.48
9.28
-35.60
-25.98
8.96
-35.95
-26.65
9.10
-35.85
-27.47
9.22
-35.74
-28.29
9.32
-35.60
-29.13
9.40
-35.40
-31.54
9.14
-35.60
-32.03
8.94
-35.96
-13.73
9.76
-36.53
-14.17
9.26
-36.44
-19.48
9.13
-36.06
-19.58
9.36
-36.22
-24.85
9.35
-36.81
-25.67
9.34
-36.45
-26.59
9.57
-36.37
-27.47
9.69
-36.28
-28.30
9.75
-36.16
-28.97
9.77
-36.01
-31.72
9.44
-36.23
-32.25
9.19
-36.55
-13.19
9.77
-37.84
-13.55
9.58
-37.25
-14.00
9.19
-37.05
-20.00
9.63
-36.84
-20.74
9.69
-37.14
-21.55
9.66
-37.27
-22.48
9.74
-37.44
-23.37
9.59
-37.41
-24.22
9.63
-37.29
-32.73
9.27
-37.25
-33.28
9.16
-37.81
-33.68
8.89
-38.12
-13.15
9.77
-38.61
-13.58
9.33
-38.91
-13.96
9.01
-39.05
-22.91
10.11
-37.76
-23.47
10.07
-37.78
-24.04
10.07
-37.72
-33.42
9.38
-38.37
-33.73
9.08
-38.67
-13.07
9.99
-39.53
-13.56
9.46
-39.63
-14.04
9.01
-39.66
-33.51
9.40
-39.81
-33.77
9.09
-39.42
-13.14
10.11
-40.39
-13.62
9.58
-40.43
-14.15
9.06
-40.45
-33.46
9.16
-40.45
-33.77
8.89
-39.99
-13.27
10.22
-41.13
-13.73
9.75
-41.18
-14.30
9.23
-41.25
-33.16
9.13
-41.27
-13.43
10.33
-41.63
-13.86
10.05
-41.80
-14.63
9.58
-42.05
-15.53
9.53
-42.69
-16.21
9.21
-42.92
-32.43
9.15
-42.47
-32.85
9.10
-41.92
-15.96
9.90
-43.15
-16.57
9.58
-43.31
-17.28
9.57
-43.64
-31.47
9.22
-43.55
-31.99
9.15
-43.05
-17.85
9.74
-43.96
-18.58
9.70
-44.24
-19.39
9.56
-44.57
-20.14
9.46
-44.99
-29.77
9.83
-44.87
-30.33
9.44
-44.56
-30.94
9.25
-44.09
-20.75
9.60
-45.52
-21.33
9.26
-45.79
-27.03
8.90
-46.15
-27.67
9.02
-46.04
-28.47
9.19
-45.83
-29.32
9.53
-45.45
-29.96
9.18
-44.99
-21.10
9.94
-45.99
-21.70
9.65
-46.29
-22.35
9.34
-46.52
-25.77
9.39
-46.75
-26.62
9.30
-46.49
-27.53
9.64
-46.47
-28.35
9.74
-46.30
-28.98
10.02
-46.18
-22.13
9.98
-46.75
-22.74
9.73
-46.90
-23.57
9.73
-47.09
-24.40
9.71
-47.11
-25.16
9.64
-46.99
-27.81
10.09
-46.67
-28.37
10.15
-46.61
-28.87
10.25
-46.53
-19.14
9.65
-31.69
-19.53
9.66
-31.63
-19.93
9.60
-31.65
-18.19
9.76
-32.39
-18.77
9.76
-32.11
-19.40
9.82
-32.05
-19.98
9.69
-32.02
-16.29
10.01
-33.55
-16.84
10.01
-33.37
-17.74
9.90
-32.96
-18.56
9.99
-32.80
-19.31
9.93
-32.70
-19.99
9.72
-32.63
-15.21
10.51
-34.38
-15.81
10.23
-34.02
-16.61
10.45
-34.00
-17.59
10.29
-33.75
-18.45
10.16
-33.62
-19.24
9.94
-33.51
-19.93
9.65
-33.36
-14.18
10.73
-35.25
-14.74
10.34
-34.82
-15.28
10.01
-34.33
-16.81
10.75
-34.70
-17.61
10.51
-34.59
-18.42
10.23
-34.52
-19.24
9.81
-34.45
-19.78
9.59
-33.98
-30.00
9.53
-35.20
-30.44
9.55
-35.21
-30.86
9.46
-35.25
-13.23
10.92
-36.24
-13.74
10.55
-35.82
-14.26
10.13
-35.39
-16.93
10.95
-35.48
-17.64
10.66
-35.46
-18.38
10.33
-35.46
-19.04
9.88
-35.48
-29.76
9.75
-35.70
-30.43
9.80
-35.79
-31.05
9.62
-35.78
-12.53
11.10
-37.21
-12.90
10.82
-36.83
-13.36
10.30
-36.54
-17.03
11.12
-36.22
-17.68
10.85
-36.29
-18.42
10.52
-36.38
-19.13
10.03
-36.36
-21.11
10.66
-37.50
-21.45
10.63
-37.47
-21.77
10.64
-37.52
-25.14
9.82
-37.12
-25.75
9.95
-37.03
-26.59
10.09
-36.95
-27.51
10.17
-36.89
-28.44
10.16
-36.75
-29.42
10.07
-36.48
-30.42
10.07
-36.58
-31.33
9.84
-36.60
-31.98
9.66
-36.92
-12.44
11.01
-37.72
-12.83
10.41
-37.58
-13.20
10.08
-37.11
-17.12
11.29
-36.79
-17.68
11.15
-37.03
-18.52
10.91
-37.35
-19.57
10.38
-37.26
-20.69
10.48
-37.56
-21.44
10.30
-37.47
-22.09
10.42
-37.64
-24.85
10.13
-37.52
-25.63
10.49
-37.64
-26.56
10.59
-37.56
-27.53
10.69
-37.62
-28.51
10.58
-37.48
-29.47
10.49
-37.42
-30.44
10.39
-37.51
-31.39
10.16
-37.57
-32.29
9.81
-37.66
-32.93
9.62
-38.03
-12.34
11.05
-38.42
-12.67
10.47
-38.51
-18.89
11.22
-38.13
-19.58
10.94
-38.08
-20.31
10.95
-38.18
-22.75
10.55
-37.99
-23.54
10.57
-38.11
-24.41
10.54
-38.01
-25.17
10.76
-38.05
-27.88
11.01
-38.15
-28.59
10.93
-38.17
-29.48
10.83
-38.25
-30.44
10.72
-38.50
-31.42
10.45
-38.54
-32.32
10.11
-38.59
-33.11
9.73
-38.67
-33.52
9.51
-38.86
-12.30
11.13
-39.03
-12.57
10.73
-39.46
-19.16
11.42
-38.59
-19.63
11.32
-38.63
-20.15
11.27
-38.63
-30.75
10.84
-39.23
-31.43
10.65
-39.54
-32.34
10.24
-39.53
-33.14
9.79
-39.54
-33.53
9.52
-39.27
-12.73
10.75
-40.42
-31.61
10.64
-40.50
-32.33
10.25
-40.46
-32.97
9.78
-40.43
-12.95
10.80
-41.21
-31.57
10.57
-41.40
-32.24
10.14
-41.34
-32.79
9.71
-41.23
-13.29
10.82
-41.82
-13.81
10.63
-42.21
-14.48
10.41
-42.53
-15.17
10.38
-42.94
-30.74
10.69
-42.71
-31.34
10.41
-42.33
-32.13
9.84
-42.18
-32.63
9.60
-41.81
-15.81
10.62
-43.39
-16.55
10.29
-43.62
-17.11
10.12
-43.81
-29.85
10.75
-43.80
-30.46
10.50
-43.39
-31.22
9.96
-43.21
-31.82
9.69
-42.84
-16.18
11.05
-43.73
-16.74
10.87
-43.92
-17.53
10.56
-44.12
-18.45
10.56
-44.48
-19.34
10.52
-44.89
-19.93
10.16
-45.14
-29.06
10.92
-44.86
-29.60
10.50
-44.56
-30.33
10.07
-44.10
-30.86
9.79
-43.83
-19.78
10.85
-45.30
-20.31
10.51
-45.58
-28.94
10.85
-45.46
-29.30
10.37
-45.46
-20.88
10.58
-46.12
-21.45
10.52
-46.57
-25.96
9.92
-46.94
-26.58
9.97
-46.82
-27.20
10.04
-46.73
-28.95
10.84
-46.02
-29.29
10.58
-46.30
-29.88
10.80
-46.73
-30.19
10.88
-46.87
-22.02
10.59
-46.99
-22.73
10.53
-47.26
-23.59
10.47
-47.40
-24.50
10.43
-47.38
-25.53
10.38
-47.20
-26.54
10.62
-47.03
-27.50
10.48
-46.82
-28.40
10.53
-46.74
-29.17
10.60
-46.67
-29.85
10.80
-46.82
-30.18
10.88
-46.90
-15.18
10.85
-34.50
-15.61
10.82
-34.41
-16.10
10.81
-34.37
-14.17
11.19
-35.29
-14.80
11.09
-34.93
-15.43
11.26
-34.99
-16.14
11.04
-34.86
-13.21
11.33
-36.20
-13.70
11.24
-35.77
-15.64
11.54
-35.64
-16.28
11.25
-35.55
-12.49
11.47
-37.19
-12.84
11.39
-36.73
-15.82
11.74
-36.32
-16.44
11.44
-36.30
-21.21
10.82
-37.58
-21.49
10.84
-37.58
-21.75
10.81
-37.60
-12.33
11.54
-37.76
-16.00
11.91
-36.89
-16.68
11.68
-37.05
-17.44
11.63
-37.60
-18.10
11.40
-37.80
-21.07
10.88
-37.82
-21.53
10.98
-37.89
-21.96
10.85
-37.85
-25.87
10.93
-38.07
-26.51
11.02
-38.09
-27.18
11.05
-38.12
-12.24
11.66
-38.49
-17.70
11.92
-38.14
-18.35
11.74
-38.37
-20.87
11.17
-38.36
-21.60
11.25
-38.43
-22.46
11.09
-38.40
-23.49
11.12
-38.59
-24.46
11.13
-38.59
-25.46
11.20
-38.51
-26.45
11.43
-38.71
-27.50
11.37
-38.71
-28.50
11.27
-38.86
-29.38
11.12
-38.95
-30.06
10.99
-39.03
-12.19
11.65
-39.23
-12.30
11.44
-39.82
-19.00
11.85
-38.87
-19.71
11.76
-39.04
-20.56
11.62
-38.98
-21.54
11.68
-39.10
-22.50
11.64
-39.16
-23.49
11.62
-39.23
-24.45
11.63
-39.23
-25.36
11.66
-39.18
-26.08
11.71
-39.18
-27.78
11.64
-39.36
-28.49
11.58
-39.70
-29.43
11.33
-39.72
-30.31
11.07
-39.69
-30.93
10.92
-39.94
-12.45
11.43
-40.56
-28.70
11.74
-40.61
-29.51
11.46
-40.59
-30.29
11.19
-40.58
-30.97
10.95
-40.60
-12.70
11.51
-41.33
-28.76
11.82
-41.53
-29.54
11.49
-41.50
-30.30
11.18
-41.46
-30.96
10.92
-41.38
-13.13
11.62
-42.09
-13.75
11.30
-42.53
-14.39
11.11
-42.84
-14.93
10.99
-43.08
-28.72
11.84
-42.50
-29.53
11.41
-42.44
-30.33
11.03
-42.35
-30.91
10.83
-42.04
-13.35
12.00
-42.55
-13.81
11.88
-42.81
-14.46
11.75
-43.09
-15.28
11.50
-43.40
-28.09
12.04
-44.01
-28.59
11.76
-43.54
-29.47
11.19
-43.41
-30.10
10.93
-43.06
-16.03
11.68
-43.81
-16.75
11.64
-44.10
-17.53
11.53
-44.36
-18.34
11.49
-44.67
-19.09
11.48
-45.04
-27.98
11.94
-44.65
-28.66
11.39
-44.54
-29.24
11.03
-44.17
-19.68
11.52
-45.48
-20.20
11.34
-45.86
-27.20
12.16
-45.95
-27.71
11.88
-45.52
-28.47
11.30
-45.45
-20.70
11.34
-46.36
-21.25
11.26
-46.81
-27.04
11.99
-46.50
-27.72
11.52
-46.27
-28.59
11.08
-46.22
-29.29
10.85
-46.54
-29.89
10.87
-46.78
-30.19
10.91
-46.89
-21.83
11.34
-47.27
-22.65
11.38
-47.66
-23.58
11.23
-47.75
-24.51
11.22
-47.71
-25.48
11.31
-47.52
-26.53
11.64
-47.16
-27.56
11.13
-46.77
-28.46
10.89
-46.66
-29.24
10.81
-46.72
-29.87
10.86
-46.85
-30.18
10.90
-46.91
-22.93
11.88
-48.05
-23.61
11.88
-48.10
-24.46
11.96
-48.06
-25.33
12.03
-47.88
-26.01
12.14
-47.65
-14.16
11.56
-35.47
-14.59
11.58
-35.34
-15.02
11.60
-35.32
-13.29
11.69
-36.28
-13.83
11.73
-35.96
-14.47
11.86
-35.87
-15.08
11.80
-35.80
-12.58
11.81
-37.23
-13.02
11.89
-36.84
-13.71
12.10
-36.65
-14.46
12.15
-36.55
-15.21
12.02
-36.47
-12.49
12.04
-37.75
-12.97
12.31
-37.51
-13.68
12.48
-37.35
-14.53
12.49
-37.27
-15.52
12.30
-37.26
-16.42
12.19
-37.61
-17.06
12.08
-37.88
-12.39
12.42
-38.61
-12.94
12.77
-38.20
-13.67
12.93
-38.01
-14.54
12.96
-37.95
-15.48
12.87
-38.01
-16.41
12.73
-38.21
-17.30
12.45
-38.40
-18.08
12.42
-38.81
-26.69
11.72
-39.17
-27.18
11.69
-39.18
-12.17
12.39
-39.61
-12.19
11.97
-40.01
-18.81
12.59
-39.34
-19.69
12.38
-39.54
-20.57
12.26
-39.67
-21.53
12.22
-39.82
-22.51
12.12
-39.89
-23.50
12.06
-39.92
-24.47
12.02
-39.91
-25.43
12.00
-39.84
-26.39
11.94
-39.69
-27.33
11.88
-39.75
-27.96
11.85
-40.02
-12.15
12.67
-40.48
-12.26
12.08
-40.61
-19.12
13.02
-39.82
-19.73
12.95
-40.04
-20.56
12.88
-40.29
-21.52
12.80
-40.60
-22.53
12.57
-40.67
-23.52
12.42
-40.68
-24.49
12.34
-40.67
-25.45
12.29
-40.64
-26.39
12.24
-40.60
-27.26
12.15
-40.61
-28.00
11.99
-40.68
-12.26
12.82
-41.20
-12.45
12.24
-41.32
-21.85
13.09
-41.23
-22.60
12.96
-41.51
-23.58
12.71
-41.49
-24.52
12.59
-41.48
-25.46
12.54
-41.48
-26.39
12.48
-41.49
-27.24
12.35
-41.48
-28.01
12.14
-41.54
-12.44
12.93
-41.69
-12.80
12.54
-42.02
-22.94
13.17
-42.29
-23.70
12.95
-42.26
-24.56
12.82
-42.27
-25.45
12.76
-42.30
-26.38
12.72
-42.42
-27.22
12.55
-42.33
-27.94
12.30
-42.50
-13.26
12.51
-42.57
-13.79
12.50
-42.90
-14.45
12.50
-43.19
-15.22
12.50
-43.51
-23.19
13.31
-42.85
-23.78
13.18
-42.92
-24.56
13.07
-42.98
-25.38
12.99
-43.01
-26.05
12.91
-43.00
-27.70
12.39
-43.85
-27.99
12.28
-43.28
-15.99
12.52
-43.90
-16.74
12.50
-44.25
-17.51
12.42
-44.54
-18.26
12.37
-44.84
-18.94
12.35
-45.23
-27.48
12.42
-44.53
-19.58
12.37
-45.81
-20.10
11.96
-46.10
-26.88
12.63
-45.80
-27.23
12.46
-45.22
-19.95
12.75
-46.51
-20.50
12.14
-46.68
-21.07
11.84
-47.03
-26.71
12.65
-46.53
-20.18
13.04
-47.07
-20.71
12.74
-47.43
-21.49
12.11
-47.58
-22.22
11.96
-47.87
-26.48
12.69
-47.28
-26.52
13.05
-47.59
-21.07
13.09
-48.10
-21.71
12.68
-48.18
-22.56
12.40
-48.28
-23.46
12.51
-48.43
-24.35
12.76
-48.40
-25.30
12.75
-48.11
-26.08
12.80
-47.80
-26.40
13.08
-47.79
-21.33
13.31
-48.49
-21.82
13.17
-48.60
-22.54
13.06
-48.69
-23.30
13.07
-48.73
-23.88
13.14
-48.69
-12.46
13.18
-39.09
-12.96
13.34
-38.75
-13.67
13.45
-38.58
-14.53
13.48
-38.54
-15.45
13.44
-38.61
-16.40
13.39
-38.82
-17.25
13.10
-38.91
-17.84
12.95
-39.09
-12.24
13.20
-39.74
-16.76
13.73
-39.25
-17.39
13.57
-39.37
-18.17
13.32
-39.56
-12.18
13.32
-40.48
-18.82
13.54
-40.07
-19.59
13.56
-40.47
-20.42
13.51
-40.85
-21.13
13.29
-41.01
-12.26
13.39
-41.17
-20.76
13.79
-41.38
-21.45
13.55
-41.61
-22.12
13.35
-41.88
-12.49
13.40
-41.71
-12.99
13.35
-42.19
-13.65
13.64
-42.56
-14.32
13.79
-42.84
-14.87
13.89
-43.07
-21.73
13.76
-42.24
-22.33
13.57
-42.52
-26.67
12.83
-42.97
-27.21
12.70
-42.94
-27.63
12.56
-42.89
-13.29
13.00
-42.59
-13.75
13.10
-42.84
-14.42
13.23
-43.11
-15.22
13.46
-43.43
-22.90
13.68
-43.28
-23.72
13.50
-43.51
-24.55
13.36
-43.64
-25.43
13.23
-43.70
-26.35
12.99
-43.56
-27.20
12.72
-43.60
-27.64
12.56
-43.25
-16.03
13.39
-43.95
-16.80
13.36
-44.40
-17.52
13.24
-44.74
-18.20
13.14
-45.02
-18.76
13.10
-45.35
-23.08
13.95
-43.94
-23.71
13.84
-44.14
-24.52
13.70
-44.33
-25.40
13.54
-44.56
-26.29
13.17
-44.50
-26.97
12.82
-44.41
-19.19
13.19
-45.85
-25.69
13.61
-45.24
-26.34
13.23
-45.49
-26.86
12.86
-45.04
-19.54
13.40
-46.50
-26.37
13.26
-46.45
-19.94
13.60
-47.21
-20.40
13.33
-47.62
-26.39
13.29
-47.19
-26.48
13.35
-47.59
-20.19
13.86
-47.72
-20.67
13.65
-48.08
-24.56
13.49
-48.48
-25.31
13.43
-48.17
-25.99
13.35
-47.94
-26.37
13.37
-47.82
-21.21
13.72
-48.55
-21.81
13.69
-48.78
-22.53
13.65
-48.87
-23.26
13.64
-48.87
-23.93
13.61
-48.75
-12.56
13.65
-39.36
-12.99
13.84
-39.24
-13.68
13.96
-39.10
-14.51
14.00
-39.06
-15.38
13.97
-39.11
-16.09
13.87
-39.16
-12.46
13.79
-39.85
-12.98
14.26
-39.87
-13.71
14.40
-39.64
-14.53
14.46
-39.59
-15.47
14.45
-39.69
-16.45
14.17
-39.60
-17.33
14.05
-39.80
-17.98
13.88
-39.92
-12.38
13.88
-40.51
-12.77
14.34
-40.56
-15.86
14.71
-40.17
-16.57
14.60
-40.23
-17.44
14.46
-40.35
-18.39
14.19
-40.46
-19.36
14.20
-40.94
-20.07
14.02
-41.15
-12.41
13.90
-41.15
-12.78
14.30
-41.21
-19.69
14.48
-41.47
-20.38
14.28
-41.74
-21.09
14.02
-41.97
-12.56
13.84
-41.60
-13.00
14.09
-41.81
-13.68
14.22
-42.22
-14.40
14.32
-42.53
-15.10
14.35
-42.89
-20.69
14.54
-42.54
-21.40
14.18
-42.62
-21.99
13.96
-42.89
-15.63
14.20
-43.42
-20.85
14.72
-43.19
-21.47
14.54
-43.51
-22.25
14.13
-43.51
-16.23
14.13
-43.98
-16.98
14.20
-44.61
-17.61
13.92
-45.03
-18.20
13.72
-45.28
-18.61
13.57
-45.45
-21.83
14.70
-44.36
-22.67
14.35
-44.35
-23.57
14.22
-44.75
-24.39
14.05
-44.94
-25.04
13.88
-45.05
-17.42
14.60
-45.27
-17.81
14.36
-45.51
-18.33
14.09
-45.70
-18.82
13.75
-45.84
-22.00
14.85
-45.01
-22.65
14.72
-45.19
-23.51
14.61
-45.56
-24.42
14.34
-45.66
-25.28
13.98
-45.67
-25.88
13.70
-45.90
-17.64
14.78
-45.67
-18.04
14.69
-45.98
-18.53
14.39
-46.20
-19.09
13.99
-46.40
-23.79
14.76
-46.21
-24.46
14.59
-46.47
-25.25
14.20
-46.51
-25.92
13.77
-46.55
-18.34
14.79
-46.37
-18.77
14.63
-46.59
-19.50
14.30
-47.02
-24.67
14.61
-47.09
-25.23
14.30
-47.31
-26.02
13.78
-47.32
-26.35
13.62
-47.60
-20.09
14.30
-47.69
-20.66
14.25
-48.14
-24.49
14.11
-48.37
-25.19
14.05
-47.96
-25.95
13.73
-47.79
-26.31
13.61
-47.78
-21.18
14.22
-48.56
-21.79
14.22
-48.76
-22.51
14.21
-48.84
-23.24
14.18
-48.82
-23.90
14.14
-48.69
-13.27
14.63
-40.19
-13.78
14.74
-40.13
-14.49
14.79
-40.11
-15.15
14.77
-40.13
-13.21
14.70
-40.66
-13.81
14.88
-40.68
-14.59
14.95
-40.70
-15.52
14.92
-40.66
-16.52
14.91
-40.87
-17.44
14.84
-40.99
-18.32
14.71
-41.10
-19.00
14.63
-41.26
-13.22
14.66
-41.22
-13.82
14.85
-41.29
-14.61
14.95
-41.40
-15.54
15.00
-41.54
-16.52
15.08
-41.66
-17.47
15.08
-41.74
-18.39
15.00
-41.80
-19.28
14.82
-41.82
-19.94
14.70
-42.05
-13.29
14.53
-41.66
-13.80
14.65
-41.83
-14.57
14.74
-42.07
-15.56
14.83
-42.47
-16.59
15.08
-42.53
-17.52
15.19
-42.58
-18.44
15.18
-42.62
-19.32
15.06
-42.65
-20.09
14.86
-42.68
-16.07
14.71
-43.31
-16.80
15.00
-43.42
-17.63
15.20
-43.48
-18.51
15.26
-43.52
-19.42
15.19
-43.55
-20.36
14.99
-43.55
-21.01
14.87
-43.87
-16.40
14.60
-43.89
-17.04
14.82
-44.31
-17.76
15.15
-44.39
-18.59
15.27
-44.44
-19.48
15.26
-44.48
-20.38
15.15
-44.52
-21.19
14.98
-44.56
-17.45
14.90
-45.15
-17.95
15.11
-45.23
-18.68
15.23
-45.31
-19.55
15.25
-45.40
-20.49
15.20
-45.45
-21.52
15.07
-45.46
-22.43
14.97
-45.81
-23.11
14.88
-46.00
-17.66
14.93
-45.63
-18.11
14.99
-45.90
-18.78
15.11
-46.06
-19.63
15.14
-46.24
-20.56
15.18
-46.37
-21.51
15.16
-46.45
-22.45
15.09
-46.58
-23.36
14.95
-46.62
-24.04
14.83
-46.85
-18.38
14.94
-46.35
-18.87
14.92
-46.56
-19.73
14.85
-46.98
-20.65
15.02
-47.20
-21.56
15.11
-47.31
-22.47
15.09
-47.38
-23.36
14.98
-47.41
-24.23
14.78
-47.44
-24.78
14.58
-47.59
-20.18
14.67
-47.61
-20.84
14.74
-47.95
-21.65
14.92
-48.03
-22.49
14.94
-48.08
-23.33
14.85
-48.10
-24.15
14.60
-48.12
-24.76
14.48
-47.93
-21.23
14.58
-48.43
-21.77
14.64
-48.53
-22.50
14.66
-48.58
-23.24
14.61
-48.58
-23.80
14.51
-48.53