0
1
4
5
4
1
0
22
1
23
1
22
0
4
22
29
22
4
1
2
6
1
6
5
1
23
24
1
24
2
2
24
6
30
6
24
3
4
8
3
8
7
3
28
29
3
29
4
3
7
34
3
34
28
4
5
8
9
8
5
5
6
10
5
10
9
6
30
10
35
10
30
7
8
13
7
13
12
7
12
40
7
40
34
8
9
13
14
13
9
9
10
15
9
15
14
10
35
15
41
15
35
11
12
17
11
17
16
11
39
40
11
40
12
11
16
45
11
45
39
12
13
17
18
17
13
13
14
19
13
19
18
14
15
19
20
19
15
15
41
49
15
49
20
16
17
45
46
45
17
17
18
47
17
47
46
18
19
47
48
47
19
19
20
49
19
49
48
21
22
29
21
29
28
21
61
62
21
62
22
21
28
68
21
68
61
22
62
23
63
23
62
23
63
64
23
64
24
24
25
30
31
30
25
24
64
25
65
25
64
25
26
32
25
32
31
25
65
66
25
66
26
26
27
32
33
32
27
26
66
27
67
27
66
27
67
70
27
70
33
28
34
68
71
68
34
30
31
35
36
35
31
31
32
37
31
37
36
32
33
37
38
37
33
33
70
73
33
73
38
34
40
71
74
71
40
35
36
42
35
42
41
36
37
42
43
42
37
37
38
44
37
44
43
38
73
44
78
44
73
39
45
46
39
46
40
40
46
74
79
74
46
41
42
50
41
50
49
42
43
76
77
76
43
42
76
50
81
50
76
43
44
78
43
78
77
46
47
51
52
51
47
46
51
79
84
79
51
47
48
53
47
53
52
48
49
53
54
53
49
49
50
55
49
55
54
50
81
55
86
55
81
51
52
57
51
57
56
51
56
89
51
89
84
52
53
57
58
57
53
53
54
59
53
59
58
54
55
59
60
59
55
55
86
93
55
93
60
56
57
89
90
89
57
57
58
91
57
91
90
58
59
91
92
91
59
59
60
93
59
93
92
61
68
69
61
69
62
62
99
63
100
63
99
62
69
99
106
99
69
63
100
101
63
101
64
64
101
65
102
65
101
65
102
103
65
103
66
66
103
67
104
67
103
67
104
107
67
107
70
68
71
69
72
69
71
69
72
109
69
109
106
70
107
73
110
73
107
71
74
75
71
75
72
72
75
109
112
109
75
73
110
113
73
113
78
74
79
75
80
75
79
75
80
115
75
115
112
76
77
81
82
81
77
77
78
83
77
83
82
78
113
83
116
83
113
79
84
85
79
85
80
80
85
115
118
115
85
81
82
87
81
87
86
82
83
87
88
87
83
83
116
121
83
121
88
84
89
85
90
85
89
85
90
122
85
122
118
86
87
119
120
119
87
86
119
93
125
93
119
87
88
121
87
121
120
90
91
122
123
122
91
91
92
124
91
124
123
92
93
124
125
124
93
94
95
96
97
96
95
94
135
95
136
95
135
94
96
135
137
135
96
95
136
138
95
138
97
96
97
100
101
100
97
96
100
137
141
137
100
97
98
102
97
102
101
97
138
139
97
139
98
98
139
102
143
102
139
99
140
141
99
141
100
99
106
147
99
147
140
102
143
103
144
103
143
103
144
145
103
145
104
104
105
107
108
107
105
104
145
105
146
105
145
105
146
148
105
148
108
106
109
147
149
147
109
107
108
111
107
111
110
108
148
111
150
111
148
109
112
151
109
151
149
110
111
113
114
113
111
111
150
152
111
152
114
112
115
151
153
151
115
113
114
117
113
117
116
114
152
117
155
117
152
115
118
156
115
156
153
116
117
154
155
154
117
116
154
121
158
121
154
118
122
156
160
156
122
119
120
126
119
126
125
120
121
126
127
126
121
121
158
162
121
162
127
122
123
160
161
160
123
123
124
129
123
129
128
123
128
164
123
164
161
124
125
129
130
129
125
125
126
131
125
131
130
126
127
131
132
131
127
127
162
168
127
168
132
128
129
133
134
133
129
128
133
164
169
164
133
129
130
166
129
166
165
129
165
170
129
170
134
130
131
166
167
166
131
131
132
168
131
168
167
133
134
170
133
170
169
135
137
138
135
138
136
137
141
142
137
142
138
138
142
139
143
139
142
140
175
141
176
141
175
140
147
175
182
175
147
141
176
177
141
177
142
142
177
143
178
143
177
143
178
179
143
179
144
144
179
145
180
145
179
145
180
181
145
181
146
146
181
148
184
148
181
147
149
185
147
185
182
148
184
150
186
150
184
149
151
187
149
187
185
150
186
152
188
152
186
151
153
190
151
190
187
152
188
155
192
155
188
153
156
194
153
194
190
154
155
158
159
158
155
155
192
196
155
196
159
156
160
157
161
157
160
156
157
194
195
194
157
157
161
198
157
198
195
158
159
162
163
162
159
159
196
200
159
200
163
161
164
202
161
202
198
162
163
199
200
199
163
162
199
168
204
168
199
164
169
202
205
202
169
165
166
171
165
171
170
166
167
171
172
171
167
167
168
204
167
204
203
167
203
208
167
208
172
169
170
206
169
206
205
170
171
206
207
206
171
171
172
208
171
208
207
173
174
178
173
178
177
173
228
229
173
229
174
173
177
234
173
234
228
174
229
178
235
178
229
175
182
183
175
183
176
176
233
177
234
177
233
176
183
233
241
233
183
178
235
179
236
179
235
179
236
237
179
237
180
180
237
181
238
181
237
181
238
242
181
242
184
182
240
183
241
183
240
182
185
240
244
240
185
184
242
186
245
186
242
185
187
248
185
248
244
186
245
188
249
188
245
187
190
252
187
252
248
188
189
192
193
192
189
188
249
189
250
189
249
189
250
254
189
254
193
190
194
191
195
191
194
190
191
252
253
252
191
191
195
256
191
256
253
192
193
196
197
196
193
193
254
257
193
257
197
195
198
259
195
259
256
196
197
200
201
200
197
197
257
262
197
262
201
198
202
259
264
259
202
199
200
261
199
261
260
199
260
268
199
268
204
200
201
261
262
261
201
202
205
264
272
264
205
203
204
268
203
268
267
203
267
275
203
275
208
205
206
273
205
273
272
206
207
209
210
209
207
206
209
273
276
273
209
207
208
275
207
275
274
207
274
277
207
277
210
209
210
277
209
277
276
211
212
214
211
214
213
211
280
281
211
281
212
211
213
284
211
284
280
212
281
214
285
214
281
213
214
219
213
219
218
213
218
289
213
289
284
214
215
219
220
219
215
214
285
215
286
215
285
215
216
221
215
221
220
215
286
287
215
287
216
216
217
221
222
221
217
216
287
217
288
217
287
217
288
290
217
290
222
218
219
223
224
223
219
218
223
289
291
289
223
219
220
225
219
225
224
220
221
225
226
225
221
221
222
227
221
227
226
222
290
227
292
227
290
223
224
229
223
229
228
223
228
293
223
293
291
224
225
229
230
229
225
225
226
231
225
231
230
226
227
231
232
231
227
227
292
294
227
294
232
228
234
293
296
293
234
229
230
236
229
236
235
230
231
236
237
236
231
231
232
238
231
238
237
232
294
238
297
238
294
233
295
296
233
296
234
233
241
301
233
301
295
238
239
242
243
242
239
238
297
239
298
239
297
239
298
302
239
302
243
240
300
241
301
241
300
240
244
300
304
300
244
242
243
245
246
245
243
243
302
305
243
305
246
244
248
304
308
304
248
245
246
250
245
250
249
246
247
250
251
250
247
246
305
247
306
247
305
247
306
309
247
309
251
248
252
308
311
308
252
250
251
254
255
254
251
251
309
313
251
313
255
252
253
311
312
311
253
253
256
315
253
315
312
254
255
257
258
257
255
255
313
316
255
316
258
256
259
315
318
315
259
257
258
263
257
263
262
258
316
263
319
263
316
259
264
321
259
321
318
260
261
268
269
268
261
261
262
270
261
270
269
262
263
270
271
270
263
263
319
328
263
328
271
264
272
265
273
265
272
264
265
321
322
321
265
265
273
274
265
274
266
265
266
323
265
323
322
266
274
267
275
267
274
266
267
323
324
323
267
267
268
325
267
325
324
268
269
325
326
325
269
269
270
327
269
327
326
270
271
327
328
327
271
273
276
277
273
277
274
278
279
281
282
281
279
278
330
279
331
279
330
278
281
330
333
330
281
279
331
334
279
334
282
280
332
281
333
281
332
280
284
332
337
332
284
281
282
286
281
286
285
282
283
286
287
286
283
282
334
283
335
283
334
283
335
339
283
339
287
284
289
337
341
337
289
287
339
340
287
340
288
288
340
290
342
290
340
289
291
343
289
343
341
290
342
292
344
292
342
291
293
348
291
348
343
292
344
294
349
294
344
293
296
355
293
355
348
294
349
297
356
297
349
295
354
355
295
355
296
295
301
361
295
361
354
297
356
357
297
357
298
298
299
302
303
302
299
298
357
299
358
299
357
299
358
362
299
362
303
300
360
301
361
301
360
300
304
360
364
360
304
302
303
305
306
305
303
303
362
365
303
365
306
304
308
364
367
364
308
306
307
309
310
309
307
306
365
307
366
307
365
307
366
368
307
368
310
308
311
367
370
367
311
309
310
314
309
314
313
310
368
314
372
314
368
311
312
371
311
371
370
312
315
371
375
371
315
313
314
317
313
317
316
314
372
317
376
317
372
315
318
378
315
378
375
316
317
319
320
319
317
317
376
381
317
381
320
318
321
378
383
378
321
319
320
329
319
329
328
320
381
329
391
329
381
321
322
384
321
384
383
322
323
384
385
384
323
323
324
386
323
386
385
324
325
386
387
386
325
325
326
388
325
388
387
326
327
388
389
388
327
327
328
390
327
390
389
328
329
390
391
390
329
330
333
331
334
331
333
332
337
333
338
333
337
333
396
397
333
397
334
333
338
401
333
401
396
334
397
335
398
335
397
335
336
340
335
340
339
335
398
399
335
399
336
336
399
340
404
340
399
337
400
401
337
401
338
337
341
409
337
409
400
340
404
342
410
342
404
341
343
415
341
415
409
342
410
344
416
344
410
343
348
421
343
421
415
344
345
349
350
349
345
344
416
345
417
345
416
345
346
351
345
351
350
345
417
418
345
418
346
346
347
351
352
351
347
346
418
347
419
347
418
347
419
422
347
422
352
348
355
421
426
421
355
349
350
357
349
357
356
350
351
357
358
357
351
351
352
359
351
359
358
352
422
359
427
359
422
353
354
361
353
361
360
353
424
425
353
425
354
353
360
429
353
429
424
354
425
355
426
355
425
358
359
362
363
362
359
359
427
432
359
432
363
360
364
429
434
429
364
362
363
365
366
365
363
363
432
437
363
437
366
364
367
434
439
434
367
366
437
368
440
368
437
367
370
442
367
442
439
368
369
372
373
372
369
368
440
369
441
369
440
369
441
443
369
443
373
370
371
374
375
374
371
370
374
442
444
442
374
372
373
376
377
376
373
373
443
446
373
446
377
374
375
444
445
444
375
375
378
447
375
447
445
376
377
381
382
381
377
377
446
451
377
451
382
378
383
379
384
379
383
378
379
447
448
447
379
379
384
452
379
452
448
380
390
381
391
381
390
380
381
449
450
449
381
380
449
390
458
390
449
381
382
451
381
451
450
384
385
392
393
392
385
384
392
452
459
452
392
385
386
454
385
454
453
385
453
460
385
460
393
386
387
454
455
454
387
387
388
456
387
456
455
388
389
456
457
456
389
389
390
458
389
458
457
392
393
459
460
459
393
394
395
398
399
398
395
394
461
395
462
395
461
394
398
461
463
461
398
395
462
464
395
464
399
396
401
397
402
397
401
397
402
403
397
403
398
398
403
463
468
463
403
399
464
469
399
469
404
400
465
401
466
401
465
400
409
465
474
465
409
401
466
467
401
467
402
402
467
403
468
403
467
404
405
410
411
410
405
404
469
405
470
405
469
405
406
412
405
412
411
405
470
471
405
471
406
406
407
412
413
412
407
406
471
407
472
407
471
407
408
414
407
414
413
407
472
473
407
473
408
408
473
414
476
414
473
409
415
477
409
477
474
410
411
416
417
416
411
411
412
418
411
418
417
412
413
418
419
418
413
413
414
420
413
420
419
414
476
420
479
420
476
415
421
480
415
480
477
419
420
423
419
423
422
420
479
423
482
423
479
421
426
484
421
484
480
422
423
427
428
427
423
423
482
485
423
485
428
424
429
425
430
425
429
425
430
431
425
431
426
426
431
484
487
484
431
427
428
433
427
433
432
428
485
433
488
433
485
429
434
435
429
435
430
430
435
431
436
431
435
431
436
492
431
492
487
432
433
437
438
437
433
433
488
493
433
493
438
434
490
435
491
435
490
434
439
490
496
490
439
435
491
492
435
492
436
437
438
441
437
441
440
438
493
441
498
441
493
439
442
502
439
502
496
441
498
504
441
504
443
442
444
502
508
502
444
443
504
510
443
510
446
444
445
508
509
508
445
445
447
514
445
514
509
446
510
451
518
451
510
447
448
515
447
515
514
448
452
515
522
515
452
449
450
517
449
517
516
449
516
528
449
528
458
450
451
517
518
517
451
452
459
453
460
453
459
452
453
522
523
522
453
453
454
524
453
524
523
454
455
524
525
524
455
455
456
526
455
526
525
456
457
526
527
526
457
457
458
528
457
528
527
461
539
540
461
540
462
461
463
541
461
541
539
462
540
464
542
464
540
463
468
548
463
548
541
464
542
469
549
469
542
465
474
475
465
475
466
466
546
467
547
467
546
466
475
546
554
546
475
467
547
548
467
548
468
469
549
550
469
550
470
470
550
471
551
471
550
471
551
552
471
552
472
472
552
473
553
473
552
473
553
555
473
555
476
474
477
475
478
475
477
475
478
556
475
556
554
476
555
479
557
479
555
477
480
481
477
481
478
478
481
556
560
556
481
479
557
561
479
561
482
480
559
481
560
481
559
480
484
559
563
559
484
482
483
485
486
485
483
482
561
483
562
483
561
483
562
564
483
564
486
484
487
563
565
563
487
485
486
489
485
489
488
486
564
489
566
489
564
487
492
568
487
568
565
488
489
493
494
493
489
489
566
569
489
569
494
490
496
491
497
491
496
491
567
568
491
568
492
491
497
571
491
571
567
493
494
499
493
499
498
494
495
499
500
499
495
494
569
495
570
495
569
495
570
573
495
573
500
496
502
497
503
497
502
497
503
575
497
575
571
498
499
504
505
504
499
499
500
506
499
506
505
500
501
506
507
506
501
500
573
501
574
501
573
501
574
577
501
577
507
502
508
503
509
503
508
503
509
578
503
578
575
504
505
510
511
510
505
505
506
512
505
512
511
506
507
512
513
512
507
507
577
580
507
580
513
509
514
581
509
581
578
510
511
518
519
518
511
511
512
520
511
520
519
512
513
520
521
520
513
513
580
583
513
583
521
514
515
581
582
581
515
515
522
584
515
584
582
516
517
528
529
528
517
517
518
530
517
530
529
518
519
530
531
530
519
519
520
532
519
532
531
520
521
532
533
532
521
521
583
593
521
593
533
522
523
584
585
584
523
523
524
586
523
586
585
524
525
586
587
586
525
525
526
588
525
588
587
526
527
534
535
534
527
526
534
588
594
588
534
527
528
536
527
536
535
528
529
536
537
536
529
529
530
538
529
538
537
530
531
590
591
590
531
530
590
538
598
538
590
531
532
592
531
592
591
532
533
592
593
592
533
534
535
594
595
594
535
535
536
596
535
596
595
536
537
596
597
596
537
537
538
598
537
598
597
539
541
542
539
542
540
541
607
608
541
608
542
541
548
614
541
614
607
542
543
549
550
549
543
542
608
543
609
543
608
543
544
551
543
551
550
543
609
610
543
610
544
544
545
551
552
551
545
544
610
545
611
545
610
545
611
616
545
616
552
546
612
547
613
547
612
546
554
612
618
612
554
547
613
614
547
614
548
552
616
553
617
553
616
553
617
620
553
620
555
554
556
618
622
618
556
555
620
624
555
624
557
556
560
622
627
622
560
557
558
562
557
562
561
557
624
625
557
625
558
558
625
562
628
562
625
559
626
627
559
627
560
559
563
630
559
630
626
562
628
564
633
564
628
563
565
637
563
637
630
564
633
566
640
566
633
565
568
644
565
644
637
566
640
569
645
569
640
567
571
572
567
572
568
568
572
644
649
644
572
569
645
646
569
646
570
570
646
573
650
573
646
571
575
576
571
576
572
572
576
649
654
649
576
573
650
651
573
651
574
574
651
577
655
577
651
575
578
579
575
579
576
576
579
654
658
654
579
577
655
659
577
659
580
578
581
579
582
579
581
579
582
662
579
662
658
580
659
583
666
583
659
582
584
662
669
662
584
583
666
675
583
675
593
584
585
669
670
669
585
585
586
671
585
671
670
586
587
671
672
671
587
587
588
673
587
673
672
588
594
589
595
589
594
588
589
673
674
673
589
589
595
678
589
678
674
590
591
598
599
598
591
591
592
600
591
600
599
592
593
600
601
600
593
593
675
683
593
683
601
595
596
679
595
679
678
596
597
679
680
679
597
597
598
603
597
603
602
597
602
686
597
686
680
598
599
603
604
603
599
599
600
605
599
605
604
600
601
605
606
605
601
601
683
690
601
690
606
602
603
686
687
686
603
603
604
688
603
688
687
604
605
688
689
688
605
605
606
690
605
690
689
607
614
615
607
615
608
608
693
609
694
609
693
608
615
693
701
693
615
609
694
695
609
695
610
610
695
611
696
611
695
611
696
704
611
704
616
612
618
613
619
613
618
613
699
700
613
700
614
613
619
708
613
708
699
614
700
615
701
615
700
616
704
617
705
617
704
617
705
711
617
711
620
618
622
619
623
619
622
619
623
715
619
715
708
620
621
624
625
624
621
620
711
621
712
621
711
621
712
718
621
718
625
622
714
623
715
623
714
622
627
714
720
714
627
625
718
721
625
721
628
626
630
627
631
627
630
627
631
723
627
723
720
628
629
633
634
633
629
628
721
629
722
629
721
629
722
725
629
725
634
630
637
631
638
631
637
631
638
639
631
639
632
631
632
724
631
724
723
632
639
724
730
724
639
633
634
641
633
641
640
634
635
641
642
641
635
634
725
635
726
635
725
635
636
643
635
643
642
635
726
727
635
727
636
636
727
643
731
643
727
637
728
729
637
729
638
637
644
732
637
732
728
638
729
639
730
639
729
640
641
645
646
645
641
641
642
647
641
647
646
642
643
647
648
647
643
643
731
733
643
733
648
644
649
732
734
732
649
646
647
650
651
650
647
647
648
652
647
652
651
648
733
652
735
652
733
649
654
737
649
737
734
651
652
656
651
656
655
652
653
656
657
656
653
652
735
653
736
653
735
653
736
738
653
738
657
654
658
737
740
737
658
655
656
660
655
660
659
656
657
660
661
660
657
657
738
741
657
741
661
658
662
740
743
740
662
659
660
667
659
667
666
660
661
667
668
667
661
661
741
747
661
747
668
662
669
743
749
743
669
663
670
671
663
671
664
663
664
745
663
745
744
663
744
750
663
750
670
664
671
665
672
665
671
664
665
745
746
745
665
665
672
751
665
751
746
666
667
675
676
675
667
667
668
677
667
677
676
668
747
677
754
677
747
669
670
750
669
750
749
672
673
751
752
751
673
673
674
753
673
753
752
674
678
753
756
753
678
675
676
684
675
684
683
676
677
684
685
684
677
677
754
764
677
764
685
678
679
756
757
756
679
679
680
758
679
758
757
680
686
681
687
681
686
680
681
758
759
758
681
681
687
688
681
688
682
681
682
760
681
760
759
682
688
760
766
760
688
683
684
691
683
691
690
684
685
691
692
691
685
685
764
770
685
770
692
688
689
766
767
766
689
689
690
768
689
768
767
690
691
768
769
768
691
691
692
770
691
770
769
693
701
702
693
702
694
694
702
695
703
695
702
695
772
773
695
773
696
695
703
778
695
778
772
696
697
704
705
704
697
696
773
697
774
697
773
697
698
706
697
706
705
697
774
775
697
775
698
698
775
706
780
706
775
699
708
709
699
709
700
700
709
701
710
701
709
701
776
777
701
777
702
701
710
783
701
783
776
702
777
703
778
703
777
705
706
712
705
712
711
706
707
712
713
712
707
706
780
707
781
707
780
707
781
784
707
784
713
708
715
709
716
709
715
709
716
717
709
717
710
710
717
783
789
783
717
712
713
718
719
718
713
713
784
791
713
791
719
714
786
715
787
715
786
714
720
786
793
786
720
715
787
788
715
788
716
716
788
717
789
717
788
718
719
790
791
790
719
718
790
721
796
721
790
720
723
793
802
793
723
721
796
797
721
797
722
722
797
725
804
725
797
723
724
730
723
730
729
723
729
810
723
810
802
725
804
805
725
805
726
726
805
727
806
727
805
727
806
812
727
812
731
728
809
729
810
729
809
728
732
809
815
809
732
731
812
818
731
818
733
732
734
815
821
815
734
733
818
824
733
824
735
734
737
821
827
821
737
735
824
825
735
825
736
736
825
738
830
738
825
737
740
832
737
832
827
738
739
741
742
741
739
738
830
739
831
739
830
739
831
835
739
835
742
740
743
832
836
832
743
741
742
748
741
748
747
742
835
748
840
748
835
743
749
841
743
841
836
744
745
837
838
837
745
744
837
750
842
750
837
745
746
839
745
839
838
746
751
839
844
839
751
747
748
755
747
755
754
748
840
755
849
755
840
749
750
842
749
842
841
751
752
845
751
845
844
752
753
845
846
845
753
753
756
850
753
850
846
754
755
764
765
764
755
755
849
859
755
859
765
756
757
850
851
850
757
757
758
852
757
852
851
758
759
852
853
852
759
759
760
854
759
854
853
760
766
761
767
761
766
760
761
854
855
854
761
761
767
768
761
768
762
761
762
856
761
856
855
762
768
763
769
763
768
762
763
856
857
856
763
763
769
770
763
770
764
763
764
858
763
858
857
764
765
858
859
858
765
771
772
778
771
778
777
771
861
862
771
862
772
771
777
866
771
866
861
772
862
773
863
773
862
773
863
864
773
864
774
774
779
775
780
775
779
774
864
779
867
779
864
776
865
777
866
777
865
776
783
865
871
865
783
779
867
868
779
868
780
780
868
781
869
781
868
781
782
785
781
785
784
781
869
870
781
870
782
782
870
785
872
785
870
783
789
874
783
874
871
784
785
791
792
791
785
785
872
875
785
875
792
786
793
787
794
787
793
787
794
795
787
795
788
788
873
789
874
789
873
788
795
873
877
873
795
790
791
796
797
796
791
791
792
798
791
798
797
792
875
798
879
798
875
793
802
803
793
803
794
794
876
795
877
795
876
794
803
876
883
876
803
797
798
805
797
805
804
798
799
805
806
805
799
798
879
799
880
799
879
799
800
807
799
807
806
799
880
881
799
881
800
800
801
807
808
807
801
800
881
801
882
801
881
801
882
884
801
884
808
802
810
803
811
803
810
803
811
885
803
885
883
806
807
812
813
812
807
807
808
814
807
814
813
808
884
814
886
814
884
809
815
816
809
816
810
810
816
811
817
811
816
811
817
887
811
887
885
812
813
818
819
818
813
813
814
820
813
820
819
814
886
820
888
820
886
815
821
822
815
822
816
816
822
817
823
817
822
817
823
889
817
889
887
818
819
824
825
824
819
819
820
826
819
826
825
820
888
826
890
826
888
821
827
828
821
828
822
822
828
823
829
823
828
823
829
891
823
891
889
825
826
831
825
831
830
826
890
831
892
831
890
827
832
833
827
833
828
828
833
829
834
829
833
829
834
895
829
895
891
831
892
896
831
896
835
832
836
833
837
833
836
833
894
895
833
895
834
833
837
898
833
898
894
835
896
900
835
900
840
836
841
837
842
837
841
837
838
899
837
899
898
838
839
843
844
843
839
838
843
899
902
899
843
840
900
849
908
849
900
843
844
903
843
903
902
844
845
903
904
903
845
845
846
905
845
905
904
846
850
847
851
847
850
846
847
905
906
905
847
847
851
852
847
852
848
847
848
907
847
907
906
848
852
907
910
907
852
849
908
917
849
917
859
852
853
910
911
910
853
853
854
912
853
912
911
854
855
912
913
912
855
855
856
914
855
914
913
856
857
914
915
914
857
857
858
916
857
916
915
858
859
916
917
916
859
860
861
865
866
865
861
860
924
861
925
861
924
860
865
924
930
924
865
861
925
926
861
926
862
862
926
863
927
863
926
863
927
928
863
928
864
864
928
867
931
867
928
865
871
935
865
935
930
867
931
932
867
932
868
868
932
869
933
869
932
869
933
934
869
934
870
870
934
872
936
872
934
871
874
937
871
937
935
872
936
875
938
875
936
873
877
878
873
878
874
874
878
937
941
937
878
875
938
942
875
942
879
876
939
877
940
877
939
876
883
939
946
939
883
877
940
941
877
941
878
879
942
943
879
943
880
880
943
881
944
881
943
881
944
945
881
945
882
882
945
884
950
884
945
883
885
952
883
952
946
884
950
886
954
886
950
885
887
956
885
956
952
886
954
888
958
888
954
887
889
960
887
960
956
888
958
890
962
890
958
889
891
964
889
964
960
890
962
892
966
892
962
891
895
968
891
968
964
892
893
896
897
896
893
892
966
893
967
893
966
893
967
970
893
970
897
894
898
895
899
895
898
895
899
971
895
971
968
896
897
900
901
900
897
897
970
979
897
979
901
899
902
980
899
980
971
900
901
908
909
908
901
901
979
993
901
993
909
902
903
980
981
980
903
903
904
982
903
982
981
904
905
982
983
982
905
905
906
984
905
984
983
906
907
984
985
984
907
907
910
994
907
994
985
908
909
917
918
917
909
909
993
1002
909
1002
918
910
911
919
920
919
911
910
919
994
1003
994
919
911
912
921
911
921
920
912
913
921
922
921
913
913
914
923
913
923
922
914
915
998
999
998
915
914
998
923
1007
923
998
915
916
1000
915
1000
999
916
917
1000
1001
1000
917
917
918
1002
917
1002
1001
919
920
1004
919
1004
1003
920
921
1004
1005
1004
921
921
922
1006
921
1006
1005
922
923
1006
1007
1006
923
924
1008
925
1009
925
1008
924
930
1008
1014
1008
930
925
1009
1010
925
1010
926
926
1010
927
1011
927
1010
927
1011
1012
927
1012
928
928
929
931
932
931
929
928
1012
929
1013
929
1012
929
1013
1018
929
1018
932
930
935
1014
1021
1014
935
932
1018
933
1019
933
1018
933
1019
1020
933
1020
934
934
1020
936
1022
936
1020
935
937
1023
935
1023
1021
936
1022
938
1024
938
1022
937
941
1025
937
1025
1023
938
1024
942
1026
942
1024
939
946
947
939
947
940
940
947
941
948
941
947
941
948
1031
941
1031
1025
942
1026
943
1027
943
1026
943
1027
1028
943
1028
944
944
949
945
950
945
949
944
1028
949
1032
949
1028
946
952
947
953
947
952
947
1030
1031
947
1031
948
947
953
1035
947
1035
1030
949
1032
1033
949
1033
950
950
951
954
955
954
951
950
1033
951
1034
951
1033
951
1034
1036
951
1036
955
952
956
953
957
953
956
953
957
1037
953
1037
1035
954
955
958
959
958
955
955
1036
1038
955
1038
959
956
960
957
961
957
960
957
961
1039
957
1039
1037
958
959
962
963
962
959
959
1038
1040
959
1040
963
960
964
961
965
961
964
961
965
1041
961
1041
1039
962
963
966
967
966
963
963
1040
1042
963
1042
967
964
968
965
969
965
968
965
969
1043
965
1043
1041
967
1042
1044
967
1044
970
968
971
969
972
969
971
969
972
1045
969
1045
1043
970
1044
979
1052
979
1044
971
980
981
971
981
972
972
981
973
982
973
981
972
973
1045
1046
1045
973
973
982
983
973
983
974
973
974
1047
973
1047
1046
974
983
975
984
975
983
974
975
1047
1048
1047
975
975
984
985
975
985
976
975
976
1049
975
1049
1048
976
985
977
986
977
985
976
977
1049
1050
1049
977
977
986
987
977
987
978
977
978
1051
977
1051
1050
978
987
1051
1053
1051
987
979
1052
1059
979
1059
993
985
994
995
985
995
986
986
995
987
996
987
995
987
996
997
987
997
988
987
988
1054
987
1054
1053
988
997
989
998
989
997
988
989
1054
1055
1054
989
989
998
999
989
999
990
989
990
1056
989
1056
1055
990
999
991
1000
991
999
990
991
1056
1057
1056
991
991
1000
1001
991
1001
992
991
992
1058
991
1058
1057
992
1001
993
1002
993
1001
992
993
1058
1059
1058
993
994
1003
995
1004
995
1003
995
1004
1005
995
1005
996
996
1005
997
1006
997
1005
997
1006
1007
997
1007
998
1008
1014
1009
1015
1009
1014
1009
1015
1016
1009
1016
1010
1010
1016
1011
1017
1011
1016
1011
1060
1061
1011
1061
1012
1011
1017
1066
1011
1066
1060
1012
1061
1013
1062
1013
1061
1013
1062
1068
1013
1068
1018
1014
1063
1015
1064
1015
1063
1014
1021
1063
1071
1063
1021
1015
1064
1065
1015
1065
1016
1016
1065
1017
1066
1017
1065
1018
1068
1019
1069
1019
1068
1019
1069
1070
1019
1070
1020
1020
1070
1022
1076
1022
1070
1021
1023
1077
1021
1077
1071
1022
1076
1024
1080
1024
1076
1023
1025
1081
1023
1081
1077
1024
1080
1026
1083
1026
1080
1025
1031
1088
1025
1088
1081
1026
1083
1027
1084
1027
1083
1027
1084
1085
1027
1085
1028
1028
1029
1032
1033
1032
1029
1028
1085
1029
1086
1029
1085
1029
1086
1089
1029
1089
1033
1030
1087
1031
1088
1031
1087
1030
1035
1087
1091
1087
1035
1033
1089
1090
1033
1090
1034
1034
1090
1036
1093
1036
1090
1035
1037
1094
1035
1094
1091
1036
1093
1038
1096
1038
1093
1037
1039
1097
1037
1097
1094
1038
1096
1040
1101
1040
1096
1039
1041
1102
1039
1102
1097
1040
1101
1042
1106
1042
1101
1041
1043
1107
1041
1107
1102
1042
1106
1044
1112
1044
1106
1043
1045
1113
1043
1113
1107
1044
1112
1052
1125
1052
1112
1045
1046
1114
1045
1114
1113
1046
1047
1114
1115
1114
1047
1047
1048
1116
1047
1116
1115
1048
1049
1116
1117
1116
1049
1049
1050
1118
1049
1118
1117
1050
1051
1118
1119
1118
1051
1051
1053
1126
1051
1126
1119
1052
1125
1059
1132
1059
1125
1053
1054
1127
1053
1127
1126
1054
1055
1127
1128
1127
1055
1055
1056
1129
1055
1129
1128
1056
1057
1129
1130
1129
1057
1057
1058
1131
1057
1131
1130
1058
1059
1131
1132
1131
1059
1060
1066
1061
1067
1061
1066
1061
1067
1068
1061
1068
1062
1063
1071
1072
1063
1072
1064
1064
1072
1065
1073
1065
1072
1065
1073
1074
1065
1074
1066
1066
1133
1067
1134
1067
1133
1066
1074
1133
1139
1133
1074
1067
1134
1135
1067
1135
1068
1068
1135
1069
1136
1069
1135
1069
1075
1076
1069
1076
1070
1069
1136
1140
1069
1140
1075
1071
1077
1078
1071
1078
1072
1072
1137
1073
1138
1073
1137
1072
1078
1137
1141
1137
1078
1073
1138
1139
1073
1139
1074
1075
1079
1080
1075
1080
1076
1075
1140
1144
1075
1144
1079
1077
1081
1082
1077
1082
1078
1078
1082
1141
1147
1141
1082
1079
1144
1145
1079
1145
1080
1080
1145
1083
1148
1083
1145
1081
1146
1147
1081
1147
1082
1081
1088
1152
1081
1152
1146
1083
1148
1149
1083
1149
1084
1084
1149
1085
1150
1085
1149
1085
1150
1151
1085
1151
1086
1086
1151
1089
1154
1089
1151
1087
1091
1092
1087
1092
1088
1088
1092
1152
1156
1152
1092
1089
1154
1155
1089
1155
1090
1090
1155
1093
1159
1093
1155
1091
1094
1095
1091
1095
1092
1092
1095
1156
1160
1156
1095
1093
1159
1163
1093
1163
1096
1094
1097
1095
1098
1095
1097
1095
1098
1164
1095
1164
1160
1096
1163
1101
1167
1101
1163
1097
1102
1103
1097
1103
1098
1098
1103
1099
1104
1099
1103
1098
1099
1164
1165
1164
1099
1099
1104
1105
1099
1105
1100
1099
1100
1166
1099
1166
1165
1100
1105
1166
1168
1166
1105
1101
1167
1170
1101
1170
1106
1102
1107
1103
1108
1103
1107
1103
1108
1109
1103
1109
1104
1104
1109
1105
1110
1105
1109
1105
1110
1171
1105
1171
1168
1106
1170
1112
1174
1112
1170
1107
1113
1114
1107
1114
1108
1108
1114
1109
1115
1109
1114
1109
1115
1116
1109
1116
1110
1110
1116
1171
1175
1171
1116
1111
1124
1125
1111
1125
1112
1111
1112
1174
1111
1174
1173
1111
1173
1183
1111
1183
1124
1116
1117
1175
1176
1175
1117
1117
1118
1177
1117
1177
1176
1118
1119
1177
1178
1177
1119
1119
1126
1127
1119
1127
1120
1119
1120
1179
1119
1179
1178
1120
1127
1121
1128
1121
1127
1120
1121
1179
1180
1179
1121
1121
1128
1129
1121
1129
1122
1121
1122
1181
1121
1181
1180
1122
1129
1123
1130
1123
1129
1122
1123
1181
1182
1181
1123
1123
1130
1131
1123
1131
1124
1123
1124
1183
1123
1183
1182
1124
1131
1125
1132
1125
1131
1133
1184
1185
1133
1185
1134
1133
1139
1188
1133
1188
1184
1134
1185
1135
1186
1135
1185
1135
1186
1187
1135
1187
1136
1136
1187
1140
1189
1140
1187
1137
1141
1142
1137
1142
1138
1138
1142
1139
1143
1139
1142
1139
1143
1192
1139
1192
1188
1140
1189
1144
1193
1144
1189
1141
1190
1191
1141
1191
1142
1141
1147
1195
1141
1195
1190
1142
1191
1143
1192
1143
1191
1144
1193
1145
1194
1145
1193
1145
1194
1198
1145
1198
1148
1146
1152
1147
1153
1147
1152
1147
1153
1202
1147
1202
1195
1148
1198
1149
1199
1149
1198
1149
1199
1200
1149
1200
1150
1150
1200
1151
1201
1151
1200
1151
1201
1205
1151
1205
1154
1152
1156
1153
1157
1153
1156
1153
1157
1207
1153
1207
1202
1154
1205
1155
1206
1155
1205
1155
1206
1210
1155
1210
1159
1156
1160
1157
1161
1157
1160
1157
1161
1162
1157
1162
1158
1157
1158
1208
1157
1208
1207
1158
1162
1208
1211
1208
1162
1159
1210
1213
1159
1213
1163
1160
1164
1161
1165
1161
1164
1161
1165
1166
1161
1166
1162
1162
1166
1211
1214
1211
1166
1163
1213
1216
1163
1216
1167
1166
1168
1214
1217
1214
1168
1167
1216
1219
1167
1219
1170
1168
1171
1169
1172
1169
1171
1168
1169
1217
1218
1217
1169
1169
1172
1220
1169
1220
1218
1170
1219
1174
1222
1174
1219
1171
1175
1176
1171
1176
1172
1172
1176
1220
1223
1220
1176
1173
1174
1222
1173
1222
1221
1173
1221
1230
1173
1230
1183
1176
1177
1223
1224
1223
1177
1177
1178
1225
1177
1225
1224
1178
1179
1225
1226
1225
1179
1179
1180
1227
1179
1227
1226
1180
1181
1227
1228
1227
1181
1181
1182
1229
1181
1229
1228
1182
1183
1229
1230
1229
1183
1184
1232
1185
1233
1185
1232
1184
1188
1232
1236
1232
1188
1185
1233
1234
1185
1234
1186
1186
1234
1187
1235
1187
1234
1187
1235
1239
1187
1239
1189
1188
1192
1236
1240
1236
1192
1189
1239
1243
1189
1243
1193
1190
1195
1191
1196
1191
1195
1191
1196
1197
1191
1197
1192
1192
1197
1240
1245
1240
1197
1193
1243
1244
1193
1244
1194
1194
1244
1198
1249
1198
1244
1195
1202
1203
1195
1203
1196
1196
1203
1197
1204
1197
1203
1197
1204
1254
1197
1254
1245
1198
1249
1199
1250
1199
1249
1199
1250
1251
1199
1251
1200
1200
1251
1201
1252
1201
1251
1201
1252
1255
1201
1255
1205
1202
1207
1203
1208
1203
1207
1203
1208
1209
1203
1209
1204
1204
1209
1254
1257
1254
1209
1205
1255
1256
1205
1256
1206
1206
1256
1210
1258
1210
1256
1208
1211
1209
1212
1209
1211
1209
1212
1259
1209
1259
1257
1210
1258
1213
1260
1213
1258
1211
1214
1215
1211
1215
1212
1212
1215
1259
1261
1259
1215
1213
1260
1262
1213
1262
1216
1214
1217
1215
1218
1215
1217
1215
1218
1263
1215
1263
1261
1216
1262
1219
1265
1219
1262
1218
1220
1263
1266
1263
1220
1219
1265
1268
1219
1268
1222
1220
1223
1266
1269
1266
1223
1221
1222
1231
1221
1231
1230
1222
1268
1231
1277
1231
1268
1223
1224
1270
1223
1270
1269
1224
1225
1270
1271
1270
1225
1225
1226
1272
1225
1272
1271
1226
1227
1272
1273
1272
1227
1227
1228
1274
1227
1274
1273
1228
1229
1274
1275
1274
1229
1229
1230
1276
1229
1276
1275
1230
1231
1276
1277
1276
1231
1232
1236
1233
1237
1233
1236
1233
1237
1238
1233
1238
1234
1234
1238
1235
1239
1235
1238
1236
1240
1237
1241
1237
1240
1237
1241
1242
1237
1242
1238
1238
1242
1239
1243
1239
1242
1240
1245
1241
1246
1241
1245
1241
1246
1247
1241
1247
1242
1242
1247
1243
1248
1243
1247
1243
1248
1249
1243
1249
1244
1245
1278
1279
1245
1279
1246
1245
1254
1287
1245
1287
1278
1246
1279
1247
1280
1247
1279
1247
1280
1281
1247
1281
1248
1248
1281
1249
1282
1249
1281
1249
1282
1283
1249
1283
1250
1250
1283
1251
1284
1251
1283
1251
1284
1285
1251
1285
1252
1252
1253
1255
1256
1255
1253
1252
1285
1253
1286
1253
1285
1253
1286
1295
1253
1295
1256
1254
1257
1287
1296
1287
1257
1256
1295
1258
1304
1258
1295
1257
1259
1305
1257
1305
1296
1258
1304
1260
1309
1260
1304
1259
1261
1310
1259
1310
1305
1260
1309
1262
1314
1262
1309
1261
1263
1315
1261
1315
1310
1262
1314
1265
1319
1265
1314
1263
1266
1267
1263
1267
1264
1263
1264
1316
1263
1316
1315
1264
1267
1316
1320
1316
1267
1265
1319
1323
1265
1323
1268
1266
1269
1267
1270
1267
1269
1267
1270
1324
1267
1324
1320
1268
1323
1277
1331
1277
1323
1270
1271
1324
1325
1324
1271
1271
1272
1326
1271
1326
1325
1272
1273
1326
1327
1326
1273
1273
1274
1328
1273
1328
1327
1274
1275
1328
1329
1328
1275
1275
1276
1330
1275
1330
1329
1276
1277
1330
1331
1330
1277
1278
1287
1279
1288
1279
1287
1279
1288
1289
1279
1289
1280
1280
1289
1281
1290
1281
1289
1281
1290
1291
1281
1291
1282
1282
1291
1283
1292
1283
1291
1283
1292
1293
1283
1293
1284
1284
1293
1285
1294
1285
1293
1285
1294
1295
1285
1295
1286
1287
1296
1297
1287
1297
1288
1288
1297
1289
1298
1289
1297
1289
1298
1299
1289
1299
1290
1290
1299
1291
1300
1291
1299
1291
1300
1301
1291
1301
1292
1292
1301
1293
1302
1293
1301
1293
1302
1303
1293
1303
1294
1294
1303
1295
1304
1295
1303
1296
1305
1297
1306
1297
1305
1297
1306
1307
1297
1307
1298
1298
1332
1299
1333
1299
1332
1298
1307
1332
1338
1332
1307
1299
1333
1334
1299
1334
1300
1300
1334
1301
1335
1301
1334
1301
1335
1336
1301
1336
1302
1302
1336
1303
1337
1303
1336
1303
1308
1309
1303
1309
1304
1303
1337
1343
1303
1343
1308
1305
1310
1311
1305
1311
1306
1306
1311
1307
1312
1307
1311
1307
1312
1344
1307
1344
1338
1308
1313
1309
1314
1309
1313
1308
1343
1313
1348
1313
1343
1310
1315
1311
1316
1311
1315
1311
1316
1317
1311
1317
1312
1312
1317
1344
1349
1344
1317
1313
1318
1319
1313
1319
1314
1313
1348
1354
1313
1354
1318
1316
1320
1317
1321
1317
1320
1317
1321
1355
1317
1355
1349
1318
1322
1319
1323
1319
1322
1318
1354
1322
1360
1322
1354
1320
1324
1321
1325
1321
1324
1321
1325
1361
1321
1361
1355
1322
1330
1323
1331
1323
1330
1322
1360
1330
1366
1330
1360
1325
1326
1362
1325
1362
1361
1326
1327
1362
1363
1362
1327
1327
1328
1364
1327
1364
1363
1328
1329
1364
1365
1364
1329
1329
1330
1366
1329
1366
1365
1332
1367
1333
1368
1333
1367
1332
1338
1367
1370
1367
1338
1333
1368
1369
1333
1369
1334
1334
1340
1335
1341
1335
1340
1334
1369
1340
1372
1340
1369
1335
1341
1342
1335
1342
1336
1336
1342
1337
1343
1337
1342
1338
1344
1339
1345
1339
1344
1338
1339
1370
1371
1370
1339
1339
1345
1375
1339
1375
1371
1340
1372
1341
1373
1341
1372
1341
1373
1374
1341
1374
1342
1342
1347
1343
1348
1343
1347
1342
1374
1347
1378
1347
1374
1344
1349
1345
1350
1345
1349
1345
1350
1351
1345
1351
1346
1345
1346
1376
1345
1376
1375
1346
1351
1376
1379
1376
1351
1347
1353
1354
1347
1354
1348
1347
1378
1381
1347
1381
1353
1349
1355
1356
1349
1356
1350
1350
1356
1351
1357
1351
1356
1351
1357
1358
1351
1358
1352
1351
1352
1380
1351
1380
1379
1352
1358
1353
1359
1353
1358
1352
1353
1380
1381
1380
1353
1353
1359
1360
1353
1360
1354
1355
1361
1362
1355
1362
1356
1356
1362
1357
1363
1357
1362
1357
1363
1364
1357
1364
1358
1358
1364
1359
1365
1359
1364
1359
1365
1366
1359
1366
1360
1367
1370
1371
1367
1371
1368
1368
1371
1369
1372
1369
1371
1371
1375
1376
1371
1376
1372
1372
1376
1373
1377
1373
1376
1373
1377
1378
1373
1378
1374
1376
1379
1377
1380
1377
1379
1377
1380
1381
1377
1381
1378