26.84
8.61
-30.30
26.25
8.56
-30.23
25.42
8.56
-30.17
24.50
8.59
-30.09
23.62
8.63
-30.05
22.87
8.68
-30.07
22.38
8.76
-30.14
28.36
8.71
-30.95
27.99
8.64
-30.82
27.25
8.56
-30.61
26.40
8.42
-30.57
25.48
8.42
-30.57
24.50
8.48
-30.44
23.61
8.53
-30.35
22.86
8.60
-30.32
22.36
8.71
-30.32
28.37
8.71
-31.08
28.00
8.62
-31.06
27.33
8.53
-31.00
26.55
8.47
-30.95
25.88
8.46
-30.90
26.92
8.97
-30.17
26.24
8.98
-30.02
25.40
8.99
-29.91
24.49
9.01
-29.84
23.59
9.04
-29.84
22.77
9.08
-29.92
22.08
9.15
-30.15
21.56
9.40
-30.28
28.48
9.07
-30.97
28.10
9.03
-30.70
27.50
8.98
-30.42
25.17
8.54
-30.86
24.43
8.65
-30.86
23.54
8.70
-30.72
22.75
8.80
-30.65
22.02
9.03
-30.58
21.45
9.38
-30.57
28.52
9.06
-31.24
28.08
8.92
-31.36
27.36
8.81
-31.37
26.51
8.75
-31.33
25.59
8.71
-31.19
24.84
8.82
-31.20
21.67
9.31
-30.93
21.38
9.44
-30.85
26.97
9.57
-30.08
26.29
9.65
-29.90
25.42
9.68
-29.77
24.49
9.70
-29.70
23.56
9.72
-29.70
22.69
9.75
-29.78
21.93
9.80
-29.97
21.36
9.88
-30.24
28.65
9.74
-31.04
28.19
9.69
-30.65
27.57
9.65
-30.32
24.12
8.93
-31.16
23.46
8.99
-31.12
22.72
9.08
-31.06
22.13
9.20
-30.99
21.10
9.88
-30.64
29.33
10.31
-31.89
28.87
9.85
-31.59
28.21
9.44
-31.74
27.40
9.27
-31.79
26.49
9.21
-31.78
25.52
9.19
-31.70
24.50
9.19
-31.56
23.53
9.35
-31.58
22.66
9.45
-31.52
21.80
9.60
-31.38
21.20
9.79
-31.09
29.35
10.40
-32.17
28.95
10.13
-32.15
28.27
9.89
-32.22
27.42
9.76
-32.27
26.49
9.71
-32.29
25.51
9.70
-32.26
24.51
9.71
-32.20
23.55
9.77
-32.17
22.68
9.83
-32.09
22.01
9.90
-31.98
26.99
10.18
-30.04
26.45
10.52
-29.89
25.47
10.55
-29.72
24.50
10.56
-29.63
23.54
10.57
-29.62
22.62
10.59
-29.69
21.78
10.61
-29.88
21.07
10.64
-30.21
28.78
10.54
-31.04
28.22
10.53
-30.64
27.48
10.51
-30.24
26.99
10.75
-30.04
20.60
10.63
-30.76
20.03
11.09
-31.04
29.49
10.80
-31.97
29.17
10.63
-31.51
21.36
10.09
-31.79
20.75
10.41
-31.52
20.01
11.00
-31.64
29.51
10.86
-32.49
29.02
10.54
-32.63
28.31
10.34
-32.73
27.44
10.24
-32.80
26.50
10.19
-32.85
25.50
10.18
-32.88
24.50
10.16
-32.84
23.53
10.18
-32.79
22.59
10.23
-32.70
21.65
10.32
-32.45
20.77
10.67
-32.38
20.04
11.08
-32.40
29.54
11.14
-33.04
29.08
10.93
-33.18
28.35
10.77
-33.29
27.47
10.67
-33.37
26.52
10.63
-33.45
25.50
10.65
-33.59
24.48
10.56
-33.50
23.52
10.55
-33.46
22.58
10.61
-33.42
21.62
10.78
-33.40
20.77
10.95
-33.15
20.18
11.17
-33.02
25.13
10.89
-34.11
24.40
10.87
-34.13
23.51
10.86
-34.12
22.64
10.90
-34.08
21.93
10.96
-34.02
26.99
11.87
-30.08
26.45
11.53
-29.89
25.46
11.51
-29.70
24.49
11.51
-29.60
23.52
11.51
-29.58
22.56
11.52
-29.64
21.64
11.54
-29.80
20.72
11.58
-30.11
20.06
11.97
-30.31
28.84
11.34
-31.09
28.26
11.42
-30.71
27.49
11.50
-30.30
26.99
11.26
-30.05
20.27
11.29
-30.52
19.57
11.75
-30.81
18.61
12.14
-31.10
17.92
12.34
-31.30
17.56
12.40
-31.43
29.61
11.49
-32.05
29.26
11.42
-31.54
19.33
11.52
-31.65
18.55
11.88
-31.67
17.90
12.14
-31.70
17.46
12.40
-31.72
29.77
11.57
-32.67
19.28
11.55
-32.58
18.48
11.88
-32.34
17.83
12.15
-32.23
17.40
12.38
-32.14
29.83
11.71
-33.48
29.22
11.37
-33.78
28.41
11.17
-33.93
27.50
11.05
-34.00
26.61
10.98
-34.04
25.87
10.93
-34.07
21.25
11.07
-33.92
20.60
11.24
-33.80
19.78
11.51
-33.52
31.48
12.55
-35.29
31.06
12.43
-35.03
30.27
12.12
-34.51
29.39
11.73
-34.56
28.46
11.52
-34.68
27.49
11.37
-34.71
26.52
11.25
-34.71
25.50
11.14
-34.63
24.47
11.14
-34.78
23.51
11.14
-34.81
22.56
11.17
-34.75
21.59
11.23
-34.55
20.68
11.46
-34.58
19.86
11.72
-34.53
31.59
12.56
-35.63
31.12
12.37
-35.57
30.34
12.17
-35.31
29.48
11.98
-35.33
28.51
11.88
-35.56
27.46
11.66
-35.51
26.48
11.53
-35.50
25.49
11.44
-35.49
24.49
11.41
-35.54
23.51
11.41
-35.56
22.54
11.44
-35.53
21.60
11.51
-35.45
20.73
11.67
-35.43
19.93
11.89
-35.42
31.72
12.62
-35.99
31.42
12.53
-35.99
28.12
12.11
-36.32
27.32
11.92
-36.27
26.43
11.79
-36.28
25.47
11.72
-36.29
24.49
11.69
-36.31
23.51
11.69
-36.31
22.54
11.71
-36.29
21.61
11.77
-36.25
20.76
11.88
-36.21
20.02
12.06
-36.20
27.85
12.27
-36.82
27.24
12.20
-36.94
26.40
12.10
-37.01
25.46
12.03
-37.04
24.49
12.01
-37.04
23.51
12.01
-37.02
22.53
12.03
-36.98
21.60
12.07
-36.93
20.76
12.14
-36.86
20.13
12.22
-36.76
26.97
12.57
-30.16
26.28
12.50
-29.89
25.41
12.48
-29.71
24.47
12.47
-29.61
23.51
12.47
-29.59
22.54
12.48
-29.62
21.60
12.50
-29.72
20.72
12.55
-29.91
19.95
12.65
-30.13
28.83
11.97
-31.18
28.36
12.30
-30.95
27.63
12.46
-30.53
19.28
12.63
-30.46
18.52
12.76
-30.77
17.78
12.86
-31.11
17.45
12.66
-31.39
29.61
12.17
-32.14
29.17
12.22
-31.62
28.73
12.59
-31.38
17.37
13.11
-31.37
17.18
12.87
-31.76
29.86
12.27
-32.73
18.86
11.83
-33.07
18.31
12.05
-32.97
17.66
12.34
-32.83
17.07
12.75
-32.55
30.09
12.46
-33.45
19.00
11.89
-33.71
18.28
12.20
-33.71
17.52
12.52
-33.64
16.73
12.94
-33.53
16.20
13.30
-33.86
31.57
12.86
-35.27
31.15
12.87
-34.85
30.53
12.74
-34.23
19.08
12.03
-34.56
18.30
12.34
-34.57
17.47
12.66
-34.55
16.67
12.98
-34.45
15.99
13.34
-34.53
15.64
13.47
-34.84
31.80
12.92
-35.75
30.95
12.45
-35.95
30.36
12.35
-35.89
29.62
12.25
-35.92
28.98
12.18
-36.02
19.17
12.18
-35.46
18.36
12.51
-35.49
17.44
12.90
-35.53
16.61
13.12
-35.22
15.99
13.33
-35.11
15.66
13.47
-35.11
32.25
13.10
-36.66
31.91
12.97
-36.36
31.26
12.75
-36.42
30.43
12.65
-36.44
29.63
12.56
-36.50
28.78
12.43
-36.62
19.35
12.35
-36.31
18.56
12.68
-36.35
17.81
13.06
-36.42
32.26
13.17
-36.82
31.99
13.18
-36.81
31.57
13.08
-36.86
28.16
12.56
-37.19
27.37
12.59
-37.61
26.42
12.48
-37.70
25.47
12.42
-37.73
24.50
12.43
-37.72
23.49
12.43
-37.66
22.51
12.44
-37.59
21.55
12.47
-37.51
20.63
12.53
-37.39
19.69
12.59
-37.10
18.79
12.90
-37.10
18.13
13.23
-37.12
27.12
12.88
-38.21
26.41
12.91
-38.41
25.49
12.86
-38.37
24.51
12.98
-38.41
23.46
12.94
-38.22
22.49
12.95
-38.11
21.52
12.99
-38.03
20.57
13.04
-37.93
19.67
13.11
-37.77
18.88
13.26
-37.67
18.35
13.39
-37.56
26.16
13.23
-38.90
25.54
13.23
-38.86
24.95
13.27
-38.82
26.91
13.42
-30.28
26.20
13.40
-29.95
25.38
13.39
-29.76
24.46
13.39
-29.67
23.50
13.40
-29.64
22.53
13.42
-29.66
21.57
13.45
-29.72
20.66
13.47
-29.84
19.83
13.49
-30.03
28.20
12.99
-31.12
27.61
13.43
-30.84
19.16
13.42
-30.27
18.50
13.53
-30.55
17.83
13.62
-30.92
29.55
12.65
-32.28
29.18
12.86
-32.02
28.58
13.21
-31.67
28.01
13.85
-31.56
17.28
13.71
-31.36
16.79
13.67
-31.95
16.40
14.01
-32.32
29.70
12.86
-32.74
29.28
13.31
-32.60
28.73
13.70
-32.37
28.25
14.16
-32.23
16.57
13.38
-32.60
16.22
13.89
-32.81
29.94
13.18
-33.41
29.44
13.80
-33.29
28.82
14.14
-32.95
28.42
14.36
-32.70
16.39
13.32
-33.21
16.03
13.75
-33.56
31.61
13.29
-35.31
31.23
13.61
-34.94
30.42
13.61
-34.17
29.85
14.03
-33.83
15.73
13.80
-34.39
15.53
13.75
-34.89
31.86
13.50
-35.79
31.64
13.85
-35.46
17.01
13.26
-35.97
16.48
13.40
-35.76
15.94
13.57
-35.55
15.58
13.75
-35.34
32.28
13.27
-36.72
32.07
13.49
-36.51
31.01
13.02
-36.91
30.40
12.98
-36.99
29.66
12.89
-37.06
29.02
12.78
-37.11
17.16
13.55
-36.59
16.47
13.77
-36.26
15.93
13.95
-35.95
15.63
13.95
-35.72
32.25
13.33
-36.92
31.96
13.64
-37.13
31.27
13.37
-37.31
30.44
13.33
-37.57
29.57
13.22
-37.72
28.63
12.98
-37.70
27.86
12.92
-37.96
17.64
13.70
-37.28
31.74
14.03
-37.86
31.22
13.85
-38.06
30.46
13.73
-38.28
29.55
13.64
-38.59
28.54
13.39
-38.54
27.58
13.20
-38.57
26.83
13.23
-38.80
24.16
13.51
-38.85
23.35
13.49
-38.67
22.45
13.52
-38.56
21.50
13.57
-38.48
20.54
13.65
-38.41
19.62
13.69
-38.26
18.81
13.75
-38.07
18.15
13.78
-37.78
29.19
13.89
-39.36
28.40
13.73
-39.31
27.52
13.63
-39.32
26.52
13.63
-39.37
25.57
13.66
-39.31
24.78
13.67
-39.16
29.01
14.08
-39.92
28.36
14.03
-39.97
27.57
14.00
-39.97
26.87
14.01
-39.96
26.75
14.23
-30.37
26.13
14.21
-30.07
25.35
14.22
-29.89
24.45
14.24
-29.81
23.50
14.27
-29.78
22.52
14.31
-29.78
21.54
14.38
-29.81
20.57
14.39
-29.88
19.60
14.40
-30.03
18.97
14.72
-30.18
27.22
14.38
-30.88
19.09
14.07
-30.19
18.56
14.37
-30.39
17.90
14.46
-30.81
27.61
14.61
-31.56
17.29
14.51
-31.32
16.75
14.50
-31.87
16.36
14.50
-32.31
27.94
14.78
-32.24
16.11
14.52
-32.87
29.28
14.42
-33.57
28.79
14.79
-33.35
28.28
14.86
-32.83
15.89
14.54
-33.64
31.15
14.53
-35.05
30.43
14.58
-34.46
29.67
14.71
-34.00
29.15
15.04
-33.78
15.64
14.50
-34.59
15.47
14.12
-34.96
31.91
14.05
-36.00
31.70
14.51
-35.71
15.63
14.68
-35.43
15.49
14.17
-35.39
32.04
14.18
-36.53
31.97
14.69
-36.37
16.92
14.03
-36.94
16.44
14.26
-36.68
15.90
14.58
-36.22
15.60
14.22
-35.79
32.08
14.53
-37.25
32.08
14.79
-36.83
17.22
14.31
-37.52
16.60
14.66
-37.26
16.19
14.94
-36.98
31.92
14.63
-38.34
31.28
14.27
-38.73
30.58
14.06
-38.93
29.98
13.94
-39.04
23.96
13.94
-39.18
23.30
14.00
-39.08
22.44
14.07
-38.99
21.52
14.16
-38.93
20.52
14.32
-38.91
19.55
14.29
-38.70
18.67
14.33
-38.46
17.88
14.36
-38.10
32.02
14.95
-39.44
31.32
14.56
-39.58
30.55
14.31
-39.65
29.80
14.12
-39.61
26.15
14.07
-39.89
25.42
14.14
-39.80
24.41
14.27
-39.66
23.39
14.44
-39.55
22.48
14.54
-39.46
21.60
14.62
-39.39
20.87
14.69
-39.33
32.67
15.42
-40.84
32.22
15.15
-40.46
31.36
14.76
-40.46
30.47
14.52
-40.45
29.46
14.34
-40.39
28.47
14.36
-40.61
27.54
14.38
-40.59
26.52
14.43
-40.49
25.54
14.54
-40.35
24.81
14.61
-40.22
32.70
15.41
-41.28
32.20
15.18
-41.38
31.36
14.90
-41.30
30.46
14.74
-41.29
29.51
14.67
-41.30
28.52
14.72
-41.44
27.58
14.71
-41.26
26.86
14.73
-41.13
31.98
15.18
-41.98
31.32
15.05
-42.03
30.48
14.95
-42.05
29.60
14.92
-42.05
28.88
14.92
-42.03
26.59
14.80
-30.46
26.08
14.88
-30.26
25.33
14.95
-30.12
24.45
14.99
-30.04
23.51
15.03
-30.01
22.54
15.11
-30.00
21.53
15.29
-30.03
20.53
15.23
-30.02
19.62
15.25
-30.10
18.84
15.32
-30.25
18.39
15.56
-30.45
26.80
15.20
-30.91
26.12
15.46
-30.62
25.34
15.58
-30.46
24.46
15.65
-30.37
23.53
15.69
-30.32
22.63
15.74
-30.29
21.89
15.79
-30.26
18.44
15.03
-30.42
18.02
15.34
-30.75
27.26
15.41
-31.61
17.37
15.38
-31.39
16.75
15.34
-32.04
16.38
15.01
-32.36
27.67
15.53
-32.31
16.46
15.74
-32.67
16.19
15.18
-32.84
28.56
15.61
-33.44
28.09
15.58
-32.92
16.24
15.91
-33.25
16.00
15.44
-33.62
31.14
15.45
-35.15
30.43
15.50
-34.66
29.70
15.58
-34.26
29.07
15.67
-33.90
15.80
15.44
-34.57
31.94
15.91
-36.09
31.70
15.45
-35.76
15.76
15.48
-35.49
32.15
15.80
-36.64
32.00
15.28
-36.40
15.91
15.49
-36.40
32.27
15.43
-37.34
32.13
15.17
-36.86
17.13
14.82
-37.98
16.67
15.13
-37.80
16.21
15.58
-37.42
32.37
15.42
-38.38
20.14
14.75
-39.25
19.41
14.82
-39.15
18.53
14.90
-38.94
17.59
15.02
-38.59
16.87
15.44
-38.51
16.42
15.86
-38.38
32.50
15.51
-39.33
24.08
14.72
-40.13
23.35
14.83
-40.09
22.47
14.93
-40.03
21.52
15.01
-39.94
20.50
15.06
-39.76
19.47
15.26
-39.76
18.52
15.39
-39.57
17.66
15.54
-39.35
16.97
15.78
-39.20
16.55
16.04
-39.10
32.98
15.80
-40.78
32.70
15.61
-40.15
26.13
14.80
-41.01
25.40
14.89
-40.92
24.45
14.95
-40.71
23.45
15.12
-40.76
22.49
15.23
-40.75
21.52
15.34
-40.70
20.52
15.48
-40.63
19.46
15.73
-40.60
18.50
15.83
-40.25
17.67
15.99
-39.99
17.00
16.16
-39.73
16.64
16.18
-39.53
33.51
16.18
-41.97
33.09
15.78
-41.61
32.58
15.42
-41.84
28.15
14.96
-41.97
27.42
14.99
-41.88
26.47
15.02
-41.65
25.46
15.16
-41.67
24.48
15.25
-41.61
23.49
15.35
-41.60
22.52
15.45
-41.59
21.56
15.57
-41.57
20.63
15.77
-41.52
19.80
15.99
-41.43
33.55
16.21
-42.61
33.06
15.80
-42.53
32.30
15.43
-42.52
31.40
15.26
-42.74
30.48
15.18
-42.80
29.52
15.14
-42.76
28.51
15.13
-42.59
27.48
15.22
-42.64
26.48
15.30
-42.58
25.48
15.39
-42.56
24.49
15.46
-42.52
23.51
15.53
-42.51
22.55
15.62
-42.51
21.60
15.77
-42.51
20.63
16.06
-42.50
19.95
16.20
-42.07
33.56
16.28
-43.37
33.07
15.92
-43.39
32.33
15.66
-43.48
31.43
15.49
-43.58
30.48
15.40
-43.62
29.50
15.36
-43.60
28.50
15.37
-43.54
27.50
15.43
-43.53
26.50
15.51
-43.51
25.49
15.59
-43.50
24.49
15.64
-43.43
23.54
15.69
-43.43
22.60
15.76
-43.48
21.71
15.89
-43.48
20.93
16.15
-43.51
33.52
16.34
-43.99
33.10
16.10
-44.15
32.36
15.91
-44.43
31.42
15.72
-44.46
30.46
15.61
-44.46
29.49
15.57
-44.45
28.50
15.58
-44.43
27.52
15.63
-44.42
26.53
15.70
-44.44
25.46
15.81
-44.53
24.47
15.82
-44.31
23.57
15.86
-44.31
22.65
15.93
-44.51
21.77
16.02
-44.40
21.09
16.25
-44.39
32.10
16.03
-45.11
31.37
15.96
-45.32
30.42
15.84
-45.27
29.47
15.80
-45.27
28.51
15.81
-45.26
27.56
15.84
-45.25
26.65
15.90
-45.27
25.83
15.98
-45.35
22.33
16.11
-45.30
21.72
16.18
-45.19
21.17
16.37
-45.13
31.07
16.13
-45.92
30.36
16.09
-45.97
29.46
16.08
-46.01
28.51
16.12
-46.03
27.57
16.14
-46.01
26.70
16.16
-46.01
26.01
16.15
-45.95
22.18
16.29
-45.85
21.69
16.42
-45.81
21.27
16.51
-45.64
21.16
15.86
-30.24
20.44
15.92
-30.26
19.62
15.93
-30.29
18.90
15.93
-30.39
18.45
15.92
-30.52
26.64
15.86
-31.18
26.11
16.04
-31.00
25.34
16.18
-30.86
24.46
16.26
-30.77
23.51
16.29
-30.70
22.55
16.31
-30.64
21.54
16.30
-30.54
20.52
16.56
-30.66
19.60
16.51
-30.64
18.84
16.40
-30.71
18.20
16.15
-30.91
26.89
16.24
-31.74
26.18
16.58
-31.47
25.37
16.78
-31.32
24.45
16.85
-31.20
23.50
16.88
-31.13
22.55
16.90
-31.07
21.63
16.91
-31.01
20.89
16.97
-31.01
17.56
16.27
-31.61
17.01
16.05
-32.07
27.44
16.36
-32.43
17.34
16.71
-32.19
16.83
16.47
-32.66
28.38
16.44
-33.50
27.92
16.35
-32.99
16.40
16.53
-33.53
16.09
16.11
-33.91
31.58
16.57
-35.54
31.21
16.31
-35.26
30.44
16.40
-34.84
29.66
16.45
-34.43
28.97
16.49
-34.01
16.25
16.76
-34.24
16.00
16.32
-34.63
31.87
16.45
-35.96
31.63
16.08
-35.61
15.91
16.29
-35.54
32.55
16.87
-37.24
32.28
16.57
-36.82
15.96
16.32
-36.46
32.70
16.80
-37.77
32.52
16.23
-37.59
16.20
17.00
-37.84
16.11
16.47
-37.46
32.87
16.78
-38.57
32.68
16.13
-38.46
16.31
17.00
-38.52
16.26
16.43
-38.40
33.06
16.69
-39.49
32.83
16.09
-39.32
16.52
16.94
-39.30
16.42
16.44
-39.14
33.59
16.76
-41.12
33.27
16.48
-40.54
32.97
16.05
-40.00
19.01
16.08
-40.98
18.40
16.24
-40.81
17.67
16.48
-40.54
16.94
16.77
-40.05
16.59
16.43
-39.62
33.67
16.65
-41.72
33.41
16.28
-41.28
19.18
16.31
-41.54
18.50
16.63
-41.42
17.81
17.02
-41.21
17.26
17.14
-40.74
33.80
16.73
-42.60
20.04
16.50
-42.91
19.43
16.62
-42.31
18.67
17.02
-42.07
18.15
17.25
-41.79
33.82
16.77
-43.48
20.35
16.54
-43.66
33.71
16.75
-44.45
33.24
16.37
-44.78
32.73
16.16
-44.93
25.01
15.98
-45.06
24.38
16.00
-45.02
23.64
16.02
-45.01
23.04
16.03
-45.04
20.54
16.63
-44.45
33.76
16.95
-45.53
33.24
16.59
-45.57
32.48
16.30
-45.55
31.78
16.21
-45.77
25.19
16.12
-45.65
24.42
16.18
-45.72
23.61
16.20
-45.71
22.88
16.19
-45.61
20.73
16.76
-45.20
34.36
17.06
-47.07
33.99
17.03
-46.58
33.29
16.82
-46.36
32.44
16.64
-46.33
31.44
16.46
-46.38
30.45
16.43
-46.60
29.50
16.44
-46.70
28.49
16.55
-46.80
27.54
16.51
-46.69
26.59
16.54
-46.79
25.53
16.37
-46.48
24.49
16.39
-46.55
23.55
16.43
-46.52
22.59
16.49
-46.37
21.71
16.89
-46.46
21.04
16.92
-45.86
34.51
17.05
-47.49
34.19
17.07
-47.27
33.36
17.12
-46.91
32.45
17.09
-46.93
31.42
17.05
-47.15
30.47
16.86
-47.21
29.61
16.84
-47.27
28.84
16.94
-47.34
26.20
16.88
-47.54
25.37
16.70
-47.45
24.47
16.65
-47.46
23.56
16.69
-47.45
22.74
16.82
-47.35
22.10
17.15
-47.36
34.73
17.03
-47.97
34.64
17.04
-47.91
30.97
17.34
-47.57
30.36
17.29
-47.64
29.62
17.27
-47.69
29.01
17.27
-47.69
25.96
17.21
-48.23
25.26
17.00
-48.27
24.44
16.93
-48.37
23.53
16.98
-48.44
22.79
17.08
-48.15
22.32
17.29
-48.00
34.84
17.01
-48.23
34.81
17.02
-48.21
25.72
17.41
-48.73
25.20
17.32
-48.95
24.49
17.24
-49.21
23.79
17.20
-49.23
24.23
17.42
-49.71
23.86
17.38
-49.70
20.18
17.01
-31.01
19.52
17.00
-31.06
18.82
16.88
-31.11
18.31
16.69
-31.19
26.82
16.92
-32.10
26.23
17.18
-31.93
25.40
17.46
-31.83
24.44
17.46
-31.65
23.48
17.47
-31.58
22.52
17.46
-31.53
21.56
17.45
-31.47
20.55
17.39
-31.40
19.56
17.51
-31.62
18.71
17.27
-31.62
18.05
16.92
-31.67
27.68
17.51
-33.16
27.24
17.27
-32.70
26.43
17.68
-32.42
25.77
17.85
-32.23
19.20
17.83
-32.09
18.55
17.67
-32.19
17.75
17.32
-32.38
17.14
17.24
-32.97
28.11
17.29
-33.52
27.77
16.99
-33.07
16.77
17.30
-33.70
31.54
16.90
-35.57
31.15
17.01
-35.37
30.40
17.31
-35.10
29.56
17.32
-34.64
28.78
17.39
-34.16
16.47
17.39
-34.60
16.15
16.91
-34.93
31.75
17.08
-35.97
31.32
17.45
-35.76
30.76
17.80
-35.60
16.38
17.60
-35.56
16.09
16.97
-35.61
32.50
17.22
-37.24
32.10
17.45
-36.80
31.48
17.84
-36.26
31.03
18.04
-36.00
16.34
17.65
-36.50
16.09
17.00
-36.42
32.68
17.32
-37.78
32.45
17.75
-37.61
16.32
17.56
-37.49
16.13
17.02
-37.13
32.86
17.48
-38.60
32.64
17.87
-38.25
16.44
17.67
-38.48
33.10
17.40
-39.57
16.61
17.66
-39.35
33.63
17.16
-41.13
33.38
17.37
-40.60
16.87
17.61
-40.14
33.73
17.35
-41.72
33.54
17.67
-41.26
17.61
17.72
-41.40
17.19
17.69
-40.82
33.86
17.37
-42.60
19.76
16.85
-43.21
19.32
17.12
-42.98
18.67
17.67
-42.70
18.07
17.77
-42.02
33.90
17.39
-43.51
19.89
16.95
-43.76
19.43
17.38
-43.70
18.97
17.93
-43.61
33.88
17.41
-44.46
20.05
17.09
-44.49
19.57
17.56
-44.45
19.17
18.08
-44.41
33.89
17.51
-45.50
33.69
17.90
-45.80
20.24
17.29
-45.24
19.71
17.76
-45.16
19.33
18.20
-45.08
34.38
17.15
-47.07
34.07
17.33
-46.59
33.60
17.79
-46.43
28.09
16.85
-47.17
27.54
16.86
-47.16
26.99
16.85
-47.20
21.28
17.68
-46.77
20.56
17.68
-46.01
19.87
18.08
-45.70
19.48
18.32
-45.51
34.52
17.10
-47.49
34.20
17.22
-47.28
33.35
17.57
-46.96
32.48
17.65
-47.17
31.71
17.64
-47.44
28.26
17.17
-47.52
27.56
17.24
-47.61
26.84
17.15
-47.67
21.77
17.73
-47.58
34.74
17.05
-47.97
34.65
17.07
-47.91
31.09
17.79
-47.72
30.34
17.82
-47.88
29.51
17.80
-47.94
28.58
17.69
-47.91
27.59
17.78
-48.06
26.61
17.67
-48.31
23.14
17.20
-48.90
22.68
17.37
-48.76
22.18
17.73
-48.46
34.84
17.02
-48.23
34.81
17.03
-48.21
25.92
17.81
-48.91
25.23
17.81
-49.43
24.70
17.57
-49.62
23.29
17.38
-49.43
22.76
17.61
-49.43
22.34
17.96
-49.34
24.83
17.99
-49.93
24.32
17.80
-50.06
23.55
17.66
-49.99
22.88
17.85
-50.03
22.47
18.11
-50.00
24.00
18.08
-50.44
23.48
18.07
-50.45
22.92
18.14
-50.44
22.57
18.23
-50.38
25.08
17.95
-32.12
24.37
18.01
-32.07
23.46
18.05
-32.05
22.50
18.02
-32.01
21.54
17.98
-31.98
20.63
17.94
-31.96
19.90
17.91
-32.01
27.61
17.89
-33.32
27.17
18.03
-33.12
26.38
18.33
-32.90
25.43
18.33
-32.55
24.46
18.52
-32.54
23.47
18.65
-32.60
22.46
18.55
-32.52
21.51
18.49
-32.50
20.55
18.41
-32.50
19.55
18.24
-32.50
18.63
18.15
-32.75
17.85
17.94
-32.99
17.36
17.74
-33.23
27.90
18.05
-33.73
27.33
18.54
-33.66
26.71
18.69
-33.39
23.11
19.04
-32.99
22.38
19.01
-33.00
21.48
18.97
-33.03
20.53
18.91
-33.09
19.57
18.82
-33.20
18.66
18.66
-33.40
17.82
18.44
-33.71
17.20
17.96
-33.80
30.01
17.92
-35.21
29.39
18.07
-34.92
28.47
18.38
-34.50
27.74
18.78
-34.24
17.51
18.60
-34.33
17.01
18.23
-34.64
30.22
18.33
-35.68
29.46
18.59
-35.40
28.81
18.81
-35.16
16.78
18.30
-35.58
31.86
18.19
-37.09
31.35
18.34
-36.63
30.77
18.44
-36.23
16.69
18.38
-36.52
32.18
18.28
-37.75
16.67
18.44
-37.51
32.80
17.97
-38.93
32.46
18.34
-38.60
16.69
18.46
-38.48
32.94
18.04
-39.64
32.56
18.59
-39.54
16.79
18.45
-39.38
33.13
18.12
-40.55
32.71
18.78
-40.48
16.95
18.37
-40.19
33.66
17.88
-41.94
33.36
18.26
-41.51
32.92
18.90
-41.36
17.55
18.46
-41.42
17.19
18.36
-40.85
33.72
18.00
-42.63
33.36
18.67
-42.49
33.03
19.03
-42.01
18.40
18.54
-42.78
17.97
18.51
-42.08
33.78
18.03
-43.50
33.46
18.67
-43.50
18.73
18.64
-43.60
33.78
18.02
-44.38
33.45
18.61
-44.44
18.95
18.70
-44.39
33.76
17.98
-45.11
33.44
18.39
-45.42
19.16
18.72
-45.08
33.12
18.37
-46.30
32.61
18.64
-46.65
21.18
18.53
-46.95
20.52
18.55
-46.34
19.88
18.66
-45.94
19.43
18.73
-45.59
32.96
18.11
-46.85
32.29
18.36
-47.18
31.78
18.15
-47.51
21.67
18.47
-47.70
31.76
18.60
-47.52
31.25
18.44
-47.73
30.36
18.49
-47.96
29.47
18.51
-48.08
28.54
18.50
-48.15
27.59
18.52
-48.31
26.69
18.49
-48.60
22.01
18.43
-48.52
26.00
18.45
-49.05
25.36
18.48
-49.53
22.20
18.45
-49.34
24.82
18.44
-50.11
24.47
18.22
-50.31
22.35
18.47
-50.00
24.54
18.58
-50.43
24.15
18.44
-50.53
23.51
18.47
-50.60
22.93
18.48
-50.57
22.54
18.48
-50.42
26.05
18.81
-33.19
25.38
18.90
-33.07
24.55
19.02
-33.04
23.83
19.04
-33.00
27.03
19.02
-33.96
26.35
19.11
-33.67
25.46
19.34
-33.63
24.49
19.52
-33.64
23.46
19.41
-33.42
22.45
19.46
-33.50
21.50
19.45
-33.56
20.56
19.41
-33.66
19.60
19.37
-33.90
18.71
19.14
-34.01
18.08
18.90
-34.12
28.11
19.06
-34.89
27.35
19.33
-34.60
26.41
19.56
-34.33
25.56
19.74
-34.21
24.85
19.84
-34.14
19.29
19.64
-34.45
18.62
19.51
-34.73
17.81
19.04
-34.73
17.30
18.75
-34.99
30.02
18.81
-36.08
29.39
19.07
-35.93
28.48
19.40
-35.62
27.72
19.63
-35.27
18.35
19.72
-35.54
17.72
19.32
-35.56
17.19
18.88
-35.65
31.64
18.61
-37.29
31.18
18.77
-37.07
30.42
18.97
-36.71
29.59
19.38
-36.67
28.81
19.78
-36.61
18.21
19.92
-36.29
17.65
19.54
-36.38
17.13
19.04
-36.52
31.77
18.74
-37.82
31.19
19.07
-37.73
30.47
19.34
-37.57
29.73
19.66
-37.49
29.07
20.00
-37.48
18.12
20.10
-36.89
17.66
19.82
-37.15
17.13
19.29
-37.53
31.90
18.91
-38.59
31.26
19.31
-38.51
30.53
19.63
-38.40
29.82
19.89
-38.25
29.28
20.15
-38.21
17.01
19.24
-38.51
32.00
19.15
-39.49
31.32
19.59
-39.35
30.54
19.98
-39.24
29.81
20.14
-38.84
29.42
20.21
-38.63
17.37
19.74
-39.82
17.08
19.29
-39.44
32.11
19.46
-40.51
31.42
19.87
-40.15
30.88
20.10
-39.89
17.44
19.57
-40.46
17.14
19.05
-40.25
32.48
19.47
-41.43
17.60
19.24
-41.21
17.26
18.90
-40.80
33.00
19.31
-42.80
32.73
19.47
-42.20
18.39
19.35
-42.68
17.99
19.24
-41.99
33.07
19.28
-43.56
18.74
19.40
-43.54
32.95
19.30
-44.45
32.41
19.72
-44.81
31.93
20.03
-44.99
18.96
19.35
-44.37
32.94
19.02
-45.38
32.41
19.46
-45.56
31.84
19.88
-45.63
19.16
19.30
-45.07
32.83
18.86
-46.04
32.33
19.14
-46.37
31.71
19.66
-46.39
21.89
19.90
-47.19
21.37
19.46
-46.93
20.58
19.38
-46.31
19.91
19.30
-45.93
19.44
19.26
-45.58
31.97
19.00
-47.07
31.46
19.45
-47.08
22.22
19.81
-47.73
21.83
19.21
-47.73
31.65
18.94
-47.46
31.12
19.15
-47.59
30.30
19.18
-47.86
29.43
19.22
-48.00
28.49
19.25
-48.13
27.53
19.28
-48.31
26.50
19.29
-48.63
25.76
19.58
-48.84
23.29
19.91
-48.79
22.68
19.71
-48.51
22.18
19.09
-48.54
25.93
19.01
-49.04
25.23
19.25
-49.35
24.39
19.54
-49.48
23.58
19.64
-49.36
22.85
19.37
-49.35
22.37
18.95
-49.34
24.73
18.94
-50.04
24.21
19.16
-50.07
23.54
19.22
-50.05
22.91
19.08
-50.03
22.49
18.82
-50.00
24.51
18.81
-50.39
24.12
18.84
-50.45
23.52
18.86
-50.47
22.94
18.81
-50.45
22.58
18.72
-50.38
24.13
19.89
-34.08
23.38
19.90
-34.05
22.46
19.92
-34.08
21.53
19.89
-34.12
20.66
19.83
-34.19
19.97
19.75
-34.26
27.01
19.82
-35.03
26.34
19.98
-34.91
25.48
20.12
-34.80
24.49
20.19
-34.63
23.46
20.31
-34.68
22.48
20.35
-34.73
21.52
20.30
-34.75
20.60
20.18
-34.79
19.71
19.97
-34.79
19.08
19.87
-35.02
27.96
19.94
-35.98
27.29
20.07
-35.63
26.40
20.33
-35.56
25.50
20.51
-35.49
24.51
20.70
-35.52
23.49
20.76
-35.41
22.48
20.84
-35.48
21.49
20.71
-35.43
20.56
20.57
-35.51
19.69
20.32
-35.55
18.96
20.06
-35.61
28.07
20.28
-36.73
27.26
20.50
-36.39
26.42
20.69
-36.25
25.59
20.83
-36.15
24.88
20.94
-36.09
22.12
21.18
-35.96
21.42
21.14
-36.05
20.48
21.03
-36.31
19.59
20.65
-36.31
18.81
20.30
-36.36
28.50
20.41
-37.60
20.04
21.19
-36.88
19.43
20.95
-37.05
18.57
20.52
-37.21
17.88
20.26
-37.82
17.40
19.83
-37.97
29.08
20.63
-38.91
28.87
20.51
-38.44
17.73
20.32
-38.65
17.32
19.84
-38.57
30.14
20.43
-39.69
29.49
20.50
-39.19
29.25
20.40
-38.77
18.21
20.69
-39.90
17.73
20.27
-39.55
17.33
19.83
-39.19
31.84
19.93
-40.99
31.27
20.29
-40.83
30.64
20.43
-40.28
18.32
20.60
-40.59
17.83
20.13
-40.47
32.05
19.98
-41.66
31.49
20.42
-41.68
18.45
20.42
-41.42
17.97
19.93
-41.27
32.71
19.71
-42.95
32.30
19.98
-42.56
31.62
20.48
-42.56
18.60
20.13
-42.36
18.15
19.80
-41.89
32.72
19.73
-43.50
32.25
20.09
-43.43
31.60
20.49
-43.47
20.11
20.85
-43.96
19.62
20.62
-43.77
19.05
20.18
-43.42
32.67
19.72
-44.05
32.23
20.02
-44.20
31.47
20.41
-44.53
30.77
20.71
-44.83
20.22
20.73
-44.55
19.67
20.40
-44.48
19.21
19.96
-44.37
31.24
20.28
-45.53
30.49
20.66
-45.56
29.87
20.83
-45.82
20.38
20.51
-45.23
19.79
20.18
-45.15
19.36
19.80
-45.07
31.09
20.08
-46.37
30.40
20.43
-46.39
29.70
20.69
-46.42
22.11
20.35
-46.89
21.44
20.20
-46.44
20.65
20.14
-45.91
19.92
19.85
-45.67
19.51
19.67
-45.50
30.92
19.86
-47.06
30.24
20.15
-47.09
29.35
20.43
-47.12
28.40
20.47
-47.39
27.47
20.52
-47.54
26.53
20.57
-47.67
25.62
20.63
-47.79
24.91
20.70
-47.83
22.57
20.32
-47.48
30.78
19.62
-47.48
30.20
19.74
-47.60
29.38
19.87
-47.70
28.45
19.92
-47.86
27.50
19.97
-48.01
26.51
20.02
-48.22
25.51
20.12
-48.45
24.56
20.40
-48.32
23.68
20.29
-48.41
23.02
20.26
-48.05
25.09
19.81
-48.95
24.49
19.97
-48.96
23.90
20.00
-48.95
24.18
21.05
-36.04
23.48
21.16
-36.02
22.81
21.20
-35.94
27.76
20.67
-37.17
27.19
20.83
-37.05
26.40
20.99
-36.95
25.52
21.12
-36.84
24.53
21.27
-36.65
23.44
21.62
-36.74
22.47
21.57
-36.40
21.60
21.63
-36.53
20.85
21.61
-36.81
27.97
20.79
-37.80
27.25
21.03
-37.79
26.43
21.20
-37.73
25.53
21.35
-37.67
24.62
21.55
-37.61
23.75
21.86
-37.62
20.26
21.59
-37.29
19.58
21.40
-37.78
18.75
20.95
-37.95
18.23
20.69
-38.14
28.86
20.83
-39.10
28.29
20.91
-38.71
27.37
21.18
-38.65
26.47
21.35
-38.61
25.55
21.49
-38.57
24.65
21.67
-38.53
23.79
21.95
-38.50
19.48
21.53
-38.64
18.74
21.11
-38.70
18.18
20.75
-38.67
29.86
20.74
-40.03
29.19
20.88
-39.71
28.34
21.13
-39.63
27.43
21.31
-39.58
26.49
21.43
-39.55
25.54
21.54
-39.52
24.61
21.69
-39.49
23.71
21.90
-39.43
20.30
21.82
-39.80
19.63
21.57
-39.53
18.70
21.06
-39.58
18.16
20.74
-39.26
30.82
20.68
-41.08
30.19
20.83
-40.72
29.30
21.09
-40.63
28.40
21.28
-40.57
27.46
21.40
-40.54
26.49
21.48
-40.52
25.51
21.55
-40.50
24.51
21.65
-40.48
23.42
21.80
-40.41
22.44
21.83
-40.69
21.54
21.81
-40.71
20.60
21.72
-40.51
19.70
21.42
-40.51
18.91
21.03
-40.53
30.90
20.79
-41.72
30.19
21.03
-41.62
29.35
21.23
-41.57
28.44
21.37
-41.53
27.48
21.45
-41.51
26.50
21.49
-41.50
25.50
21.53
-41.50
24.50
21.58
-41.50
23.48
21.64
-41.50
22.49
21.65
-41.58
21.54
21.61
-41.59
20.61
21.49
-41.51
19.76
21.25
-41.46
19.03
20.89
-41.43
30.96
20.85
-42.54
30.22
21.11
-42.53
29.37
21.29
-42.51
28.45
21.40
-42.51
27.48
21.46
-42.50
26.50
21.49
-42.50
25.50
21.51
-42.50
24.50
21.53
-42.50
23.50
21.54
-42.51
22.51
21.52
-42.53
21.54
21.45
-42.53
20.61
21.30
-42.48
19.80
21.07
-42.36
19.15
20.72
-42.29
30.96
20.84
-43.39
30.24
21.09
-43.45
29.38
21.27
-43.47
28.45
21.39
-43.48
27.48
21.45
-43.49
26.50
21.48
-43.49
25.50
21.49
-43.49
24.50
21.49
-43.50
23.51
21.48
-43.50
22.53
21.43
-43.50
21.56
21.32
-43.50
20.56
21.10
-43.52
19.79
20.89
-43.16
19.29
20.64
-42.97
30.94
20.78
-44.11
30.30
20.97
-44.40
29.40
21.19
-44.45
28.45
21.33
-44.45
27.48
21.41
-44.46
26.49
21.44
-44.46
25.50
21.45
-44.47
24.51
21.44
-44.48
23.53
21.41
-44.48
22.57
21.32
-44.46
21.65
21.20
-44.43
20.84
21.00
-44.44
30.07
20.93
-45.14
29.39
21.05
-45.42
28.42
21.23
-45.39
27.46
21.32
-45.39
26.49
21.36
-45.40
25.51
21.37
-45.42
24.52
21.35
-45.44
23.54
21.29
-45.44
22.59
21.16
-45.40
21.71
21.01
-45.27
20.98
20.82
-45.19
29.10
20.94
-46.24
28.32
21.08
-46.21
27.43
21.17
-46.23
26.49
21.21
-46.27
25.52
21.22
-46.32
24.54
21.19
-46.38
23.58
21.10
-46.37
22.58
20.85
-46.39
21.69
20.71
-45.98
21.09
20.61
-45.72
28.93
20.78
-46.79
28.28
20.85
-46.87
27.43
20.91
-46.95
26.50
20.95
-47.03
25.55
20.97
-47.13
24.58
20.94
-47.30
23.70
20.90
-47.20
23.00
20.71
-47.22
24.27
20.72
-47.85
23.70
20.67
-47.83
23.21
20.60
-47.73
22.90
22.17
-37.13
22.33
22.14
-36.90
21.69
22.14
-36.94
21.11
22.12
-37.17
23.11
22.27
-37.69
20.68
22.11
-37.71
20.09
21.85
-38.01
22.99
22.31
-38.43
22.28
22.47
-38.63
21.58
22.46
-38.64
20.84
22.27
-38.46
20.10
21.92
-38.56
23.00
22.13
-39.29
22.29
22.25
-39.33
21.54
22.24
-39.35
20.73
22.07
-39.35
20.13
21.89
-39.15
22.92
22.00
-39.91
22.32
22.04
-40.00
21.58
22.03
-40.02
20.96
21.97
-39.97
22.64
22.48
-37.31
22.25
22.52
-37.24
21.73
22.51
-37.26
21.33
22.45
-37.34
22.69
22.56
-37.65
22.23
22.68
-37.64
21.70
22.66
-37.65
21.21
22.51
-37.67
22.66
22.57
-38.05
22.23
22.66
-38.10
21.67
22.65
-38.11
21.22
22.55
-38.07