0
1
9
10
9
1
0
21
1
22
1
21
0
9
21
31
21
9
1
2
11
1
11
10
1
22
23
1
23
2
2
3
11
12
11
3
2
23
3
24
3
23
3
4
13
3
13
12
3
24
25
3
25
4
4
5
13
14
13
5
4
25
5
26
5
25
5
6
15
5
15
14
5
26
27
5
27
6
6
27
15
36
15
27
7
8
17
7
17
16
7
29
30
7
30
8
7
16
38
7
38
29
8
9
17
18
17
9
8
30
9
31
9
30
9
10
19
9
19
18
10
11
19
20
19
11
11
12
33
11
33
32
11
32
42
11
42
20
12
13
33
34
33
13
13
14
35
13
35
34
14
15
35
36
35
15
16
17
38
39
38
17
17
18
40
17
40
39
18
19
40
41
40
19
19
20
42
19
42
41
21
46
47
21
47
22
21
31
56
21
56
46
22
47
23
48
23
47
23
48
49
23
49
24
24
49
25
50
25
49
25
50
51
25
51
26
26
51
27
52
27
51
27
28
37
27
37
36
27
52
53
27
53
28
28
53
37
61
37
53
29
54
55
29
55
30
29
38
63
29
63
54
30
55
31
56
31
55
32
33
42
43
42
33
33
34
58
33
58
57
33
57
68
33
68
43
34
35
58
59
58
35
35
36
60
35
60
59
36
37
44
45
44
37
36
44
60
71
60
44
37
61
72
37
72
45
38
39
63
64
63
39
39
40
65
39
65
64
40
41
65
66
65
41
41
42
67
41
67
66
42
43
67
68
67
43
44
45
71
72
71
45
46
83
47
84
47
83
46
56
83
93
83
56
47
84
85
47
85
48
48
85
49
86
49
85
49
86
87
49
87
50
50
87
51
88
51
87
51
88
89
51
89
52
52
89
53
90
53
89
53
90
95
53
95
61
54
91
55
92
55
91
54
63
91
98
91
63
55
92
93
55
93
56
57
58
69
57
69
68
58
59
69
70
69
59
59
60
71
59
71
70
61
95
100
61
100
72
62
63
73
74
73
63
62
97
63
98
63
97
62
73
97
102
97
73
63
64
75
63
75
74
64
65
75
76
75
65
65
66
77
65
77
76
66
67
77
78
77
67
67
68
79
67
79
78
68
69
79
80
79
69
69
70
81
69
81
80
70
71
81
82
81
71
71
72
100
71
100
99
71
99
111
71
111
82
73
74
103
73
103
102
74
75
103
104
103
75
75
76
105
75
105
104
76
77
105
106
105
77
77
78
107
77
107
106
78
79
107
108
107
79
79
80
109
79
109
108
80
81
109
110
109
81
81
82
111
81
111
110
83
93
94
83
94
84
84
132
85
133
85
132
84
94
132
143
132
94
85
133
134
85
134
86
86
134
87
135
87
134
87
135
136
87
136
88
88
136
89
137
89
136
89
137
138
89
138
90
90
138
95
144
95
138
91
140
141
91
141
92
91
98
150
91
150
140
92
141
93
142
93
141
93
142
143
93
143
94
95
96
101
95
101
100
95
144
145
95
145
96
96
145
101
151
101
145
97
149
150
97
150
98
97
102
155
97
155
149
99
100
112
99
112
111
100
101
112
113
112
101
101
151
156
101
156
113
102
103
114
115
114
103
102
114
155
160
155
114
103
104
116
103
116
115
104
105
116
117
116
105
105
106
118
105
118
117
106
107
118
119
118
107
107
108
120
107
120
119
108
109
120
121
120
109
109
110
122
109
122
121
110
111
122
123
122
111
111
112
124
111
124
123
112
113
124
125
124
113
113
156
168
113
168
125
114
115
160
161
160
115
115
116
162
115
162
161
116
117
162
163
162
117
117
118
164
117
164
163
118
119
164
165
164
119
119
120
127
119
127
126
119
126
176
119
176
165
120
121
127
128
127
121
121
122
129
121
129
128
122
123
129
130
129
123
123
124
167
123
167
166
123
166
180
123
180
130
124
125
167
168
167
125
126
127
176
177
176
127
127
128
178
127
178
177
128
129
178
179
178
129
129
130
180
129
180
179
131
132
143
131
143
142
131
219
220
131
220
132
131
142
230
131
230
219
132
220
133
221
133
220
133
221
222
133
222
134
134
222
135
223
135
222
135
223
224
135
224
136
136
224
137
225
137
224
137
225
226
137
226
138
138
139
144
145
144
139
138
226
139
227
139
226
139
227
231
139
231
145
140
228
141
229
141
228
140
150
228
236
228
150
141
229
230
141
230
142
145
146
152
145
152
151
145
231
232
145
232
146
146
147
152
153
152
147
146
232
147
233
147
232
147
148
154
147
154
153
147
233
234
147
234
148
148
234
154
239
154
234
149
235
236
149
236
150
149
155
240
149
240
235
151
152
157
151
157
156
152
153
157
158
157
153
153
154
159
153
159
158
154
239
159
244
159
239
155
160
245
155
245
240
156
157
241
242
241
157
156
241
168
246
168
241
157
158
243
157
243
242
158
159
243
244
243
159
160
161
171
172
171
161
160
171
245
253
245
171
161
162
173
161
173
172
162
163
173
174
173
163
163
164
175
163
175
174
164
165
175
176
175
165
166
167
180
181
180
167
167
168
182
167
182
181
168
246
182
254
182
246
169
170
184
169
184
183
169
251
252
169
252
170
169
183
260
169
260
251
170
171
184
185
184
171
170
252
171
253
171
252
171
172
186
171
186
185
172
173
186
187
186
173
173
174
188
173
188
187
174
175
188
189
188
175
175
176
190
175
190
189
176
177
190
191
190
177
177
178
192
177
192
191
178
179
192
193
192
179
179
180
194
179
194
193
180
181
194
195
194
181
181
182
196
181
196
195
182
254
196
265
196
254
183
184
198
183
198
197
183
197
272
183
272
260
184
185
261
262
261
185
184
261
198
273
198
261
185
186
263
185
263
262
186
187
263
264
263
187
187
188
200
187
200
199
187
199
276
187
276
264
188
189
200
201
200
189
189
190
202
189
202
201
190
191
202
203
202
191
191
192
204
191
204
203
192
193
204
205
204
193
193
194
206
193
206
205
194
195
206
207
206
195
195
196
208
195
208
207
196
265
208
277
208
265
197
198
273
197
273
272
199
200
210
199
210
209
199
209
283
199
283
276
200
201
210
211
210
201
201
202
212
201
212
211
202
203
212
213
212
203
203
204
214
203
214
213
204
205
214
215
214
205
205
206
216
205
216
215
206
207
216
217
216
207
207
208
218
207
218
217
208
277
218
292
218
277
209
210
284
209
284
283
210
211
284
285
284
211
211
212
286
211
286
285
212
213
286
287
286
213
213
214
288
213
288
287
214
215
288
289
288
215
215
216
290
215
290
289
216
217
290
291
290
217
217
218
292
217
292
291
219
309
310
219
310
220
219
230
319
219
319
309
220
310
221
311
221
310
221
311
312
221
312
222
222
312
223
313
223
312
223
313
314
223
314
224
224
314
225
315
225
314
225
315
316
225
316
226
226
316
227
317
227
316
227
317
320
227
320
231
228
236
229
237
229
236
229
318
319
229
319
230
229
237
325
229
325
318
231
320
321
231
321
232
232
321
233
322
233
321
233
238
239
233
239
234
233
322
327
233
327
238
235
323
324
235
324
236
235
240
330
235
330
323
236
324
237
325
237
324
238
327
239
328
239
327
239
328
334
239
334
244
240
245
330
336
330
245
241
242
247
241
247
246
242
243
247
248
247
243
243
244
249
243
249
248
244
334
249
340
249
334
245
253
344
245
344
336
246
247
254
255
254
247
247
248
256
247
256
255
248
249
256
257
256
249
249
250
258
249
258
257
249
340
341
249
341
250
250
341
258
346
258
341
251
342
343
251
343
252
251
260
348
251
348
342
252
343
253
344
253
343
254
255
265
266
265
255
255
256
267
255
267
266
256
257
267
268
267
257
257
258
269
257
269
268
258
259
269
270
269
259
258
346
259
347
259
346
259
347
353
259
353
270
260
272
348
355
348
272
261
262
274
261
274
273
262
263
274
275
274
263
263
264
276
263
276
275
265
266
278
265
278
277
266
267
278
279
278
267
267
268
351
267
351
350
267
350
360
267
360
279
268
269
351
352
351
269
269
270
353
269
353
352
271
272
281
271
281
280
271
354
355
271
355
272
271
280
364
271
364
354
272
273
281
282
281
273
273
274
357
273
357
356
273
356
366
273
366
282
274
275
357
358
357
275
275
276
359
275
359
358
276
283
359
369
359
283
277
278
293
277
293
292
278
279
293
294
293
279
279
360
371
279
371
294
280
281
364
365
364
281
281
282
366
281
366
365
283
284
370
283
370
369
284
285
295
296
295
285
284
295
370
377
370
295
285
286
297
285
297
296
286
287
297
298
297
287
287
288
299
287
299
298
288
289
299
300
299
289
289
290
301
289
301
300
290
291
301
302
301
291
291
292
303
291
303
302
292
293
303
304
303
293
293
294
305
293
305
304
294
371
305
386
305
371
295
296
378
295
378
377
296
297
306
307
306
297
296
306
378
390
378
306
297
298
308
297
308
307
298
299
379
380
379
299
298
379
308
392
308
379
299
300
381
299
381
380
300
301
381
382
381
301
301
302
383
301
383
382
302
303
383
384
383
303
303
304
385
303
385
384
304
305
385
386
385
305
306
307
390
391
390
307
307
308
392
307
392
391
309
397
398
309
398
310
309
319
407
309
407
397
310
398
311
399
311
398
311
399
400
311
400
312
312
400
313
401
313
400
313
401
402
313
402
314
314
402
315
403
315
402
315
403
404
315
404
316
316
404
317
405
317
404
317
405
408
317
408
320
318
325
319
326
319
325
319
326
411
319
411
407
320
408
321
409
321
408
321
409
410
321
410
322
322
410
327
412
327
410
323
330
331
323
331
324
324
331
325
332
325
331
325
332
333
325
333
326
326
333
411
415
411
333
327
412
413
327
413
328
328
329
334
335
334
329
328
413
329
414
329
413
329
414
416
329
416
335
330
336
331
337
331
336
331
337
338
331
338
332
332
338
333
339
333
338
333
339
419
333
419
415
334
335
340
341
340
335
335
416
420
335
420
341
336
344
337
345
337
344
337
417
418
337
418
338
337
345
423
337
423
417
338
418
339
419
339
418
341
420
425
341
425
346
342
348
343
349
343
348
343
421
422
343
422
344
343
349
428
343
428
421
344
422
345
423
345
422
346
425
347
426
347
425
347
426
430
347
430
353
348
427
349
428
349
427
348
355
427
431
427
355
350
351
360
361
360
351
351
352
362
351
362
361
352
353
362
363
362
353
353
430
436
353
436
363
354
364
355
365
355
364
355
365
437
355
437
431
356
357
366
367
366
357
357
358
368
357
368
367
358
359
368
369
368
359
360
361
433
434
433
361
360
433
371
439
371
433
361
362
435
361
435
434
362
363
435
436
435
363
365
366
373
365
373
372
365
372
442
365
442
437
366
367
373
374
373
367
367
368
375
367
375
374
368
369
375
376
375
369
369
370
377
369
377
376
371
439
453
371
453
386
372
373
442
443
442
373
373
374
444
373
444
443
374
375
444
445
444
375
375
376
388
375
388
387
375
387
457
375
457
445
376
377
388
389
388
377
377
378
390
377
390
389
379
380
447
379
447
446
379
446
460
379
460
392
380
381
447
448
447
381
381
382
449
381
449
448
382
383
449
450
449
383
383
384
451
383
451
450
384
385
451
452
451
385
385
386
453
385
453
452
387
388
394
387
394
393
387
393
469
387
469
457
388
389
394
395
394
389
389
390
396
389
396
395
390
391
458
459
458
391
390
458
396
472
396
458
391
392
460
391
460
459
393
394
470
393
470
469
394
395
470
471
470
395
395
396
472
395
472
471
397
488
489
397
489
398
397
407
499
397
499
488
398
489
399
490
399
489
399
490
491
399
491
400
400
491
401
492
401
491
401
492
493
401
493
402
402
493
403
494
403
493
403
494
495
403
495
404
404
495
405
496
405
495
405
406
409
405
409
408
405
496
497
405
497
406
406
497
409
506
409
497
407
411
508
407
508
499
409
506
507
409
507
410
410
507
412
509
412
507
411
415
512
411
512
508
412
509
413
510
413
509
413
510
511
413
511
414
414
511
416
514
416
511
415
419
516
415
516
512
416
514
420
518
420
514
417
423
424
417
424
418
418
515
419
516
419
515
418
424
515
522
515
424
420
518
425
523
425
518
421
519
520
421
520
422
421
428
525
421
525
519
422
520
423
521
423
520
423
521
522
423
522
424
425
429
430
425
430
426
425
523
526
425
526
429
427
431
432
427
432
428
428
432
525
528
525
432
429
435
436
429
436
430
429
526
529
429
529
435
431
437
438
431
438
432
432
438
528
531
528
438
433
434
440
433
440
439
434
435
440
441
440
435
435
529
534
435
534
441
437
530
531
437
531
438
437
442
535
437
535
530
439
440
533
439
533
532
439
532
539
439
539
453
440
441
533
534
533
441
442
443
454
455
454
443
442
454
535
542
535
454
443
444
456
443
456
455
444
445
456
457
456
445
446
447
460
461
460
447
447
448
462
447
462
461
448
449
462
463
462
449
449
450
464
449
464
463
450
451
536
537
536
451
450
536
464
547
464
536
451
452
538
451
538
537
452
453
538
539
538
453
454
455
466
467
466
455
454
466
542
554
542
466
455
456
468
455
468
467
456
457
468
469
468
457
458
459
472
473
472
459
459
460
474
459
474
473
460
461
543
544
543
461
460
543
474
557
474
543
461
462
545
461
545
544
462
463
545
546
545
463
463
464
547
463
547
546
465
466
476
465
476
475
465
553
554
465
554
466
465
475
568
465
568
553
466
467
476
477
476
467
467
468
478
467
478
477
468
469
478
479
478
469
469
470
480
469
480
479
470
471
480
481
480
471
471
472
482
471
482
481
472
473
555
556
555
473
472
555
482
572
482
555
473
474
557
473
557
556
475
476
569
475
569
568
476
477
483
484
483
477
476
483
569
582
569
483
477
478
485
477
485
484
478
479
485
486
485
479
479
480
487
479
487
486
480
481
570
571
570
481
480
570
487
586
487
570
481
482
572
481
572
571
483
484
583
483
583
582
484
485
583
584
583
485
485
486
585
485
585
584
486
487
585
586
585
487
488
499
489
500
489
499
489
500
501
489
501
490
490
501
491
502
491
501
491
502
503
491
503
492
492
503
493
504
493
503
493
504
505
493
505
494
494
647
495
648
495
647
494
505
647
658
647
505
495
648
649
495
649
496
496
649
497
650
497
649
497
498
507
497
507
506
497
650
651
497
651
498
498
651
507
662
507
651
499
652
653
499
653
500
499
508
663
499
663
652
500
653
501
654
501
653
501
654
655
501
655
502
502
655
503
656
503
655
503
656
657
503
657
504
504
657
505
658
505
657
507
662
671
507
671
509
508
512
663
673
663
512
509
671
672
509
672
510
510
513
511
514
511
513
510
672
513
675
513
672
512
516
673
677
673
516
513
517
518
513
518
514
513
675
678
513
678
517
515
676
677
515
677
516
515
522
684
515
684
676
517
678
679
517
679
518
518
679
523
686
523
679
519
681
682
519
682
520
519
525
688
519
688
681
520
682
521
683
521
682
521
683
684
521
684
522
523
686
689
523
689
526
524
525
527
528
527
525
524
687
525
688
525
687
524
527
687
691
687
527
526
689
529
692
529
689
527
528
531
527
531
530
527
530
694
527
694
691
529
692
696
529
696
534
530
535
694
698
694
535
532
533
539
540
539
533
533
534
541
533
541
540
534
696
541
700
541
696
535
542
702
535
702
698
536
537
547
548
547
537
537
538
549
537
549
548
538
539
549
550
549
539
539
540
551
539
551
550
540
541
551
552
551
541
541
700
704
541
704
552
542
554
702
707
702
554
543
544
558
543
558
557
544
545
558
559
558
545
545
546
560
545
560
559
546
547
560
561
560
547
547
548
562
547
562
561
548
549
562
563
562
549
549
550
564
549
564
563
550
551
564
565
564
551
551
552
566
551
566
565
552
704
566
712
566
704
553
706
707
553
707
554
553
568
714
553
714
706
555
556
573
555
573
572
556
557
573
574
573
557
557
558
575
557
575
574
558
559
575
576
575
559
559
560
577
559
577
576
560
561
577
578
577
561
561
562
579
561
579
578
562
563
708
709
708
563
562
708
579
715
579
708
563
564
710
563
710
709
564
565
710
711
710
565
565
566
712
565
712
711
567
568
581
567
581
580
567
713
714
567
714
568
567
580
719
567
719
713
568
569
581
582
581
569
570
571
586
587
586
571
571
572
588
571
588
587
572
573
588
589
588
573
573
574
590
573
590
589
574
575
590
591
590
575
575
576
592
575
592
591
576
577
592
593
592
577
577
578
594
577
594
593
578
579
594
595
594
579
579
715
721
579
721
595
580
581
596
597
596
581
580
596
719
724
719
596
581
582
598
581
598
597
582
583
598
599
598
583
583
584
600
583
600
599
584
585
600
601
600
585
585
586
602
585
602
601
586
587
602
603
602
587
587
588
604
587
604
603
588
589
604
605
604
589
589
590
606
589
606
605
590
591
606
607
606
591
591
592
608
591
608
607
592
593
608
609
608
593
593
594
610
593
610
609
594
595
720
721
720
595
594
720
610
725
610
720
596
597
611
612
611
597
596
611
724
726
724
611
597
598
613
597
613
612
598
599
613
614
613
599
599
600
615
599
615
614
600
601
615
616
615
601
601
602
617
601
617
616
602
603
617
618
617
603
603
604
619
603
619
618
604
605
619
620
619
605
605
606
621
605
621
620
606
607
621
622
621
607
607
608
623
607
623
622
608
609
623
624
623
609
609
610
625
609
625
624
610
725
625
733
625
725
611
612
727
611
727
726
612
613
727
728
727
613
613
614
627
613
627
626
613
626
736
613
736
728
614
615
627
628
627
615
615
616
629
615
629
628
616
617
629
630
629
617
617
618
631
617
631
630
618
619
631
632
631
619
619
620
633
619
633
632
620
621
729
730
729
621
620
729
633
738
633
729
621
622
731
621
731
730
622
623
731
732
731
623
623
624
635
623
635
634
623
634
741
623
741
732
624
625
635
636
635
625
625
733
742
625
742
636
626
627
736
737
736
627
627
628
638
627
638
637
627
637
747
627
747
737
628
629
638
639
638
629
629
630
640
629
640
639
630
631
640
641
640
631
631
632
642
631
642
641
632
633
642
643
642
633
633
738
753
633
753
643
634
635
644
645
644
635
634
644
741
756
741
644
635
636
646
635
646
645
636
742
646
758
646
742
637
638
748
637
748
747
638
639
748
749
748
639
639
640
750
639
750
749
640
641
750
751
750
641
641
642
752
641
752
751
642
643
752
753
752
643
644
645
756
757
756
645
645
646
758
645
758
757
647
658
659
647
659
648
648
659
649
660
649
659
649
660
661
649
661
650
650
661
651
662
651
661
652
663
653
664
653
663
653
664
665
653
665
654
654
665
655
666
655
665
655
666
667
655
667
656
656
667
657
668
657
667
657
668
669
657
669
658
658
669
659
670
659
669
659
793
794
659
794
660
659
670
804
659
804
793
660
794
661
795
661
794
661
795
796
661
796
662
662
796
671
807
671
796
663
797
798
663
798
664
663
673
809
663
809
797
664
798
665
799
665
798
665
799
800
665
800
666
666
800
667
801
667
800
667
801
802
667
802
668
668
802
669
803
669
802
669
803
804
669
804
670
671
674
675
671
675
672
671
807
814
671
814
674
673
677
817
673
817
809
674
814
675
815
675
814
675
815
818
675
818
678
676
816
677
817
677
816
676
684
816
823
816
684
678
685
679
686
679
685
678
818
685
824
685
818
680
681
687
688
687
681
680
819
681
820
681
819
680
687
819
826
819
687
681
820
821
681
821
682
682
821
683
822
683
821
683
822
823
683
823
684
685
824
825
685
825
686
686
825
689
830
689
825
687
691
832
687
832
826
689
830
836
689
836
692
690
691
693
694
693
691
690
831
691
832
691
831
690
693
831
837
831
693
692
836
696
840
696
836
693
694
698
693
698
697
693
697
841
693
841
837
695
699
700
695
700
696
695
696
840
695
840
839
695
839
843
695
843
699
697
698
702
697
702
701
697
701
844
697
844
841
699
703
704
699
704
700
699
843
845
699
845
703
701
702
707
701
707
706
701
706
847
701
847
844
703
711
712
703
712
704
703
845
848
703
848
711
705
706
714
705
714
713
705
846
847
705
847
706
705
713
849
705
849
846
708
709
715
716
715
709
709
710
717
709
717
716
710
711
717
718
717
711
711
848
852
711
852
718
713
719
853
713
853
849
715
716
722
715
722
721
716
717
722
723
722
717
717
718
852
717
852
851
717
851
857
717
857
723
719
724
858
719
858
853
720
721
854
855
854
721
720
854
725
859
725
854
721
722
856
721
856
855
722
723
856
857
856
723
724
726
858
862
858
726
725
859
863
725
863
733
726
727
734
735
734
727
726
734
862
866
862
734
727
728
736
727
736
735
729
730
739
729
739
738
730
731
739
740
739
731
731
732
741
731
741
740
733
863
868
733
868
742
734
735
744
745
744
735
734
744
866
872
866
744
735
736
746
735
746
745
736
737
746
747
746
737
738
739
753
754
753
739
739
740
755
739
755
754
740
741
755
756
755
741
742
868
758
878
758
868
743
744
760
743
760
759
743
871
872
743
872
744
743
759
881
743
881
871
744
745
760
761
760
745
745
746
762
745
762
761
746
747
762
763
762
747
747
748
764
747
764
763
748
749
764
765
764
749
749
750
766
749
766
765
750
751
874
875
874
751
750
874
766
886
766
874
751
752
876
751
876
875
752
753
767
768
767
753
752
767
876
888
876
767
753
754
769
753
769
768
754
755
769
770
769
755
755
756
771
755
771
770
756
757
771
772
771
757
757
758
878
757
878
877
757
877
889
757
889
772
759
760
774
759
774
773
759
773
890
759
890
881
760
761
882
883
882
761
760
882
774
891
774
882
761
762
884
761
884
883
762
763
884
885
884
763
763
764
776
763
776
775
763
775
892
763
892
885
764
765
776
777
776
765
765
766
778
765
778
777
766
886
778
895
778
886
767
768
780
767
780
779
767
779
897
767
897
888
768
769
780
781
780
769
769
770
782
769
782
781
770
771
782
783
782
771
771
772
784
771
784
783
772
889
784
900
784
889
773
774
786
773
786
785
773
785
901
773
901
890
774
891
786
902
786
891
775
776
893
775
893
892
776
777
893
894
893
777
777
778
895
777
895
894
779
780
788
779
788
787
779
787
903
779
903
897
780
781
788
789
788
781
781
782
790
781
790
789
782
783
898
899
898
783
782
898
790
906
790
898
783
784
900
783
900
899
785
786
902
785
902
901
787
788
904
787
904
903
788
789
904
905
904
789
789
790
792
789
792
791
789
791
910
789
910
905
790
906
792
911
792
906
791
792
911
791
911
910
793
804
805
793
805
794
794
805
795
806
795
805
795
806
807
795
807
796
797
809
810
797
810
798
798
810
799
811
799
810
799
918
919
799
919
800
799
811
928
799
928
918
800
919
801
920
801
919
801
920
921
801
921
802
802
921
803
922
803
921
803
922
923
803
923
804
804
923
805
924
805
923
805
812
813
805
813
806
805
924
934
805
934
812
806
813
807
814
807
813
808
809
816
817
816
809
808
925
809
926
809
925
808
816
925
938
925
816
809
926
927
809
927
810
810
927
811
928
811
927
812
934
813
935
813
934
813
935
936
813
936
814
814
936
815
937
815
936
815
937
948
815
948
818
816
823
938
951
938
823
818
948
824
954
824
948
819
826
827
819
827
820
820
827
821
828
821
827
821
949
950
821
950
822
821
828
955
821
955
949
822
950
823
951
823
950
824
829
825
830
825
829
824
954
829
958
829
954
826
832
827
833
827
832
827
833
834
827
834
828
828
834
955
961
955
834
829
835
836
829
836
830
829
958
962
829
962
835
831
837
838
831
838
832
832
959
833
960
833
959
832
838
959
963
959
838
833
960
961
833
961
834
835
839
840
835
840
836
835
962
964
835
964
839
837
841
842
837
842
838
838
842
963
966
963
842
839
964
967
839
967
843
841
965
966
841
966
842
841
844
968
841
968
965
843
967
970
843
970
845
844
847
968
971
968
847
845
970
973
845
973
848
846
849
847
850
847
849
847
850
975
847
975
971
848
973
852
978
852
973
849
974
975
849
975
850
849
853
979
849
979
974
851
852
978
851
978
977
851
977
983
851
983
857
853
858
984
853
984
979
854
855
859
860
859
855
855
856
861
855
861
860
856
857
982
983
982
857
856
982
861
986
861
982
858
862
984
987
984
862
859
860
864
859
864
863
860
861
864
865
864
861
861
986
989
861
989
865
862
866
987
990
987
866
863
864
869
863
869
868
864
865
869
870
869
865
865
989
992
865
992
870
866
872
867
873
867
872
866
867
990
991
990
867
867
873
993
867
993
991
868
869
878
879
878
869
869
870
880
869
880
879
870
992
880
998
880
992
871
881
882
871
882
872
872
882
873
883
873
882
873
883
999
873
999
993
874
875
886
887
886
875
875
876
888
875
888
887
877
878
996
877
996
995
877
995
1002
877
1002
889
878
879
996
997
996
879
879
880
998
879
998
997
881
890
891
881
891
882
883
884
1000
883
1000
999
884
885
1000
1001
1000
885
885
892
1004
885
1004
1001
886
887
895
896
895
887
887
888
897
887
897
896
889
1002
1010
889
1010
900
890
901
891
902
891
901
892
893
1004
1005
1004
893
893
894
1006
893
1006
1005
894
895
1006
1007
1006
895
895
896
1008
895
1008
1007
896
897
1008
1009
1008
897
897
903
1011
897
1011
1009
898
899
906
907
906
899
899
900
908
899
908
907
900
1010
908
1013
908
1010
903
904
1012
903
1012
1011
904
905
909
910
909
905
904
909
1012
1014
1012
909
906
907
911
912
911
907
907
908
913
907
913
912
908
1013
913
1016
913
1013
909
910
1015
909
1015
1014
910
911
914
915
914
911
910
914
1015
1018
1015
914
911
912
916
911
916
915
912
913
916
917
916
913
913
1016
1021
913
1021
917
914
915
1018
1019
1018
915
915
916
1020
915
1020
1019
916
917
1020
1021
1020
917
918
928
919
929
919
928
919
929
930
919
930
920
920
930
921
931
921
930
921
931
932
921
932
922
922
932
923
933
923
932
923
933
934
923
934
924
925
938
939
925
939
926
926
939
927
940
927
939
927
1022
1023
927
1023
928
927
940
1027
927
1027
1022
928
1023
929
1024
929
1023
929
1024
1025
929
1025
930
930
941
931
942
931
941
930
1025
941
1030
941
1025
931
942
943
931
943
932
932
943
933
944
933
943
933
944
945
933
945
934
934
945
935
946
935
945
935
946
947
935
947
936
936
947
937
948
937
947
938
951
939
952
939
951
939
1026
1027
939
1027
940
939
952
1038
939
1038
1026
941
1030
1031
941
1031
942
942
1031
943
1032
943
1031
943
1032
1033
943
1033
944
944
1033
945
1034
945
1033
945
1034
1035
945
1035
946
946
1035
947
1036
947
1035
947
953
954
947
954
948
947
1036
1044
947
1044
953
949
955
956
949
956
950
950
956
951
957
951
956
951
1037
1038
951
1038
952
951
957
1048
951
1048
1037
953
1044
1045
953
1045
954
954
1045
958
1052
958
1045
955
1046
1047
955
1047
956
955
961
1055
955
1055
1046
956
1047
957
1048
957
1047
958
1052
962
1060
962
1052
959
1053
1054
959
1054
960
959
963
1061
959
1061
1053
960
1054
961
1055
961
1054
962
1060
964
1068
964
1060
963
966
1069
963
1069
1061
964
1068
967
1074
967
1068
965
968
969
965
969
966
966
969
1069
1075
1069
969
967
1074
1081
967
1081
970
968
971
969
972
969
971
969
972
1082
969
1082
1075
970
1081
973
1086
973
1081
971
975
976
971
976
972
972
976
1082
1087
1082
976
973
1086
1089
973
1089
978
974
979
975
980
975
979
975
980
981
975
981
976
976
981
1087
1091
1087
981
977
978
1089
977
1089
1088
977
1088
1093
977
1093
983
979
984
985
979
985
980
980
1090
981
1091
981
1090
980
985
1090
1094
1090
985
982
983
1092
1093
1092
983
982
1092
986
1095
986
1092
984
987
985
988
985
987
985
988
1096
985
1096
1094
986
1095
989
1099
989
1095
987
990
991
987
991
988
988
991
1096
1100
1096
991
989
1099
1103
989
1103
992
991
993
1104
991
1104
1100
992
1103
998
1111
998
1103
993
999
1000
993
1000
994
993
994
1105
993
1105
1104
994
1000
1105
1112
1105
1000
995
996
1109
995
1109
1108
995
1108
1115
995
1115
1002
996
997
1109
1110
1109
997
997
998
1111
997
1111
1110
1000
1001
1003
1004
1003
1001
1000
1003
1112
1116
1112
1003
1002
1115
1010
1126
1010
1115
1003
1004
1117
1003
1117
1116
1004
1005
1117
1118
1117
1005
1005
1006
1119
1005
1119
1118
1006
1007
1119
1120
1119
1007
1007
1008
1121
1007
1121
1120
1008
1009
1121
1122
1121
1009
1009
1011
1127
1009
1127
1122
1010
1126
1013
1132
1013
1126
1011
1012
1128
1011
1128
1127
1012
1014
1128
1133
1128
1014
1013
1132
1137
1013
1137
1016
1014
1015
1017
1018
1017
1015
1014
1017
1133
1138
1133
1017
1016
1137
1021
1142
1021
1137
1017
1018
1139
1017
1139
1138
1018
1019
1139
1140
1139
1019
1019
1020
1141
1019
1141
1140
1020
1021
1141
1142
1141
1021
1022
1027
1023
1028
1023
1027
1023
1028
1029
1023
1029
1024
1024
1029
1025
1030
1025
1029
1026
1038
1027
1039
1027
1038
1027
1039
1040
1027
1040
1028
1028
1040
1029
1041
1029
1040
1029
1143
1144
1029
1144
1030
1029
1041
1152
1029
1152
1143
1030
1144
1031
1145
1031
1144
1031
1145
1146
1031
1146
1032
1032
1146
1033
1147
1033
1146
1033
1147
1148
1033
1148
1034
1034
1042
1035
1043
1035
1042
1034
1148
1042
1157
1042
1148
1035
1043
1044
1035
1044
1036
1037
1048
1049
1037
1049
1038
1038
1149
1039
1150
1039
1149
1038
1049
1149
1160
1149
1049
1039
1150
1151
1039
1151
1040
1040
1151
1041
1152
1041
1151
1042
1157
1043
1158
1043
1157
1043
1050
1051
1043
1051
1044
1043
1158
1169
1043
1169
1050
1044
1051
1045
1052
1045
1051
1046
1055
1047
1056
1047
1055
1047
1056
1057
1047
1057
1048
1048
1159
1049
1160
1049
1159
1048
1057
1159
1170
1159
1057
1050
1058
1051
1059
1051
1058
1050
1169
1058
1179
1058
1169
1051
1059
1060
1051
1060
1052
1053
1061
1062
1053
1062
1054
1054
1062
1055
1063
1055
1062
1055
1063
1064
1055
1064
1056
1056
1064
1057
1065
1057
1064
1057
1065
1180
1057
1180
1170
1058
1066
1059
1067
1059
1066
1058
1179
1066
1183
1066
1179
1059
1067
1068
1059
1068
1060
1061
1069
1070
1061
1070
1062
1062
1070
1063
1071
1063
1070
1063
1071
1072
1063
1072
1064
1064
1072
1065
1073
1065
1072
1065
1073
1187
1065
1187
1180
1066
1183
1067
1184
1067
1183
1067
1184
1185
1067
1185
1068
1068
1185
1074
1189
1074
1185
1069
1075
1076
1069
1076
1070
1070
1076
1071
1077
1071
1076
1071
1077
1078
1071
1078
1072
1072
1078
1073
1079
1073
1078
1073
1079
1192
1073
1192
1187
1074
1189
1081
1195
1081
1189
1075
1082
1083
1075
1083
1076
1076
1083
1077
1084
1077
1083
1077
1190
1191
1077
1191
1078
1077
1084
1198
1077
1198
1190
1078
1191
1079
1192
1079
1191
1080
1085
1081
1086
1081
1085
1080
1081
1194
1195
1194
1081
1080
1194
1085
1200
1085
1194
1082
1196
1083
1197
1083
1196
1082
1087
1196
1201
1196
1087
1083
1197
1198
1083
1198
1084
1085
1088
1089
1085
1089
1086
1085
1200
1204
1085
1204
1088
1087
1091
1206
1087
1206
1201
1088
1204
1093
1209
1093
1204
1090
1205
1091
1206
1091
1205
1090
1094
1205
1210
1205
1094
1092
1093
1208
1209
1208
1093
1092
1208
1095
1215
1095
1208
1094
1096
1210
1216
1210
1096
1095
1215
1222
1095
1222
1099
1096
1100
1097
1101
1097
1100
1096
1097
1216
1217
1216
1097
1097
1101
1102
1097
1102
1098
1097
1098
1218
1097
1218
1217
1098
1102
1218
1223
1218
1102
1099
1222
1228
1099
1228
1103
1100
1104
1101
1105
1101
1104
1101
1105
1106
1101
1106
1102
1102
1106
1223
1229
1223
1106
1103
1228
1236
1103
1236
1111
1105
1112
1113
1105
1113
1106
1106
1113
1229
1237
1229
1113
1107
1114
1115
1107
1115
1108
1107
1108
1233
1107
1233
1232
1107
1232
1245
1107
1245
1114
1108
1109
1233
1234
1233
1109
1109
1110
1235
1109
1235
1234
1110
1111
1235
1236
1235
1111
1112
1116
1113
1117
1113
1116
1113
1117
1246
1113
1246
1237
1114
1125
1115
1126
1115
1125
1114
1245
1125
1255
1125
1245
1117
1118
1247
1117
1247
1246
1118
1119
1247
1248
1247
1119
1119
1120
1249
1119
1249
1248
1120
1121
1249
1250
1249
1121
1121
1122
1251
1121
1251
1250
1122
1127
1123
1128
1123
1127
1122
1123
1251
1252
1251
1123
1123
1128
1256
1123
1256
1252
1124
1130
1125
1131
1125
1130
1124
1125
1254
1255
1254
1125
1124
1254
1130
1258
1130
1254
1125
1131
1132
1125
1132
1126
1128
1133
1129
1134
1129
1133
1128
1129
1256
1257
1256
1129
1129
1134
1135
1129
1135
1130
1129
1130
1258
1129
1258
1257
1130
1135
1131
1136
1131
1135
1131
1136
1137
1131
1137
1132
1133
1138
1139
1133
1139
1134
1134
1139
1135
1140
1135
1139
1135
1140
1141
1135
1141
1136
1136
1141
1137
1142
1137
1141
1143
1152
1153
1143
1153
1144
1144
1153
1145
1154
1145
1153
1145
1154
1155
1145
1155
1146
1146
1155
1147
1156
1147
1155
1147
1156
1157
1147
1157
1148
1149
1160
1161
1149
1161
1150
1150
1161
1151
1162
1151
1161
1151
1162
1163
1151
1163
1152
1152
1163
1153
1164
1153
1163
1153
1164
1165
1153
1165
1154
1154
1165
1155
1166
1155
1165
1155
1166
1167
1155
1167
1156
1156
1167
1157
1168
1157
1167
1157
1168
1169
1157
1169
1158
1159
1170
1171
1159
1171
1160
1160
1171
1161
1172
1161
1171
1161
1172
1173
1161
1173
1162
1162
1173
1163
1174
1163
1173
1163
1259
1260
1163
1260
1164
1163
1174
1266
1163
1266
1259
1164
1260
1165
1261
1165
1260
1165
1175
1176
1165
1176
1166
1165
1261
1268
1165
1268
1175
1166
1176
1167
1177
1167
1176
1167
1177
1178
1167
1178
1168
1168
1178
1169
1179
1169
1178
1170
1262
1171
1263
1171
1262
1170
1180
1262
1271
1262
1180
1171
1263
1264
1171
1264
1172
1172
1264
1173
1265
1173
1264
1173
1265
1266
1173
1266
1174
1175
1268
1269
1175
1269
1176
1176
1269
1177
1270
1177
1269
1177
1181
1182
1177
1182
1178
1177
1270
1277
1177
1277
1181
1178
1182
1179
1183
1179
1182
1180
1187
1271
1282
1271
1187
1181
1277
1278
1181
1278
1182
1182
1278
1183
1279
1183
1278
1183
1279
1280
1183
1280
1184
1184
1188
1185
1189
1185
1188
1184
1280
1188
1290
1188
1280
1186
1187
1191
1192
1191
1187
1186
1281
1187
1282
1187
1281
1186
1191
1281
1292
1281
1191
1188
1194
1189
1195
1189
1194
1188
1290
1194
1302
1194
1290
1190
1291
1191
1292
1191
1291
1190
1198
1291
1304
1291
1198
1193
1199
1200
1193
1200
1194
1193
1194
1302
1193
1302
1301
1193
1301
1316
1193
1316
1199
1196
1201
1197
1202
1197
1201
1197
1303
1304
1197
1304
1198
1197
1202
1317
1197
1317
1303
1199
1203
1204
1199
1204
1200
1199
1316
1330
1199
1330
1203
1201
1206
1207
1201
1207
1202
1202
1207
1317
1331
1317
1207
1203
1208
1209
1203
1209
1204
1203
1330
1344
1203
1344
1208
1205
1210
1211
1205
1211
1206
1206
1211
1207
1212
1207
1211
1207
1212
1345
1207
1345
1331
1208
1344
1215
1358
1215
1344
1210
1216
1211
1217
1211
1216
1211
1217
1218
1211
1218
1212
1212
1218
1345
1359
1345
1218
1213
1220
1221
1213
1221
1214
1213
1214
1357
1213
1357
1356
1213
1356
1370
1213
1370
1220
1214
1221
1215
1222
1215
1221
1214
1215
1357
1358
1357
1215
1218
1223
1219
1224
1219
1223
1218
1219
1359
1360
1359
1219
1219
1224
1371
1219
1371
1360
1220
1226
1221
1227
1221
1226
1220
1370
1226
1381
1226
1370
1221
1227
1228
1221
1228
1222
1223
1229
1230
1223
1230
1224
1224
1230
1225
1231
1225
1230
1224
1225
1371
1372
1371
1225
1225
1231
1382
1225
1382
1372
1226
1234
1227
1235
1227
1234
1226
1381
1234
1391
1234
1381
1227
1235
1236
1227
1236
1228
1229
1237
1238
1229
1238
1230
1230
1238
1231
1239
1231
1238
1231
1239
1392
1231
1392
1382
1232
1233
1389
1390
1389
1233
1232
1389
1245
1399
1245
1389
1233
1234
1391
1233
1391
1390
1237
1246
1247
1237
1247
1238
1238
1247
1239
1248
1239
1247
1239
1248
1249
1239
1249
1240
1239
1240
1393
1239
1393
1392
1240
1249
1241
1250
1241
1249
1240
1241
1393
1394
1393
1241
1241
1250
1251
1241
1251
1242
1241
1242
1395
1241
1395
1394
1242
1251
1243
1252
1243
1251
1242
1243
1395
1396
1395
1243
1243
1252
1253
1243
1253
1244
1243
1244
1397
1243
1397
1396
1244
1253
1397
1400
1397
1253
1245
1399
1402
1245
1402
1255
1252
1256
1253
1257
1253
1256
1253
1257
1258
1253
1258
1254
1253
1254
1401
1253
1401
1400
1254
1255
1401
1402
1401
1255
1259
1266
1267
1259
1267
1260
1260
1267
1261
1268
1261
1267
1262
1271
1263
1272
1263
1271
1263
1272
1273
1263
1273
1264
1264
1273
1265
1274
1265
1273
1265
1274
1275
1265
1275
1266
1266
1275
1267
1276
1267
1275
1267
1403
1404
1267
1404
1268
1267
1276
1407
1267
1407
1403
1268
1404
1269
1405
1269
1404
1269
1405
1406
1269
1406
1270
1270
1406
1277
1408
1277
1406
1271
1282
1283
1271
1283
1272
1272
1283
1273
1284
1273
1283
1273
1284
1285
1273
1285
1274
1274
1285
1275
1286
1275
1285
1275
1286
1287
1275
1287
1276
1276
1287
1407
1410
1407
1287
1277
1408
1409
1277
1409
1278
1278
1288
1279
1289
1279
1288
1278
1409
1288
1414
1288
1409
1279
1289
1290
1279
1290
1280
1281
1292
1293
1281
1293
1282
1282
1293
1283
1294
1283
1293
1283
1294
1295
1283
1295
1284
1284
1295
1285
1296
1285
1295
1285
1296
1297
1285
1297
1286
1286
1297
1287
1298
1287
1297
1287
1298
1415
1287
1415
1410
1288
1300
1289
1301
1289
1300
1288
1414
1300
1419
1300
1414
1289
1301
1302
1289
1302
1290
1291
1304
1305
1291
1305
1292
1292
1305
1293
1306
1293
1305
1293
1306
1307
1293
1307
1294
1294
1307
1295
1308
1295
1307
1295
1308
1309
1295
1309
1296
1296
1309
1297
1310
1297
1309
1297
1310
1311
1297
1311
1298
1298
1311
1415
1420
1415
1311
1299
1314
1315
1299
1315
1300
1299
1300
1419
1299
1419
1418
1299
1418
1423
1299
1423
1314
1300
1315
1301
1316
1301
1315
1303
1317
1318
1303
1318
1304
1304
1318
1305
1319
1305
1318
1305
1319
1320
1305
1320
1306
1306
1320
1307
1321
1307
1320
1307
1321
1322
1307
1322
1308
1308
1322
1309
1323
1309
1322
1309
1323
1324
1309
1324
1310
1310
1324
1311
1325
1311
1324
1311
1325
1326
1311
1326
1312
1311
1312
1421
1311
1421
1420
1312
1326
1313
1327
1313
1326
1312
1313
1421
1422
1421
1313
1313
1327
1328
1313
1328
1314
1313
1314
1423
1313
1423
1422
1314
1328
1315
1329
1315
1328
1315
1329
1330
1315
1330
1316
1317
1331
1332
1317
1332
1318
1318
1332
1319
1333
1319
1332
1319
1333
1334
1319
1334
1320
1320
1334
1321
1335
1321
1334
1321
1335
1336
1321
1336
1322
1322
1336
1323
1337
1323
1336
1323
1337
1338
1323
1338
1324
1324
1338
1325
1339
1325
1338
1325
1339
1340
1325
1340
1326
1326
1340
1327
1341
1327
1340
1327
1341
1342
1327
1342
1328
1328
1342
1329
1343
1329
1342
1329
1343
1344
1329
1344
1330
1331
1345
1346
1331
1346
1332
1332
1346
1333
1347
1333
1346
1333
1347
1348
1333
1348
1334
1334
1348
1335
1349
1335
1348
1335
1349
1350
1335
1350
1336
1336
1350
1337
1351
1337
1350
1337
1351
1352
1337
1352
1338
1338
1352
1339
1353
1339
1352
1339
1353
1354
1339
1354
1340
1340
1354
1341
1355
1341
1354
1341
1355
1356
1341
1356
1342
1342
1356
1343
1357
1343
1356
1343
1357
1358
1343
1358
1344
1345
1359
1360
1345
1360
1346
1346
1360
1347
1361
1347
1360
1347
1361
1362
1347
1362
1348
1348
1362
1349
1363
1349
1362
1349
1363
1364
1349
1364
1350
1350
1364
1351
1365
1351
1364
1351
1365
1366
1351
1366
1352
1352
1366
1353
1367
1353
1366
1353
1367
1368
1353
1368
1354
1354
1368
1355
1369
1355
1368
1355
1369
1370
1355
1370
1356
1360
1371
1361
1372
1361
1371
1361
1372
1373
1361
1373
1362
1362
1373
1363
1374
1363
1373
1363
1374
1375
1363
1375
1364
1364
1375
1365
1376
1365
1375
1365
1376
1377
1365
1377
1366
1366
1377
1367
1378
1367
1377
1367
1378
1379
1367
1379
1368
1368
1379
1369
1380
1369
1379
1369
1380
1381
1369
1381
1370
1372
1382
1373
1383
1373
1382
1373
1383
1384
1373
1384
1374
1374
1384
1375
1385
1375
1384
1375
1385
1386
1375
1386
1376
1376
1386
1377
1387
1377
1386
1377
1387
1388
1377
1388
1378
1378
1388
1379
1389
1379
1388
1379
1389
1390
1379
1390
1380
1380
1390
1381
1391
1381
1390
1382
1392
1383
1393
1383
1392
1383
1393
1394
1383
1394
1384
1384
1394
1385
1395
1385
1394
1385
1395
1396
1385
1396
1386
1386
1396
1387
1397
1387
1396
1387
1397
1398
1387
1398
1388
1388
1398
1389
1399
1389
1398
1397
1400
1401
1397
1401
1398
1398
1401
1399
1402
1399
1401
1403
1424
1425
1403
1425
1404
1403
1407
1428
1403
1428
1424
1404
1425
1405
1426
1405
1425
1405
1426
1427
1405
1427
1406
1406
1427
1408
1431
1408
1427
1407
1410
1432
1407
1432
1428
1408
1413
1409
1414
1409
1413
1408
1431
1413
1435
1413
1431
1410
1415
1411
1416
1411
1415
1410
1411
1432
1433
1432
1411
1411
1416
1417
1411
1417
1412
1411
1412
1434
1411
1434
1433
1412
1417
1413
1418
1413
1417
1412
1413
1434
1435
1434
1413
1413
1418
1419
1413
1419
1414
1415
1420
1421
1415
1421
1416
1416
1421
1417
1422
1417
1421
1417
1422
1423
1417
1423
1418
1424
1428
1425
1429
1425
1428
1425
1429
1430
1425
1430
1426
1426
1430
1427
1431
1427
1430
1428
1432
1429
1433
1429
1432
1429
1433
1434
1429
1434
1430
1430
1434
1431
1435
1431
1434