20.47
-15.56
-12.46
20.19
-15.56
-12.36
19.75
-15.58
-12.29
20.53
-15.56
-12.73
20.15
-15.69
-12.70
19.58
-15.71
-12.65
19.10
-15.72
-12.79
20.58
-15.55
-13.13
20.18
-15.69
-13.17
19.61
-15.76
-13.16
19.12
-15.76
-13.14
17.88
-15.90
-16.05
17.25
-15.95
-15.97
16.41
-15.98
-15.92
15.47
-15.98
-15.89
14.47
-15.95
-15.87
13.48
-15.91
-15.78
12.52
-15.88
-15.72
11.61
-15.85
-15.71
10.80
-15.81
-15.74
10.24
-15.75
-15.80
17.94
-15.92
-16.61
17.25
-16.01
-16.69
16.41
-16.06
-16.69
15.48
-16.05
-16.69
14.43
-15.99
-16.72
13.43
-15.93
-16.47
12.50
-15.89
-16.37
11.60
-15.84
-16.31
10.80
-15.79
-16.26
10.24
-15.73
-16.18
17.95
-15.91
-17.20
17.35
-15.98
-17.49
16.45
-16.05
-17.48
15.58
-16.04
-17.49
14.78
-15.98
-17.49
17.15
-15.91
-18.26
16.41
-15.97
-18.23
15.60
-15.94
-18.28
14.94
-15.91
-18.08
17.02
-15.80
-18.80
16.44
-15.82
-18.84
15.85
-15.82
-18.82
16.08
-14.85
-11.01
15.38
-14.85
-11.05
14.55
-14.84
-11.05
13.84
-14.85
-11.08
20.53
-15.37
-12.41
20.21
-15.15
-12.12
19.42
-15.29
-11.97
18.51
-15.24
-11.87
17.53
-15.17
-11.79
16.48
-15.08
-11.62
15.47
-15.12
-11.74
14.51
-15.11
-11.74
13.49
-15.06
-11.66
12.47
-15.08
-11.83
11.50
-15.05
-11.90
10.56
-14.99
-11.95
9.68
-14.89
-12.01
8.98
-14.74
-12.07
20.75
-15.21
-12.78
20.61
-14.95
-12.42
19.21
-15.56
-12.39
18.60
-15.55
-12.62
17.55
-15.44
-12.61
16.51
-15.36
-12.56
15.50
-15.35
-12.57
14.50
-15.34
-12.58
13.50
-15.32
-12.57
12.49
-15.31
-12.63
11.51
-15.28
-12.68
10.54
-15.23
-12.71
9.61
-15.11
-12.74
8.68
-14.89
-12.71
7.99
-14.74
-12.96
20.88
-15.22
-13.56
20.27
-15.55
-13.76
19.52
-15.68
-13.75
18.66
-15.68
-13.50
17.55
-15.60
-13.49
16.51
-15.55
-13.46
15.50
-15.53
-13.45
14.50
-15.52
-13.44
13.50
-15.50
-13.44
12.50
-15.49
-13.47
11.51
-15.47
-13.50
10.54
-15.42
-13.54
9.59
-15.32
-13.59
8.65
-15.13
-13.61
7.76
-14.87
-13.67
7.18
-14.68
-13.97
22.59
-14.89
-15.44
22.11
-14.93
-15.16
21.31
-15.14
-14.64
20.40
-15.47
-14.63
19.49
-15.64
-14.61
18.51
-15.71
-14.52
17.49
-15.71
-14.40
16.49
-15.70
-14.33
15.50
-15.69
-14.30
14.50
-15.68
-14.28
13.50
-15.66
-14.27
12.51
-15.65
-14.28
11.53
-15.63
-14.31
10.57
-15.58
-14.38
9.63
-15.48
-14.49
8.67
-15.30
-14.53
7.82
-15.06
-14.57
7.14
-14.78
-14.64
23.21
-14.95
-16.13
22.83
-14.96
-15.90
22.19
-15.10
-15.76
21.37
-15.28
-15.60
20.45
-15.48
-15.56
19.47
-15.64
-15.56
18.39
-15.78
-15.58
17.41
-15.83
-15.27
16.45
-15.85
-15.16
15.48
-15.84
-15.11
14.49
-15.83
-15.08
13.50
-15.81
-15.05
12.52
-15.79
-15.04
11.56
-15.76
-15.07
10.66
-15.71
-15.17
9.77
-15.60
-15.49
8.71
-15.36
-15.47
7.83
-15.11
-15.45
7.14
-14.81
-15.44
23.26
-14.97
-16.39
22.89
-15.02
-16.39
22.22
-15.11
-16.47
21.39
-15.29
-16.48
20.47
-15.46
-16.50
19.53
-15.62
-16.52
18.60
-15.78
-16.55
13.97
-15.92
-17.15
13.30
-15.87
-17.07
12.45
-15.80
-17.01
11.55
-15.74
-16.94
10.66
-15.65
-16.81
9.78
-15.53
-16.46
8.71
-15.25
-16.40
7.84
-15.01
-16.28
7.18
-14.73
-16.19
23.25
-14.95
-16.62
22.91
-14.93
-16.77
22.20
-14.92
-17.23
21.35
-15.19
-17.36
20.45
-15.38
-17.42
19.51
-15.55
-17.47
18.52
-15.75
-17.49
17.89
-15.85
-17.82
14.14
-15.86
-17.70
13.34
-15.75
-17.74
12.45
-15.65
-17.72
11.52
-15.55
-17.67
10.59
-15.43
-17.57
9.65
-15.24
-17.42
8.64
-14.93
-17.34
7.79
-14.74
-17.00
7.24
-14.58
-16.75
21.80
-14.78
-18.19
21.20
-15.05
-18.24
20.41
-15.25
-18.32
19.50
-15.40
-18.40
18.57
-15.58
-18.42
17.77
-15.75
-18.45
15.18
-15.78
-18.69
14.44
-15.74
-18.46
13.45
-15.58
-18.50
12.49
-15.45
-18.49
11.54
-15.30
-18.46
10.60
-15.14
-18.35
9.67
-14.89
-18.27
8.95
-14.72
-18.01
21.59
-14.67
-18.88
21.12
-14.87
-19.01
20.39
-15.04
-19.15
19.47
-15.16
-19.36
18.47
-15.36
-19.27
17.44
-15.55
-19.21
16.47
-15.57
-19.38
15.50
-15.59
-19.27
14.49
-15.46
-19.28
13.51
-15.33
-19.28
12.55
-15.19
-19.28
11.58
-14.97
-19.31
10.65
-14.81
-19.06
9.97
-14.68
-18.85
19.11
-15.01
-19.97
18.38
-15.09
-20.00
17.45
-15.18
-20.03
16.48
-15.20
-20.08
15.50
-15.19
-20.07
14.51
-15.12
-20.05
13.55
-15.02
-20.02
12.66
-14.90
-19.95
11.96
-14.79
-19.88
15.96
-13.66
-7.48
15.55
-13.61
-7.44
15.08
-13.56
-7.44
17.08
-13.72
-8.05
16.32
-13.75
-7.85
15.62
-13.81
-7.87
15.04
-13.73
-7.81
19.53
-13.58
-9.27
19.09
-13.74
-9.08
18.36
-13.89
-8.90
17.44
-13.94
-8.64
16.45
-14.01
-8.59
15.61
-13.98
-8.51
15.05
-13.87
-8.26
19.66
-13.73
-9.81
19.11
-14.04
-9.73
18.35
-14.21
-9.62
17.42
-14.26
-9.50
16.39
-14.25
-9.43
15.79
-14.13
-9.10
14.10
-14.27
-9.87
13.37
-14.23
-9.88
12.45
-14.16
-9.85
11.52
-14.10
-9.86
10.61
-14.02
-9.90
9.80
-13.90
-9.98
9.20
-13.73
-10.07
19.84
-13.96
-10.59
19.20
-14.34
-10.48
18.39
-14.52
-10.39
17.45
-14.57
-10.33
16.34
-14.57
-10.37
15.40
-14.56
-10.43
14.46
-14.51
-10.36
13.45
-14.60
-10.59
12.45
-14.52
-10.52
11.50
-14.46
-10.53
10.59
-14.38
-10.56
9.72
-14.23
-10.62
8.94
-13.96
-10.65
20.16
-14.36
-11.57
19.33
-14.74
-11.27
18.46
-14.86
-11.14
17.57
-14.87
-11.07
16.81
-14.85
-11.02
13.11
-14.84
-11.12
12.38
-14.82
-11.16
11.48
-14.78
-11.20
10.55
-14.70
-11.25
9.63
-14.57
-11.34
8.63
-14.32
-11.54
7.89
-14.13
-11.86
20.98
-14.71
-12.91
20.77
-14.38
-12.44
8.28
-14.55
-12.25
7.59
-14.33
-12.56
6.95
-14.04
-12.89
21.76
-14.29
-14.20
21.31
-14.47
-13.59
21.09
-14.22
-12.99
7.34
-14.52
-13.28
6.76
-14.23
-13.65
6.25
-13.85
-13.96
22.62
-14.71
-15.37
22.13
-14.48
-14.90
21.63
-14.71
-14.35
6.62
-14.37
-14.58
6.16
-13.89
-14.62
23.24
-14.86
-16.12
22.92
-14.72
-15.88
22.50
-14.33
-15.70
6.59
-14.40
-15.42
6.15
-13.87
-15.41
23.30
-14.86
-16.39
23.03
-14.67
-16.38
22.59
-14.31
-16.46
6.68
-14.31
-16.21
6.26
-13.83
-16.15
23.28
-14.87
-16.62
23.00
-14.74
-16.78
22.44
-14.43
-17.26
8.25
-14.51
-17.77
7.61
-14.23
-17.54
6.91
-14.08
-16.95
6.43
-13.75
-16.69
22.02
-14.32
-18.32
9.29
-14.48
-18.62
8.60
-14.21
-18.36
7.92
-13.97
-18.06
21.68
-14.25
-19.35
21.13
-14.59
-19.69
20.45
-14.80
-19.84
19.81
-14.92
-19.91
11.24
-14.59
-19.79
10.51
-14.29
-19.67
9.64
-14.20
-19.16
9.01
-13.96
-18.92
21.58
-13.93
-20.38
21.08
-14.31
-20.49
20.36
-14.54
-20.55
19.45
-14.73
-20.49
18.45
-14.76
-20.66
17.47
-14.80
-20.73
16.49
-14.81
-20.76
15.51
-14.79
-20.76
14.53
-14.72
-20.74
13.55
-14.61
-20.69
12.61
-14.50
-20.55
11.69
-14.38
-20.31
10.95
-13.96
-20.30
21.52
-13.73
-21.21
21.05
-14.04
-21.24
20.33
-14.22
-21.28
19.45
-14.32
-21.29
18.47
-14.35
-21.34
17.49
-14.37
-21.36
16.50
-14.38
-21.37
15.52
-14.36
-21.37
14.56
-14.28
-21.36
13.57
-14.08
-21.37
12.61
-13.99
-21.14
11.79
-13.87
-20.90
11.24
-13.72
-20.74
21.44
-13.57
-21.77
21.03
-13.74
-21.87
20.33
-13.84
-21.94
19.46
-13.85
-21.97
18.49
-13.86
-21.94
17.48
-13.87
-21.91
16.50
-13.89
-21.90
15.54
-13.89
-21.88
14.65
-13.85
-21.85
13.94
-13.78
-21.80
16.01
-13.46
-7.29
15.59
-13.24
-7.13
14.70
-13.20
-7.23
13.80
-12.95
-7.23
13.18
-12.79
-7.28
18.96
-13.04
-8.00
18.34
-13.18
-7.86
17.46
-13.37
-7.74
16.50
-13.36
-7.39
16.07
-13.19
-7.13
14.46
-13.53
-7.80
13.65
-13.28
-7.78
12.88
-12.99
-7.70
10.27
-12.77
-8.28
9.76
-12.74
-8.40
9.39
-12.73
-8.52
19.69
-13.16
-9.00
19.17
-13.29
-8.51
18.45
-13.53
-8.35
17.80
-13.65
-8.22
15.16
-13.99
-8.79
14.52
-13.82
-8.52
13.52
-13.59
-8.46
12.48
-13.30
-8.36
11.50
-13.25
-8.55
10.59
-13.12
-8.60
9.81
-13.09
-8.78
9.22
-12.88
-8.87
19.96
-13.19
-9.73
15.88
-14.24
-9.60
15.33
-14.14
-9.36
14.44
-14.08
-9.37
13.45
-13.91
-9.21
12.47
-13.77
-9.15
11.52
-13.69
-9.20
10.61
-13.60
-9.26
9.76
-13.49
-9.39
8.92
-13.24
-9.62
20.20
-13.30
-10.59
15.88
-14.36
-9.97
15.36
-14.32
-9.92
14.76
-14.29
-9.89
8.29
-13.44
-10.45
7.56
-13.18
-10.83
7.04
-12.90
-11.05
20.49
-13.46
-11.53
8.13
-13.83
-11.16
7.52
-13.65
-11.52
6.88
-13.18
-11.64
21.08
-13.25
-12.90
20.88
-13.56
-12.41
7.22
-13.84
-12.18
6.60
-13.46
-12.50
6.06
-13.06
-12.90
21.71
-13.91
-14.19
21.35
-13.57
-13.64
21.13
-13.78
-13.00
6.41
-13.70
-13.25
5.98
-13.32
-13.64
21.93
-13.87
-14.81
21.60
-13.32
-14.63
5.80
-13.27
-14.53
22.13
-13.79
-15.63
21.75
-13.22
-15.56
5.80
-13.19
-15.38
22.20
-13.77
-16.50
21.81
-13.18
-16.50
5.98
-13.18
-16.18
22.14
-13.78
-17.41
21.81
-13.17
-17.46
7.32
-13.66
-17.76
6.82
-13.31
-17.44
6.30
-13.19
-16.84
21.98
-13.73
-18.40
21.77
-13.14
-18.41
8.29
-13.45
-18.69
7.64
-13.34
-18.22
7.14
-13.06
-17.93
21.85
-13.61
-19.37
21.75
-13.07
-19.28
10.13
-13.72
-19.93
9.52
-13.45
-19.65
8.84
-13.35
-19.18
21.79
-13.29
-20.38
21.75
-12.98
-19.95
10.42
-13.33
-20.41
9.83
-13.08
-20.11
21.73
-13.21
-21.33
13.23
-13.61
-21.73
12.53
-13.37
-21.65
11.73
-13.28
-21.31
11.05
-13.23
-20.93
21.54
-13.11
-22.11
21.06
-13.32
-22.37
20.37
-13.37
-22.51
19.50
-13.25
-22.59
18.50
-13.23
-22.44
17.45
-13.25
-22.34
16.46
-13.32
-22.31
15.51
-13.35
-22.29
14.58
-13.33
-22.23
13.65
-13.31
-22.09
12.93
-13.06
-22.04
21.45
-12.81
-22.65
21.08
-12.89
-22.84
20.48
-12.91
-22.97
19.90
-12.90
-22.98
20.19
-12.04
-7.33
19.89
-12.07
-7.40
19.26
-12.12
-7.33
18.42
-12.08
-7.11
17.50
-12.21
-6.88
16.59
-12.36
-6.72
15.69
-12.59
-6.71
14.65
-12.56
-6.69
13.73
-12.45
-6.76
12.93
-12.39
-6.97
20.19
-12.07
-7.45
19.89
-12.21
-7.74
19.24
-12.59
-7.72
18.40
-12.68
-7.46
17.52
-12.80
-7.26
16.68
-12.87
-7.06
16.13
-12.90
-6.95
12.26
-12.53
-7.45
11.38
-12.36
-7.63
10.52
-12.37
-7.92
9.66
-12.25
-8.13
9.28
-12.46
-8.42
19.86
-12.47
-8.61
19.48
-12.80
-8.25
12.06
-12.89
-7.96
11.44
-12.83
-8.08
10.84
-12.79
-8.19
9.17
-12.06
-8.30
8.85
-12.32
-8.70
20.11
-12.48
-9.61
8.25
-12.52
-9.44
7.51
-12.18
-9.78
6.98
-11.96
-10.10
20.33
-12.52
-10.58
7.98
-12.89
-10.06
7.43
-12.65
-10.34
6.74
-12.30
-10.73
6.23
-11.91
-11.02
20.77
-12.41
-12.15
20.60
-12.60
-11.62
6.43
-12.61
-11.54
5.99
-12.07
-11.65
20.94
-12.65
-12.72
20.83
-12.93
-12.23
6.22
-12.82
-12.20
5.72
-12.32
-12.60
5.32
-11.86
-13.05
21.12
-12.71
-13.62
5.55
-12.55
-13.58
5.22
-11.92
-13.64
21.27
-12.66
-14.57
5.45
-12.54
-14.45
5.17
-11.91
-14.34
21.37
-12.61
-15.53
5.47
-12.29
-15.34
5.20
-11.84
-14.91
21.41
-12.59
-16.50
5.78
-12.35
-16.23
21.42
-12.58
-17.47
6.64
-12.42
-17.56
6.16
-12.38
-16.94
21.43
-12.57
-18.43
8.16
-12.80
-18.90
7.64
-12.45
-18.56
7.08
-12.45
-18.05
21.48
-12.55
-19.34
9.22
-12.79
-19.78
8.61
-12.46
-19.41
8.04
-12.12
-19.05
21.73
-12.67
-20.76
21.58
-12.55
-20.15
10.26
-12.55
-20.70
9.60
-12.42
-20.23
9.04
-12.11
-19.91
21.74
-12.61
-21.51
12.26
-12.80
-21.90
11.63
-12.55
-21.67
10.90
-12.50
-21.18
21.65
-12.48
-22.26
19.25
-12.74
-22.91
18.59
-12.46
-22.76
17.33
-12.51
-22.56
16.38
-12.72
-22.58
15.46
-12.77
-22.58
14.54
-12.75
-22.55
13.63
-12.67
-22.45
12.69
-12.45
-22.28
12.02
-12.22
-22.06
21.49
-12.36
-22.85
21.09
-12.38
-23.17
20.46
-12.35
-23.36
19.70
-12.43
-23.25
19.18
-12.12
-23.22
16.81
-12.24
-22.65
16.22
-12.25
-22.68
15.40
-12.21
-22.70
14.52
-12.18
-22.73
13.68
-12.13
-22.68
13.03
-12.06
-22.58
20.23
-11.99
-23.60
19.78
-11.99
-23.56
19.42
-11.90
-23.50
14.98
-10.72
-5.28
14.35
-10.78
-5.24
13.59
-10.79
-5.26
12.94
-10.75
-5.33
17.89
-10.83
-6.40
17.27
-10.93
-6.14
16.44
-11.02
-5.89
15.44
-11.06
-5.64
14.48
-11.28
-5.66
13.58
-11.28
-5.70
12.67
-11.10
-5.76
12.01
-11.01
-5.96
20.20
-11.96
-7.33
19.90
-11.89
-7.38
19.31
-11.68
-7.26
18.44
-11.26
-6.89
17.44
-11.54
-6.53
16.50
-11.70
-6.31
15.54
-11.83
-6.19
14.56
-11.90
-6.17
13.60
-11.86
-6.25
12.60
-11.74
-6.47
11.78
-11.33
-6.45
20.20
-11.96
-7.45
19.93
-11.82
-7.72
19.49
-11.40
-7.61
19.03
-10.98
-7.41
12.06
-11.99
-6.99
11.32
-11.69
-7.07
10.45
-11.65
-7.43
9.63
-11.55
-7.75
19.89
-11.62
-8.58
19.55
-11.08
-8.15
19.26
-10.83
-7.83
9.04
-11.57
-8.11
8.41
-11.60
-8.56
7.81
-11.27
-8.77
20.09
-11.69
-9.59
8.03
-11.89
-9.09
7.45
-11.53
-9.29
6.72
-11.36
-9.83
6.23
-11.04
-10.14
20.26
-11.71
-10.59
6.48
-11.68
-10.41
6.03
-11.32
-10.72
20.68
-12.03
-12.17
20.44
-11.72
-11.68
5.68
-11.37
-11.50
20.74
-12.01
-12.76
20.41
-11.38
-12.61
20.16
-10.86
-12.91
5.40
-11.41
-12.27
5.14
-11.26
-12.91
20.83
-12.04
-13.61
20.48
-11.43
-13.59
20.15
-10.85
-13.64
5.01
-11.22
-13.61
20.91
-12.04
-14.55
20.51
-11.45
-14.54
20.13
-10.86
-14.55
5.00
-11.22
-14.33
20.95
-12.03
-15.52
20.51
-11.46
-15.51
20.09
-10.86
-15.51
5.34
-11.38
-15.63
5.10
-11.24
-15.00
20.96
-12.02
-16.50
20.49
-11.47
-16.50
20.01
-10.88
-16.50
5.67
-11.44
-16.35
20.97
-12.03
-17.49
20.45
-11.49
-17.49
19.89
-10.92
-17.50
6.98
-11.16
-18.13
6.63
-11.49
-17.71
6.09
-11.47
-17.04
20.98
-12.03
-18.47
20.41
-11.54
-18.48
19.79
-11.05
-18.47
7.38
-11.48
-18.52
7.01
-11.81
-18.11
21.03
-12.03
-19.45
20.38
-11.57
-19.45
19.66
-11.17
-19.41
8.46
-11.56
-19.57
7.95
-11.44
-19.12
21.54
-12.24
-20.96
21.15
-12.01
-20.49
20.34
-11.56
-20.43
19.38
-11.24
-20.39
18.45
-11.13
-20.73
17.55
-11.03
-20.88
16.72
-10.88
-20.99
16.08
-10.71
-21.09
10.23
-11.91
-20.89
9.75
-11.53
-20.56
9.00
-11.43
-20.03
21.53
-12.08
-21.60
21.07
-11.74
-21.43
20.35
-11.48
-21.37
19.47
-11.35
-21.40
18.54
-11.38
-21.57
17.53
-11.37
-21.61
16.67
-11.21
-21.61
15.92
-10.98
-21.60
11.39
-11.95
-21.74
10.80
-11.67
-21.34
10.24
-11.36
-20.98
21.48
-11.83
-22.44
21.05
-11.51
-22.23
20.38
-11.36
-22.17
19.59
-11.38
-22.24
18.74
-11.67
-22.52
17.39
-11.81
-22.32
16.51
-11.54
-22.19
15.72
-11.29
-22.16
12.41
-11.90
-22.39
11.85
-11.66
-22.11
11.28
-11.46
-21.77
21.44
-11.76
-23.12
21.13
-11.90
-23.42
20.72
-11.96
-23.55
19.15
-11.68
-23.17
16.83
-11.96
-22.56
16.24
-11.84
-22.55
15.35
-11.64
-22.58
14.45
-11.65
-22.71
13.60
-11.63
-22.70
12.80
-11.63
-22.58
12.28
-11.47
-22.42
21.35
-11.50
-23.46
21.04
-11.55
-23.58
20.48
-11.66
-23.66
19.87
-11.63
-23.64
19.44
-11.63
-23.52
15.11
-10.22
-5.04
14.35
-10.22
-4.92
13.50
-10.24
-4.91
12.58
-10.27
-5.07
11.70
-10.06
-5.16
11.07
-9.88
-5.26
17.90
-10.22
-6.29
17.26
-10.23
-5.90
16.49
-10.28
-5.56
15.74
-10.36
-5.31
12.27
-10.66
-5.49
11.59
-10.56
-5.72
10.83
-10.15
-5.72
18.45
-10.33
-6.82
11.18
-10.87
-6.34
10.42
-10.45
-6.37
9.72
-10.30
-6.69
18.90
-10.37
-7.39
10.94
-11.17
-6.81
10.30
-10.99
-6.99
9.36
-10.73
-7.31
8.47
-10.40
-7.61
7.73
-10.13
-7.88
7.19
-9.85
-8.05
19.81
-11.01
-8.94
19.53
-10.44
-8.61
19.20
-10.39
-7.94
8.92
-11.07
-7.86
8.35
-10.93
-8.13
7.60
-10.68
-8.47
6.93
-10.13
-8.56
19.94
-10.97
-9.66
19.72
-10.24
-9.58
7.20
-10.92
-9.01
6.59
-10.54
-9.27
6.02
-10.41
-9.90
20.06
-10.94
-10.55
19.83
-10.18
-10.53
5.68
-10.54
-10.63
20.15
-10.93
-11.47
19.90
-10.20
-11.50
5.40
-10.62
-11.38
20.17
-10.87
-12.19
19.95
-10.31
-12.52
5.18
-10.64
-12.09
4.98
-10.48
-12.74
19.88
-10.20
-13.54
4.87
-10.42
-13.53
19.82
-10.17
-14.51
4.88
-10.40
-14.32
19.75
-10.17
-15.49
5.26
-10.48
-15.75
5.01
-10.42
-15.06
19.60
-10.19
-16.47
5.60
-10.51
-16.44
19.30
-10.21
-17.52
18.79
-9.88
-17.96
6.96
-10.51
-18.17
6.52
-10.53
-17.70
6.02
-10.52
-17.10
19.14
-10.55
-18.48
18.41
-10.04
-18.62
17.61
-9.85
-19.02
17.02
-9.72
-19.25
7.43
-10.51
-18.66
19.02
-10.81
-19.31
18.32
-10.52
-19.39
17.53
-10.29
-19.57
16.73
-10.00
-19.72
16.08
-9.85
-20.02
8.41
-10.90
-19.64
8.01
-10.59
-19.29
18.91
-10.97
-19.93
18.30
-10.84
-20.07
17.50
-10.68
-20.22
16.63
-10.47
-20.39
15.61
-10.19
-20.70
14.45
-9.97
-20.99
13.47
-9.89
-21.12
12.53
-9.89
-21.15
11.62
-9.99
-21.09
10.72
-10.19
-20.91
9.83
-10.53
-20.57
8.85
-10.54
-19.98
8.37
-10.33
-19.66
15.24
-10.68
-21.51
14.37
-10.48
-21.58
13.48
-10.40
-21.63
12.59
-10.42
-21.61
11.74
-10.58
-21.52
10.94
-10.88
-21.32
10.29
-10.91
-20.98
21.37
-11.45
-22.86
21.02
-11.29
-22.81
20.43
-11.22
-22.79
19.77
-11.25
-22.83
19.27
-11.39
-22.90
15.05
-11.02
-22.11
14.31
-10.86
-22.13
13.50
-10.80
-22.14
12.69
-10.85
-22.10
11.95
-11.06
-22.01
11.35
-11.11
-21.74
21.36
-11.39
-23.22
21.02
-11.23
-23.25
20.46
-11.19
-23.26
19.86
-11.23
-23.27
19.41
-11.38
-23.26
14.91
-11.27
-22.47
14.30
-11.22
-22.53
13.54
-11.18
-22.53
12.80
-11.19
-22.46
12.30
-11.21
-22.37
21.32
-11.33
-23.47
21.01
-11.30
-23.53
20.47
-11.32
-23.57
19.91
-11.35
-23.56
19.53
-11.40
-23.51
15.97
-9.09
-4.84
15.34
-9.48
-4.76
14.40
-9.55
-4.58
13.48
-9.58
-4.53
12.55
-9.57
-4.59
11.62
-9.48
-4.71
10.70
-9.39
-4.96
9.99
-9.09
-5.02
17.94
-9.41
-6.20
17.29
-9.40
-5.72
16.49
-9.41
-5.25
15.87
-9.77
-5.09
10.28
-9.70
-5.58
9.57
-9.26
-5.58
8.92
-8.97
-5.79
18.83
-8.96
-7.19
18.53
-9.38
-6.82
10.02
-9.97
-6.10
9.38
-9.77
-6.35
8.52
-9.22
-6.44
7.72
-9.04
-6.88
7.19
-8.89
-7.18
19.06
-9.13
-7.70
18.91
-9.70
-7.45
9.06
-10.10
-6.93
8.43
-9.82
-7.10
7.70
-9.57
-7.40
6.96
-9.25
-7.73
19.32
-9.46
-8.46
19.14
-9.87
-7.95
6.39
-9.43
-8.49
5.87
-9.11
-8.88
19.53
-9.38
-9.52
6.19
-9.83
-9.11
5.66
-9.48
-9.60
5.22
-8.97
-9.97
19.64
-9.34
-10.51
5.37
-9.76
-10.55
5.05
-9.09
-10.64
19.68
-9.35
-11.50
5.16
-9.92
-11.34
4.91
-9.26
-11.48
19.70
-9.39
-12.50
5.04
-10.05
-11.95
4.84
-9.58
-12.42
19.66
-9.37
-13.51
4.74
-9.53
-13.44
19.61
-9.36
-14.49
4.77
-9.52
-14.32
19.52
-9.37
-15.45
5.18
-9.59
-15.84
4.93
-9.54
-15.13
19.34
-9.39
-16.36
5.51
-9.59
-16.53
19.06
-9.41
-17.17
18.64
-9.32
-17.74
6.95
-9.85
-18.21
6.51
-9.59
-17.81
5.95
-9.57
-17.20
18.15
-9.32
-18.27
17.50
-9.23
-18.69
16.79
-9.20
-19.10
16.30
-9.00
-19.32
7.87
-9.00
-19.05
7.40
-9.45
-18.67
6.83
-9.15
-18.21
16.46
-9.52
-19.48
15.95
-9.26
-19.72
8.28
-9.19
-19.42
7.99
-9.78
-19.26
15.25
-9.32
-20.27
14.37
-9.27
-20.60
13.44
-9.23
-20.78
12.50
-9.23
-20.83
11.55
-9.28
-20.79
10.63
-9.37
-20.64
9.73
-9.49
-20.34
8.82
-9.54
-19.87
8.37
-9.88
-19.62
10.31
-7.71
-3.34
9.77
-7.65
-3.41
9.34
-7.56
-3.51
15.69
-7.89
-4.09
15.14
-8.09
-3.93
14.36
-8.22
-3.81
13.46
-8.28
-3.74
12.52
-8.29
-3.72
11.58
-8.26
-3.71
10.64
-8.12
-3.68
9.81
-8.06
-3.85
9.20
-7.78
-3.91
16.02
-8.31
-4.55
15.24
-8.70
-4.35
14.38
-8.86
-4.20
13.47
-8.91
-4.14
12.53
-8.92
-4.15
11.58
-8.86
-4.20
10.64
-8.75
-4.33
9.73
-8.57
-4.57
9.00
-8.08
-4.57
17.95
-8.56
-6.09
17.39
-8.48
-5.62
16.72
-8.44
-5.11
9.31
-8.76
-5.16
8.68
-8.40
-5.36
18.82
-8.31
-7.13
18.43
-8.44
-6.59
8.14
-8.52
-6.03
7.53
-8.43
-6.50
6.93
-8.33
-6.96
19.10
-8.35
-7.78
6.42
-8.46
-7.59
5.92
-8.11
-7.89
19.30
-8.44
-8.59
6.12
-8.78
-8.21
5.62
-8.40
-8.58
5.19
-8.06
-9.04
19.44
-8.44
-9.54
5.41
-8.75
-9.28
5.04
-8.33
-9.70
19.50
-8.44
-10.52
4.80
-8.37
-10.60
19.52
-8.45
-11.50
4.66
-8.46
-11.52
19.54
-8.46
-12.49
4.60
-8.58
-12.47
19.53
-8.46
-13.49
4.57
-8.61
-13.45
19.50
-8.47
-14.48
4.63
-8.62
-14.38
19.39
-8.49
-15.44
5.06
-8.77
-15.93
4.80
-8.66
-15.25
19.18
-8.54
-16.34
5.36
-8.73
-16.60
18.90
-8.65
-17.02
18.51
-8.62
-17.56
6.30
-8.87
-17.77
5.79
-8.61
-17.34
18.04
-8.62
-18.05
17.48
-8.49
-18.46
16.81
-8.45
-18.92
16.26
-8.47
-19.26
7.94
-8.36
-19.07
7.32
-8.44
-18.65
6.60
-8.41
-18.16
6.03
-8.13
-17.81
15.78
-8.49
-19.67
8.48
-8.44
-19.48
15.13
-8.51
-20.13
14.32
-8.50
-20.47
13.42
-8.49
-20.65
12.49
-8.48
-20.70
11.54
-8.49
-20.66
10.61
-8.51
-20.51
9.73
-8.55
-20.23
9.02
-8.61
-19.87
15.57
-6.80
-3.43
15.07
-6.88
-3.24
14.33
-6.95
-3.10
13.45
-6.99
-3.02
12.51
-7.03
-2.99
11.56
-7.09
-2.99
10.61
-7.23
-3.08
9.77
-7.12
-3.14
9.14
-7.10
-3.38
15.81
-7.20
-3.85
15.13
-7.47
-3.58
14.35
-7.59
-3.43
13.46
-7.65
-3.36
12.54
-7.69
-3.32
11.65
-7.71
-3.31
10.95
-7.71
-3.32
8.77
-7.28
-3.86
16.35
-7.38
-4.45
8.46
-7.48
-4.50
17.96
-7.85
-6.04
17.55
-7.49
-5.65
16.92
-7.48
-5.04
8.04
-7.64
-5.25
7.39
-7.27
-5.63
6.88
-7.06
-6.00
18.79
-7.46
-7.10
18.32
-7.48
-6.44
17.94
-7.13
-6.03
7.85
-7.99
-5.82
7.35
-7.79
-6.14
6.63
-7.48
-6.59
6.06
-7.12
-6.92
19.10
-7.47
-7.81
6.26
-7.80
-7.23
5.76
-7.43
-7.55
19.28
-7.50
-8.63
5.35
-7.54
-8.26
4.96
-7.42
-8.87
19.36
-7.50
-9.57
4.68
-7.47
-9.67
19.39
-7.49
-10.56
4.50
-7.58
-10.59
19.40
-7.53
-11.50
4.39
-7.66
-11.53
19.43
-7.49
-12.45
4.35
-7.73
-12.50
19.47
-7.49
-13.47
4.35
-7.76
-13.48
19.46
-7.51
-14.49
4.41
-7.77
-14.47
19.34
-7.55
-15.50
4.91
-8.17
-16.03
4.59
-7.78
-15.54
19.02
-7.62
-16.51
18.61
-7.39
-17.11
18.36
-7.24
-17.38
5.07
-8.02
-16.59
4.67
-7.44
-16.44
18.79
-8.04
-16.99
18.41
-7.89
-17.45
18.13
-7.40
-17.70
5.35
-7.80
-17.27
4.85
-7.21
-17.17
18.02
-8.04
-17.91
17.63
-7.65
-18.28
16.81
-7.63
-18.97
16.29
-7.92
-19.27
8.05
-7.56
-19.13
7.33
-7.54
-18.75
6.54
-7.49
-18.36
5.71
-7.37
-17.91
5.06
-6.97
-17.69
16.37
-7.34
-19.44
15.89
-7.69
-19.69
9.11
-7.28
-19.83
8.69
-7.63
-19.55
15.18
-7.69
-20.23
14.34
-7.72
-20.57
13.43
-7.72
-20.74
12.49
-7.71
-20.77
11.54
-7.69
-20.71
10.59
-7.65
-20.53
9.64
-7.59
-20.17
9.11
-7.93
-19.86
15.68
-6.21
-3.35
15.10
-6.20
-3.04
14.34
-6.21
-2.85
13.45
-6.23
-2.74
12.49
-6.27
-2.70
11.52
-6.33
-2.71
10.57
-6.38
-2.77
9.67
-6.35
-2.89
8.82
-6.32
-3.20
8.26
-5.94
-3.33
16.11
-6.35
-3.83
8.38
-6.66
-3.78
7.95
-6.09
-3.77
16.57
-6.46
-4.43
8.06
-6.87
-4.39
7.62
-6.28
-4.40
17.46
-6.50
-5.52
17.00
-6.58
-4.99
7.80
-7.03
-4.93
7.28
-6.57
-5.13
6.61
-6.41
-5.76
6.09
-6.08
-6.09
18.78
-6.56
-7.15
18.37
-6.50
-6.56
17.92
-6.41
-6.04
6.35
-6.77
-6.33
5.82
-6.42
-6.67
19.06
-6.58
-7.84
5.31
-6.56
-7.47
4.84
-6.20
-7.87
19.22
-6.58
-8.66
5.10
-6.89
-8.09
4.68
-6.57
-8.57
19.28
-6.55
-9.61
4.28
-6.56
-9.58
3.88
-6.04
-9.94
19.27
-6.49
-10.67
19.20
-6.18
-11.08
4.16
-6.81
-10.58
3.79
-6.17
-10.66
19.29
-6.68
-11.50
19.21
-6.21
-11.50
4.08
-6.92
-11.54
3.72
-6.26
-11.56
19.34
-6.48
-12.33
19.24
-6.17
-11.92
4.04
-6.98
-12.51
3.68
-6.31
-12.52
19.47
-6.50
-13.44
4.04
-7.00
-13.49
3.66
-6.34
-13.49
19.53
-6.51
-14.50
4.07
-7.00
-14.48
3.65
-6.35
-14.47
19.44
-6.59
-15.54
4.12
-6.96
-15.47
3.64
-6.31
-15.43
19.16
-6.58
-16.62
18.68
-6.86
-17.17
18.39
-6.98
-17.41
4.17
-6.80
-16.39
3.59
-6.17
-16.37
3.24
-5.76
-16.68
19.02
-6.12
-17.40
18.58
-6.52
-17.62
18.21
-6.89
-17.77
4.35
-6.62
-17.19
3.76
-6.11
-17.17
3.32
-5.69
-17.22
18.88
-5.86
-17.99
18.42
-6.21
-18.20
17.81
-6.74
-18.45
17.08
-6.85
-19.09
8.59
-6.51
-19.49
8.17
-6.76
-19.26
7.35
-6.72
-18.93
6.50
-6.63
-18.64
5.60
-6.49
-18.34
4.69
-6.31
-17.92
3.90
-5.87
-17.78
3.46
-5.60
-17.67
16.51
-6.75
-19.75
15.92
-7.09
-19.99
8.97
-6.67
-19.80
8.64
-7.00
-19.50
16.19
-6.40
-20.53
15.40
-6.89
-20.58
14.42
-6.99
-20.90
13.47
-6.98
-21.04
12.50
-6.98
-21.03
11.55
-6.94
-20.93
10.63
-6.85
-20.75
9.69
-6.61
-20.43
16.00
-6.05
-21.24
15.30
-6.32
-21.29
14.45
-6.38
-21.42
13.50
-6.26
-21.54
12.49
-6.31
-21.41
11.56
-6.29
-21.28
10.70
-6.21
-21.12
10.02
-6.12
-20.92
15.84
-5.81
-21.74
15.29
-5.91
-21.83
14.56
-5.92
-21.90
13.91
-5.85
-21.92
15.75
-5.40
-3.29
15.13
-5.38
-2.92
14.35
-5.36
-2.66
13.44
-5.35
-2.50
12.47
-5.41
-2.44
11.49
-5.49
-2.45
10.54
-5.53
-2.50
9.62
-5.51
-2.61
8.77
-5.43
-2.81
8.07
-5.35
-3.13
16.25
-5.45
-3.82
7.60
-5.45
-3.67
17.05
-5.18
-4.95
16.74
-5.50
-4.51
7.17
-5.55
-4.34
6.69
-5.20
-4.66
17.36
-5.52
-5.40
17.04
-5.87
-4.97
6.98
-5.89
-4.91
6.46
-5.55
-5.25
5.85
-5.41
-5.86
18.74
-5.73
-7.22
18.36
-5.58
-6.68
17.88
-5.51
-6.07
5.34
-5.53
-6.57
4.83
-5.13
-6.92
18.99
-5.74
-7.86
5.06
-5.85
-7.20
4.57
-5.46
-7.61
4.10
-5.00
-7.95
19.13
-5.70
-8.66
4.28
-5.78
-8.49
3.86
-5.15
-8.62
19.18
-5.64
-9.60
4.04
-5.91
-9.21
3.59
-5.36
-9.60
3.17
-4.94
-10.05
19.19
-5.56
-10.66
19.18
-5.85
-11.07
3.43
-5.56
-10.62
3.05
-5.00
-10.72
19.23
-5.34
-11.49
19.19
-5.81
-11.50
3.34
-5.65
-11.56
2.95
-5.06
-11.58
19.35
-5.53
-12.32
19.24
-5.84
-11.92
3.28
-5.70
-12.52
2.87
-5.09
-12.52
19.55
-5.51
-13.42
3.24
-5.73
-13.49
2.81
-5.11
-13.50
19.90
-4.92
-15.02
19.71
-5.44
-14.54
3.23
-5.76
-14.45
2.80
-5.18
-14.48
19.92
-4.98
-15.67
19.68
-5.69
-15.57
3.22
-5.78
-15.35
2.81
-5.24
-15.43
19.87
-4.98
-16.48
19.56
-5.71
-16.52
3.22
-5.77
-16.05
2.92
-5.32
-16.37
19.77
-4.90
-17.27
19.41
-5.51
-17.39
2.99
-5.14
-17.23
19.63
-4.80
-17.89
19.15
-5.21
-18.36
18.43
-5.75
-18.79
17.79
-6.15
-19.05
17.29
-6.37
-19.29
8.51
-6.20
-19.56
8.07
-6.12
-19.43
7.34
-6.03
-19.21
6.49
-5.89
-19.01
5.54
-5.63
-18.86
4.63
-5.56
-18.50
3.87
-5.34
-18.24
3.31
-5.13
-17.89
18.88
-4.92
-19.40
18.32
-5.41
-19.55
17.68
-5.81
-19.71
17.07
-6.20
-19.81
8.73
-6.07
-19.91
8.13
-5.63
-19.91
7.34
-5.48
-19.62
6.55
-5.33
-19.44
5.85
-5.19
-19.32
18.69
-4.73
-20.14
18.20
-5.12
-20.28
17.54
-5.48
-20.47
16.86
-5.92
-20.53
9.18
-5.89
-20.51
8.57
-5.39
-20.55
18.54
-4.59
-20.61
18.11
-4.77
-20.86
17.35
-5.04
-21.28
16.62
-5.62
-21.29
13.20
-5.78
-21.87
12.43
-5.73
-21.78
11.53
-5.67
-21.65
10.62
-5.60
-21.48
9.68
-5.52
-21.18
8.89
-5.09
-21.17
16.75
-4.94
-22.01
16.16
-5.41
-22.00
15.38
-5.50
-22.22
14.59
-5.48
-22.29
13.68
-5.30
-22.24
12.55
-5.11
-22.12
11.54
-5.02
-22.00
10.60
-4.95
-21.87
9.73
-4.87
-21.71
9.07
-4.74
-21.61
16.50
-4.90
-22.37
16.08
-5.04
-22.44
15.42
-5.10
-22.55
14.73
-5.11
-22.57
14.19
-5.07
-22.54
13.06
-3.85
-1.94
12.61
-3.95
-1.90
8.33
-3.92
-2.20
7.79
-3.85
-2.36
7.36
-3.66
-2.49
15.78
-4.50
-3.25
15.17
-4.47
-2.84
14.39
-4.42
-2.51
13.43
-4.32
-2.22
12.41
-4.48
-2.13
11.45
-4.67
-2.18
10.51
-4.71
-2.24
9.59
-4.67
-2.31
8.66
-4.51
-2.43
7.77
-4.50
-2.83
7.16
-3.91
-2.90
16.27
-4.50
-3.80
7.27
-4.78
-3.51
6.82
-4.17
-3.55
17.04
-4.52
-4.97
16.70
-4.51
-4.44
6.96
-4.94
-4.08
6.44
-4.48
-4.39
5.89
-4.14
-4.87
17.37
-4.54
-5.52
6.15
-4.84
-5.06
5.54
-4.48
-5.54
4.97
-4.10
-5.97
18.68
-5.09
-7.32
18.34
-4.60
-6.97
17.82
-4.55
-6.19
5.16
-4.81
-6.23
4.62
-4.40
-6.63
4.12
-4.06
-7.05
18.85
-4.99
-7.86
18.61
-4.28
-7.77
4.35
-4.75
-7.28
3.91
-4.37
-7.66
18.98
-4.89
-8.63
18.79
-4.14
-8.58
3.51
-4.44
-8.47
19.06
-4.77
-9.52
18.90
-4.05
-9.40
3.23
-4.55
-9.24
2.91
-4.40
-9.88
19.11
-4.51
-10.51
18.97
-3.96
-10.08
2.71
-4.41
-10.67
19.25
-4.46
-11.48
2.58
-4.44
-11.55
19.44
-4.52
-12.42
2.48
-4.46
-12.49
19.65
-4.54
-13.36
2.36
-4.40
-13.50
2.07
-3.93
-13.86
20.00
-4.30
-14.86
19.83
-4.55
-14.20
2.38
-4.55
-14.51
2.05
-3.95
-14.58
20.08
-4.25
-15.63
2.41
-4.60
-15.45
2.06
-3.96
-15.44
20.08
-4.23
-16.46
2.47
-4.56
-16.37
2.12
-3.93
-16.26
19.99
-4.21
-17.26
2.59
-4.28
-17.32
2.22
-3.85
-16.89
19.81
-4.20
-17.98
19.50
-4.29
-18.66
5.16
-5.07
-19.17
4.51
-4.95
-18.96
3.79
-4.72
-18.70
3.10
-4.32
-18.31
19.22
-4.23
-19.46
7.82
-5.19
-20.18
7.26
-5.04
-20.07
6.47
-4.86
-19.93
5.47
-4.66
-19.74
4.54
-4.46
-19.48
3.81
-4.23
-19.25
3.30
-3.97
-19.01
18.94
-4.17
-20.16
8.00
-4.98
-20.65
7.33
-4.71
-20.63
6.55
-4.47
-20.57
5.79
-4.27
-20.49
18.65
-4.16
-20.70
18.19
-4.20
-21.12
17.55
-4.26
-21.58
8.24
-4.67
-21.24
7.45
-4.36
-21.25
6.62
-4.08
-21.25
5.96
-4.00
-21.03
16.83
-4.29
-22.17
16.17
-4.10
-22.48
15.41
-4.07
-22.62
14.59
-4.14
-22.64
13.71
-4.40
-22.51
12.57
-4.31
-22.37
11.54
-4.26
-22.26
10.55
-4.22
-22.17
9.60
-4.19
-22.05
8.60
-4.20
-21.83
7.62
-3.95
-21.79
6.92
-3.82
-21.73
16.52
-4.64
-22.44
16.09
-4.63
-22.58
15.43
-4.64
-22.67
14.73
-4.68
-22.68
14.20
-4.74
-22.63
12.81
-2.79
-1.39
12.30
-2.84
-1.30
11.73
-2.81
-1.23
13.10
-3.22
-1.72
12.31
-3.47
-1.65
11.40
-3.27
-1.51
10.48
-3.29
-1.60
9.56
-3.25
-1.70
8.63
-3.36
-1.91
7.83
-3.20
-2.09
7.25
-3.14
-2.38
15.78
-3.62
-3.25
15.23
-3.53
-2.82
14.52
-3.49
-2.42
13.78
-3.42
-2.07
12.04
-3.99
-1.89
11.35
-3.98
-1.89
10.49
-3.98
-1.94
9.64
-3.96
-2.01
8.95
-3.95
-2.10
6.82
-3.23
-2.86
16.23
-3.54
-3.81
6.47
-3.44
-3.48
17.00
-3.88
-5.01
16.70
-3.52
-4.58
6.12
-3.59
-4.13
5.68
-3.45
-4.67
17.25
-3.61
-5.53
16.96
-3.18
-5.15
5.27
-3.55
-5.26
4.77
-3.41
-5.78
18.08
-3.57
-6.99
17.67
-3.58
-6.26
4.34
-3.51
-6.36
3.88
-3.40
-6.90
18.38
-3.44
-7.76
3.50
-3.56
-7.60
18.59
-3.34
-8.58
3.09
-3.65
-8.39
2.62
-3.21
-8.84
2.30
-2.81
-9.09
18.74
-3.29
-9.45
2.96
-3.97
-9.07
2.59
-3.67
-9.60
2.19
-2.95
-9.72
19.08
-3.78
-10.79
18.91
-3.32
-10.33
2.38
-3.74
-10.58
2.05
-3.03
-10.58
19.21
-3.49
-11.51
19.02
-3.07
-10.99
2.25
-3.79
-11.50
1.93
-3.09
-11.51
19.50
-3.53
-12.48
2.16
-3.84
-12.40
1.86
-3.18
-12.48
19.97
-3.16
-13.89
19.78
-3.59
-13.40
2.11
-3.89
-13.13
1.85
-3.37
-13.50
20.07
-3.45
-14.58
19.91
-3.87
-14.06
1.77
-3.29
-14.50
20.18
-3.41
-15.54
1.78
-3.26
-15.43
20.20
-3.41
-16.43
1.88
-3.25
-16.28
20.11
-3.41
-17.26
2.34
-3.40
-17.71
2.05
-3.26
-17.03
19.92
-3.42
-18.03
19.65
-3.43
-18.76
2.70
-3.40
-18.54
19.35
-3.43
-19.50
5.02
-4.20
-20.11
4.43
-4.02
-20.00
3.76
-3.74
-19.81
3.10
-3.30
-19.46
19.02
-3.44
-20.20
5.19
-3.95
-20.63
4.49
-3.68
-20.61
3.81
-3.38
-20.52
3.24
-2.94
-20.40
18.70
-3.54
-20.73
18.26
-3.51
-21.16
17.67
-3.42
-21.60
6.21
-3.71
-21.56
5.49
-3.64
-21.32
4.60
-3.35
-21.29
3.89
-3.07
-21.21
3.37
-2.71
-21.14
16.97
-3.39
-22.05
16.22
-3.32
-22.37
15.40
-3.30
-22.53
14.51
-3.34
-22.58
13.56
-3.42
-22.54
12.53
-3.41
-22.47
11.52
-3.39
-22.42
10.53
-3.38
-22.38
9.54
-3.35
-22.35
8.52
-3.34
-22.30
7.53
-3.34
-22.22
6.53
-3.35
-22.04
5.55
-3.13
-21.98
4.65
-2.91
-21.91
3.93
-2.73
-21.77
3.50
-2.56
-21.62
12.96
-2.23
-1.26
12.28
-2.19
-1.05
11.44
-2.24
-0.97
10.63
-2.07
-0.91
10.02
-1.91
-0.95
13.47
-2.47
-1.60
11.10
-2.73
-1.22
10.44
-2.63
-1.24
9.56
-2.35
-1.29
8.59
-2.41
-1.59
7.79
-2.38
-1.87
7.12
-2.35
-2.25
15.76
-2.89
-3.25
15.34
-2.54
-2.88
14.63
-2.55
-2.35
14.01
-2.62
-1.97
6.51
-2.35
-2.83
6.10
-1.94
-3.15
16.08
-2.52
-3.71
15.73
-2.20
-3.26
6.16
-2.73
-3.47
5.82
-2.14
-3.65
16.54
-2.49
-4.55
5.90
-2.95
-4.00
5.44
-2.50
-4.41
4.92
-2.11
-4.91
17.21
-2.88
-5.76
16.92
-2.42
-5.38
5.08
-2.84
-5.07
4.54
-2.45
-5.54
3.98
-2.09
-6.02
17.88
-2.70
-7.07
17.48
-2.62
-6.37
17.15
-2.13
-6.03
4.15
-2.80
-6.18
3.59
-2.42
-6.66
3.05
-1.97
-7.06
18.15
-2.58
-7.79
3.17
-2.80
-7.48
2.70
-2.14
-7.68
2.31
-1.89
-8.15
18.38
-2.50
-8.61
2.93
-3.05
-8.05
2.58
-2.67
-8.32
2.18
-2.20
-8.78
18.57
-2.46
-9.48
1.93
-2.22
-9.65
18.75
-2.44
-10.34
1.77
-2.26
-10.55
19.23
-2.57
-11.77
18.97
-2.41
-11.12
1.64
-2.30
-11.51
19.79
-2.15
-13.12
19.56
-2.53
-12.60
1.53
-2.36
-12.50
19.97
-2.44
-13.71
19.79
-2.85
-13.22
1.49
-2.49
-13.51
20.13
-2.49
-14.59
1.47
-2.50
-14.49
20.22
-2.51
-15.51
1.51
-2.45
-15.44
20.22
-2.54
-16.41
1.66
-2.45
-16.35
20.12
-2.56
-17.25
2.13
-2.57
-17.89
1.87
-2.46
-17.19
19.93
-2.57
-18.02
19.66
-2.55
-18.75
2.38
-2.50
-18.65
19.32
-2.56
-19.50
2.65
-2.40
-19.53
18.91
-2.58
-20.27
18.48
-2.23
-20.76
18.13
-2.04
-21.09
2.85
-2.24
-20.42
18.69
-2.98
-20.72
18.33
-2.79
-21.05
17.78
-2.44
-21.44
3.06
-2.13
-21.21
17.02
-2.44
-21.94
16.24
-2.43
-22.26
15.39
-2.42
-22.44
14.47
-2.43
-22.52
13.51
-2.46
-22.52
12.51
-2.47
-22.50
11.51
-2.46
-22.49
10.52
-2.45
-22.51
9.52
-2.42
-22.55
8.42
-2.35
-22.65
7.43
-2.60
-22.62
6.50
-2.64
-22.56
5.56
-2.53
-22.51
4.65
-2.29
-22.47
3.88
-2.22
-22.19
3.36
-2.09
-21.82
7.91
-1.88
-22.87
7.27
-1.95
-22.90
6.46
-1.97
-22.90
5.62
-1.93
-22.87
4.95
-1.87
-22.82
11.01
-0.92
-0.35
10.58
-0.94
-0.36
10.16
-0.91
-0.43
13.70
-0.99
-1.34
13.20
-1.37
-1.15
12.34
-1.35
-0.82
11.40
-1.30
-0.59
10.62
-1.41
-0.60
9.89
-1.26
-0.71
14.08
-1.19
-1.68
13.73
-1.76
-1.55
9.23
-1.50
-1.06
8.48
-1.50
-1.35
7.73
-1.47
-1.68
7.05
-1.44
-2.08
15.27
-1.57
-2.79
14.58
-1.57
-2.19
14.12
-1.99
-1.89
6.47
-1.40
-2.57
6.01
-1.30
-3.05
16.05
-1.53
-3.81
15.71
-1.54
-3.27
5.63
-1.35
-3.60
16.41
-1.49
-4.59
5.24
-1.45
-4.22
4.80
-1.38
-4.78
16.73
-1.44
-5.45
4.35
-1.42
-5.35
3.85
-1.36
-5.88
17.75
-2.08
-7.20
17.45
-1.84
-6.80
17.07
-1.36
-6.33
3.40
-1.42
-6.42
2.93
-1.29
-6.91
17.88
-1.73
-7.80
17.51
-1.33
-7.33
17.21
-1.00
-6.99
2.52
-1.29
-7.49
2.16
-1.26
-8.08
18.14
-1.66
-8.66
1.91
-1.35
-8.79
18.36
-1.62
-9.54
1.71
-1.39
-9.62
18.58
-1.59
-10.42
1.54
-1.42
-10.52
19.17
-1.89
-11.84
18.87
-1.55
-11.33
1.37
-1.43
-11.47
19.74
-1.51
-13.11
19.38
-1.56
-12.42
19.05
-1.22
-11.94
1.14
-1.41
-12.53
0.77
-0.94
-12.99
19.97
-1.57
-13.79
1.13
-1.68
-13.54
0.73
-1.05
-13.65
20.11
-1.60
-14.61
1.13
-1.71
-14.49
0.75
-1.05
-14.46
20.15
-1.61
-15.51
1.18
-1.54
-15.48
0.85
-1.01
-15.14
20.13
-1.68
-16.41
1.42
-1.58
-16.45
20.03
-1.74
-17.24
1.98
-1.89
-17.99
1.70
-1.51
-17.44
19.85
-1.76
-17.97
19.55
-1.67
-18.64
2.12
-1.58
-18.65
1.86
-1.17
-18.16
19.23
-1.70
-19.40
2.37
-1.48
-19.55
18.88
-1.69
-20.06
18.48
-1.49
-20.56
18.09
-1.46
-21.01
2.59
-1.40
-20.46
17.64
-1.48
-21.43
2.85
-1.34
-21.31
16.98
-1.49
-21.87
16.23
-1.48
-22.19
15.38
-1.48
-22.38
14.46
-1.48
-22.47
13.49
-1.49
-22.50
12.51
-1.49
-22.51
11.52
-1.49
-22.52
10.55
-1.48
-22.57
9.61
-1.46
-22.65
8.71
-1.41
-22.79
4.32
-1.77
-22.69
3.79
-1.62
-22.50
3.23
-1.30
-22.11
7.99
-1.27
-22.96
7.25
-1.25
-23.06
6.42
-1.24
-23.11
5.55
-1.24
-23.09
4.65
-1.29
-22.96
3.90
-1.05
-22.80
3.44
-0.90
-22.57
11.03
-0.48
-0.28
10.54
-0.47
-0.27
10.05
-0.47
-0.38
13.72
-0.39
-1.31
13.14
-0.46
-0.99
12.37
-0.47
-0.70
11.56
-0.47
-0.46
9.49
-0.48
-0.67
8.87
-0.19
-0.88
14.21
-0.44
-1.74
9.04
-0.86
-0.94
8.45
-0.59
-1.15
7.70
-0.52
-1.52
7.01
-0.49
-1.96
15.66
-0.38
-3.31
15.35
-0.64
-2.92
14.74
-0.54
-2.31
6.43
-0.47
-2.45
5.93
-0.45
-2.98
15.91
-0.59
-3.74
15.69
-0.91
-3.29
5.50
-0.47
-3.55
16.27
-0.52
-4.61
5.12
-0.57
-4.11
4.69
-0.49
-4.63
16.56
-0.47
-5.50
4.21
-0.48
-5.21
3.70
-0.48
-5.76
16.83
-0.40
-6.41
3.27
-0.56
-6.27
2.82
-0.45
-6.76
17.75
-1.09
-8.09
17.47
-0.77
-7.76
17.10
-0.32
-7.33
2.38
-0.42
-7.36
2.00
-0.42
-8.02
17.86
-0.83
-8.75
17.50
-0.37
-8.35
17.20
-0.01
-8.05
1.73
-0.49
-8.76
18.11
-0.84
-9.61
1.52
-0.54
-9.59
18.32
-0.79
-10.47
1.33
-0.56
-10.46
18.57
-0.71
-11.33
1.12
-0.57
-11.33
19.65
-0.82
-13.21
19.30
-0.75
-12.66
18.87
-0.60
-12.08
0.86
-0.56
-12.13
0.41
-0.29
-12.79
-0.17
0.16
-13.05
-0.51
0.43
-13.21
19.86
-0.82
-13.83
0.29
-0.45
-13.65
-0.21
0.01
-13.62
-0.57
0.40
-13.61
19.97
-0.79
-14.61
0.27
-0.34
-14.54
-0.25
0.10
-14.21
-0.56
0.41
-14.03
19.95
-0.70
-15.51
19.72
-0.20
-15.86
0.99
-0.91
-15.83
0.62
-0.39
-15.49
19.93
-0.90
-16.44
19.64
-0.26
-16.56
1.16
-0.77
-16.51
0.85
-0.13
-16.34
19.84
-1.03
-17.26
19.53
-0.44
-17.41
1.38
-0.42
-17.41
1.05
0.03
-16.95
19.72
-1.14
-17.89
19.34
-0.71
-18.37
18.95
-0.18
-18.79
2.01
-0.83
-18.87
1.75
-0.40
-18.39
19.05
-0.92
-19.31
18.73
-0.31
-19.48
2.15
-0.50
-19.56
1.91
-0.10
-19.05
18.80
-1.05
-19.92
18.39
-0.59
-20.34
18.06
-0.85
-20.90
2.41
-0.47
-20.50
18.00
-0.24
-20.84
17.65
-0.53
-21.28
2.67
-0.44
-21.36
16.96
-0.53
-21.80
16.22
-0.53
-22.14
15.38
-0.52
-22.34
14.46
-0.50
-22.44
13.49
-0.50
-22.48
12.51
-0.50
-22.50
11.52
-0.50
-22.53
10.56
-0.50
-22.58
9.64
-0.49
-22.69
8.78
-0.49
-22.83
2.99
-0.38
-22.10
8.02
-0.48
-23.00
7.25
-0.45
-23.13
6.41
-0.41
-23.21
5.52
-0.39
-23.22
4.65
-0.38
-23.14
3.90
-0.30
-22.96
3.35
-0.27
-22.63
10.98
-0.02
-0.29
10.52
0.02
-0.29
10.07
-0.02
-0.37
13.70
0.32
-1.34
13.11
0.39
-1.02
12.32
0.42
-0.72
11.37
0.39
-0.48
10.50
0.58
-0.46
9.66
0.39
-0.59
8.73
0.50
-0.90
8.18
0.79
-1.11
14.17
0.36
-1.81
8.28
0.13
-1.12
7.73
0.47
-1.39
6.99
0.48
-1.88
15.61
0.06
-3.35
15.29
0.17
-3.00
14.72
0.45
-2.48
6.38
0.48
-2.39
5.86
0.47
-2.94
15.77
0.37
-3.81
15.36
0.78
-3.36
14.94
0.98
-2.95
5.34
0.49
-3.57
4.97
0.86
-3.97
16.12
0.44
-4.65
5.04
0.14
-4.04
4.65
0.49
-4.44
16.39
0.50
-5.54
4.10
0.48
-5.09
3.52
0.50
-5.72
3.11
0.87
-6.09
16.62
0.55
-6.48
3.18
0.15
-6.17
2.79
0.52
-6.55
16.83
0.60
-7.44
2.27
0.53
-7.25
1.84
0.51
-7.97
17.73
-0.29
-9.10
17.44
0.09
-8.88
17.06
0.64
-8.47
1.54
0.40
-8.74
17.84
-0.20
-9.71
17.49
0.34
-9.65
17.13
0.94
-9.50
1.32
0.32
-9.56
17.98
-0.10
-10.52
17.58
0.50
-10.49
17.21
1.09
-10.41
1.12
0.27
-10.40
18.19
0.03
-11.40
17.71
0.67
-11.35
17.33
1.20
-11.22
0.85
0.27
-11.23
0.49
0.69
-11.55
19.53
-0.34
-13.32
19.16
-0.10
-13.01
18.54
0.23
-12.40
17.86
1.01
-12.24
17.45
1.30
-11.81
0.69
0.04
-11.84
0.29
0.41
-12.14
-0.24
0.65
-12.60
-0.62
0.88
-13.01
19.62
-0.20
-13.83
19.15
0.35
-13.74
18.59
0.74
-13.25
18.13
1.16
-13.00
-0.77
0.92
-13.60
19.73
-0.16
-14.54
19.36
0.37
-14.60
0.01
0.20
-14.92
-0.35
0.49
-14.64
-0.70
0.90
-14.28
19.76
-0.16
-15.18
19.44
0.28
-15.51
0.16
0.53
-15.57
-0.34
0.91
-15.12
-0.64
1.14
-14.80
19.23
0.39
-16.50
18.88
0.79
-16.86
0.57
0.63
-16.39
19.18
0.17
-17.40
18.81
0.67
-17.57
1.24
0.56
-17.71
0.91
0.68
-17.08
19.10
-0.02
-18.10
18.74
0.42
-18.48
1.56
0.56
-18.47
18.47
0.40
-19.41
2.07
0.43
-19.82
1.83
0.60
-19.19
18.20
0.32
-20.22
2.30
0.49
-20.58
17.89
0.37
-20.80
17.48
0.41
-21.27
2.56
0.52
-21.40
16.90
0.40
-21.75
16.20
0.41
-22.08
15.38
0.44
-22.28
14.46
0.48
-22.39
13.49
0.49
-22.45
12.50
0.50
-22.49
11.52
0.50
-22.52
10.55
0.49
-22.58
9.61
0.48
-22.68
8.72
0.45
-22.83
2.88
0.54
-22.12
8.00
0.34
-22.99
7.27
0.38
-23.12
6.43
0.49
-23.21
5.52
0.52
-23.26
4.64
0.54
-23.21
3.89
0.56
-23.03
3.30
0.57
-22.68
13.63
0.90
-1.42
13.12
1.28
-1.24
12.31
1.33
-0.90
11.40
1.43
-0.70
10.44
1.47
-0.65
9.58
1.34
-0.72
8.78
1.32
-0.90
8.16
1.37
-1.11
13.95
1.07
-1.81
13.56
1.72
-1.74
7.62
1.41
-1.40
6.93
1.44
-1.85
14.35
1.29
-2.40
13.97
1.95
-2.30
6.32
1.42
-2.38
5.84
1.36
-2.88
15.71
1.12
-4.06
15.33
1.59
-3.73
14.71
1.71
-3.04
14.27
2.12
-2.75
5.39
1.47
-3.38
4.92
1.58
-3.91
15.94
1.42
-4.70
15.64
1.86
-4.32
4.46
1.49
-4.45
16.23
1.49
-5.58
4.01
1.40
-4.99
3.53
1.50
-5.50
3.05
1.61
-6.01
16.45
1.52
-6.52
2.61
1.54
-6.56
16.62
1.55
-7.49
2.12
1.53
-7.20
1.61
1.58
-7.96
1.28
2.07
-8.31
16.76
1.61
-8.48
1.32
1.26
-8.75
1.07
1.97
-8.83
16.85
1.72
-9.47
1.09
1.12
-9.54
0.82
1.87
-9.56
16.95
1.79
-10.40
0.88
1.00
-10.32
0.54
1.71
-10.38
17.10
1.82
-11.24
0.69
0.89
-10.95
0.26
1.36
-11.25
-0.30
1.74
-11.72
-0.66
2.03
-12.06
17.61
1.77
-12.57
17.29
1.77
-11.92
0.07
1.00
-11.88
-0.33
1.25
-12.22
-0.77
1.67
-12.68
18.89
0.83
-14.08
18.51
1.17
-13.86
18.00
1.74
-13.51
-0.95
1.69
-13.52
18.96
0.88
-14.69
18.54
1.36
-14.64
18.12
1.96
-14.52
-0.91
1.69
-14.28
18.99
0.87
-15.46
18.56
1.38
-15.53
18.15
2.02
-15.50
-0.01
1.39
-15.91
-0.41
1.54
-15.43
-0.73
1.71
-14.94
18.94
0.86
-16.15
18.58
1.26
-16.51
18.14
1.99
-16.50
0.36
1.50
-16.53
18.43
1.28
-17.52
18.07
1.98
-17.50
1.11
1.43
-17.87
0.77
1.52
-17.23
18.32
1.19
-18.48
17.98
1.93
-18.47
1.42
1.51
-18.58
18.16
1.13
-19.39
17.86
1.86
-19.41
2.01
1.16
-19.94
1.76
1.54
-19.42
17.97
1.04
-20.18
17.66
1.72
-20.27
2.18
1.51
-20.55
1.94
1.89
-20.02
17.78
0.94
-20.73
17.36
1.36
-21.05
2.49
1.50
-21.42
16.81
1.26
-21.64
16.17
1.28
-21.98
15.38
1.36
-22.18
14.47
1.47
-22.30
13.49
1.49
-22.39
12.49
1.49
-22.45
11.51
1.50
-22.50
10.52
1.49
-22.56
9.53
1.48
-22.65
8.47
1.45
-22.81
7.60
1.80
-22.91
6.97
1.97
-22.99
2.83
1.50
-22.14
7.94
0.99
-22.96
7.33
1.17
-23.04
6.48
1.49
-23.12
5.50
1.46
-23.22
4.63
1.47
-23.20
3.87
1.48
-23.03
3.27
1.49
-22.69
12.87
2.01
-1.30
12.27
2.18
-1.08
11.40
2.51
-0.93
10.26
2.47
-0.84
9.46
2.14
-0.85
8.74
2.00
-0.97
8.20
1.92
-1.11
13.13
2.57
-1.69
12.43
2.84
-1.31
11.87
3.00
-1.12
9.78
2.78
-0.90
9.27
2.68
-0.94
8.56
2.57
-1.06
7.77
2.33
-1.32
6.90
2.44
-1.82
13.70
2.70
-2.32
6.19
2.36
-2.43
5.83
2.06
-2.83
15.15
2.49
-3.92
14.65
2.61
-3.38
14.16
2.74
-2.88
5.81
2.64
-2.79
5.45
2.43
-3.18
4.85
2.49
-3.83
15.89
2.17
-4.93
15.57
2.59
-4.55
4.28
2.48
-4.46
3.88
2.85
-4.83
16.08
2.52
-5.59
15.81
2.91
-5.10
3.94
2.13
-4.92
3.54
2.51
-5.29
2.99
2.53
-5.92
16.33
2.51
-6.57
2.51
2.51
-6.51
16.49
2.52
-7.53
2.04
2.49
-7.10
1.59
2.55
-7.70
1.22
2.69
-8.21
16.60
2.55
-8.49
0.91
2.71
-8.81
16.69
2.59
-9.46
0.58
2.68
-9.53
16.81
2.62
-10.41
0.17
2.59
-10.39
-0.34
2.93
-10.92
-0.66
3.12
-11.30
17.14
2.93
-11.98
17.00
2.63
-11.38
0.01
2.10
-11.00
-0.37
2.37
-11.35
-0.78
2.74
-11.82
17.38
2.63
-12.57
17.19
2.32
-11.97
-1.01
2.62
-12.65
17.76
2.92
-13.88
17.71
2.69
-13.61
-1.11
2.58
-13.50
17.79
2.94
-14.15
17.83
2.75
-14.44
-1.03
2.57
-14.35
17.86
2.76
-15.48
-0.12
2.02
-16.07
-0.44
2.22
-15.70
-0.79
2.56
-15.18
17.84
2.76
-16.49
0.13
2.45
-16.55
-0.35
2.76
-16.03
-0.64
2.91
-15.66
17.79
2.75
-17.49
1.01
2.15
-17.95
0.68
2.50
-17.43
17.72
2.72
-18.47
1.24
2.52
-18.53
0.94
2.87
-18.01
17.60
2.68
-19.41
1.61
2.55
-19.36
17.37
2.58
-20.29
2.17
2.53
-20.75
1.89
2.62
-20.07
16.92
2.43
-21.12
16.24
2.75
-21.57
15.56
2.92
-21.83
14.97
3.03
-21.97
2.48
2.49
-21.50
16.67
1.92
-21.58
16.16
2.05
-21.83
15.42
2.22
-22.03
14.51
2.53
-22.15
13.47
2.48
-22.30
12.48
2.48
-22.40
11.49
2.49
-22.46
10.51
2.50
-22.52
9.52
2.50
-22.59
8.53
2.52
-22.70
7.62
2.62
-22.81
6.81
2.61
-22.93
2.84
2.46
-22.17
6.18
2.37
-23.06
5.41
2.34
-23.14
4.60
2.39
-23.13
3.86
2.39
-22.99
3.27
2.41
-22.68
11.08
3.42
-1.01
10.16
3.43
-0.94
9.34
3.73
-0.96
8.54
3.83
-1.02
7.80
3.90
-1.16
7.23
4.00
-1.36
13.01
3.58
-1.85
12.38
3.64
-1.44
11.71
3.65
-1.17
9.74
3.15
-0.93
9.22
3.20
-0.97
8.50
3.23
-1.07
7.70
3.26
-1.30
6.79
3.59
-1.73
6.23
4.03
-2.07
13.56
3.59
-2.42
6.14
3.23
-2.35
5.83
3.83
-2.50
15.01
3.19
-4.03
14.59
3.55
-3.66
14.05
3.59
-3.02
5.78
3.12
-2.74
5.39
3.46
-3.06
4.76
3.46
-3.74
15.29
3.56
-4.52
14.89
3.90
-4.13
4.27
3.41
-4.28
3.85
3.57
-4.73
16.02
3.52
-5.84
15.71
3.62
-5.18
3.40
3.52
-5.27
2.90
3.50
-5.88
16.26
3.49
-6.66
2.41
3.47
-6.50
16.41
3.50
-7.56
1.98
3.39
-7.05
1.57
3.47
-7.60
1.19
3.46
-8.14
16.52
3.51
-8.51
0.86
3.55
-8.73
16.62
3.53
-9.45
0.48
3.58
-9.43
16.74
3.54
-10.38
0.06
3.59
-10.12
-0.38
3.69
-10.70
-0.75
3.74
-11.23
17.10
3.60
-11.98
16.91
3.55
-11.25
-0.99
3.63
-11.86
17.33
3.53
-12.72
-1.15
3.56
-12.64
17.72
3.18
-13.89
17.58
3.46
-13.65
-1.18
3.53
-13.50
17.75
3.19
-14.16
17.68
3.48
-14.44
-1.06
3.50
-14.37
17.67
3.57
-15.47
-0.87
3.40
-15.13
17.64
3.60
-16.49
0.10
3.49
-16.64
-0.34
3.46
-16.10
-0.66
3.42
-15.67
17.60
3.59
-17.49
0.55
3.53
-17.37
17.53
3.58
-18.46
1.22
3.54
-18.69
0.90
3.61
-18.04
17.41
3.55
-19.38
1.55
3.53
-19.41
17.18
3.50
-20.21
2.17
3.51
-20.84
1.86
3.54
-20.12
16.79
3.47
-20.89
16.21
3.58
-21.34
15.51
3.66
-21.65
14.81
3.66
-21.87
2.51
3.47
-21.56
14.18
3.43
-22.07
13.37
3.43
-22.20
12.44
3.44
-22.32
11.48
3.48
-22.40
10.50
3.49
-22.47
9.51
3.50
-22.54
8.52
3.51
-22.62
7.53
3.53
-22.73
6.49
3.48
-22.87
5.57
3.76
-22.94
4.90
3.84
-22.97
2.90
3.40
-22.22
6.02
2.99
-22.99
5.39
3.11
-23.04
4.58
3.31
-23.03
3.85
3.23
-22.93
3.30
3.24
-22.67
10.96
4.11
-1.05
10.27
4.36
-1.01
9.39
4.41
-0.98
8.57
4.47
-1.02
7.82
4.50
-1.12
7.21
4.52
-1.30
12.92
4.55
-1.88
12.28
4.53
-1.46
11.46
4.53
-1.19
10.74
4.81
-1.10
6.71
4.56
-1.63
6.12
4.67
-2.04
13.46
4.54
-2.47
5.62
4.59
-2.54
14.40
4.51
-3.68
13.94
4.52
-3.09
5.12
4.46
-3.11
4.53
4.44
-3.77
4.17
4.72
-4.12
15.22
4.52
-4.72
14.80
4.60
-4.21
4.22
4.11
-4.19
3.86
4.48
-4.53
15.96
4.44
-5.97
15.63
4.49
-5.33
3.33
4.49
-5.19
2.82
4.49
-5.86
16.19
4.44
-6.73
2.28
4.48
-6.58
1.93
4.83
-7.05
16.35
4.47
-7.59
1.94
4.12
-7.06
1.57
4.49
-7.57
1.21
4.14
-8.09
16.47
4.49
-8.52
1.23
4.85
-8.12
0.92
4.49
-8.60
16.58
4.49
-9.46
0.48
4.52
-9.35
16.72
4.49
-10.38
0.03
4.54
-10.01
-0.41
4.57
-10.60
-0.80
4.58
-11.18
17.07
4.41
-11.97
16.89
4.47
-11.25
-1.07
4.54
-11.84
17.25
4.47
-12.71
-1.20
4.52
-12.62
17.43
4.47
-13.60
-1.17
4.51
-13.48
17.52
4.47
-14.51
-0.67
4.96
-14.92
-0.95
4.52
-14.43
17.53
4.49
-15.49
-0.14
4.97
-15.90
-0.47
4.71
-15.47
-0.77
4.14
-15.19
17.51
4.50
-16.49
0.09
4.54
-16.48
-0.36
4.15
-15.94
-0.63
3.91
-15.63
17.46
4.49
-17.48
0.54
4.51
-17.32
17.38
4.47
-18.45
1.21
4.50
-18.72
0.89
4.51
-18.04
17.25
4.43
-19.35
1.53
4.51
-19.44
17.02
4.39
-20.14
2.18
4.50
-20.88
1.85
4.51
-20.15
16.68
4.33
-20.74
16.14
4.43
-21.13
15.40
4.48
-21.45
14.51
4.50
-21.74
13.79
4.79
-21.85
2.57
4.47
-21.63
14.02
4.10
-21.97
13.35
4.35
-22.05
12.43
4.36
-22.20
11.48
4.47
-22.30
10.49
4.49
-22.40
9.50
4.50
-22.49
8.51
4.50
-22.58
7.52
4.51
-22.68
6.51
4.51
-22.80
5.54
4.55
-22.90
4.60
4.43
-22.92
3.79
4.51
-22.76
3.11
4.37
-22.36
4.30
3.89
-22.96
3.78
3.89
-22.86
3.35
3.85
-22.66
12.66
6.02
-1.47
12.33
5.98
-1.29
11.93
6.02
-1.19
10.04
4.99
-1.05
9.36
5.08
-1.05
8.56
5.12
-1.08
7.79
5.10
-1.16
7.24
5.03
-1.29
12.87
5.59
-1.80
12.27
5.42
-1.41
11.51
5.60
-1.21
10.45
5.54
-1.15
9.46
5.76
-1.17
8.54
5.81
-1.21
7.67
5.75
-1.32
6.84
5.47
-1.56
6.02
5.52
-2.03
13.41
5.51
-2.50
5.44
5.41
-2.54
14.28
5.38
-3.75
13.86
5.47
-3.18
4.96
5.34
-3.08
4.42
5.45
-3.67
4.12
5.22
-4.07
15.11
5.41
-4.88
14.67
5.45
-4.30
4.09
5.73
-4.01
3.80
5.48
-4.42
15.87
5.27
-6.07
15.53
5.37
-5.49
3.27
5.46
-5.12
2.78
5.48
-5.80
16.08
5.32
-6.76
2.32
5.49
-6.48
1.96
5.50
-7.03
16.25
5.43
-7.60
1.62
5.52
-7.58
16.41
5.46
-8.53
1.24
5.58
-8.22
0.90
5.42
-8.77
16.56
5.47
-9.49
0.51
5.48
-9.38
16.72
5.44
-10.43
0.05
5.49
-10.01
-0.41
5.49
-10.58
-0.80
5.48
-11.16
17.04
5.10
-11.97
16.91
5.43
-11.38
-1.07
5.47
-11.82
17.16
5.45
-12.57
17.02
5.76
-11.97
-1.19
5.46
-12.57
17.32
5.46
-13.55
-1.12
5.47
-13.37
17.39
5.45
-14.52
-0.23
5.99
-15.21
-0.54
5.66
-14.84
-0.89
5.52
-14.16
17.40
5.43
-15.50
-0.04
5.68
-15.74
-0.35
5.34
-15.35
17.37
5.41
-16.49
0.29
5.56
-16.52
17.30
5.39
-17.47
0.64
5.49
-17.32
17.20
5.36
-18.43
1.22
5.47
-18.68
0.93
5.40
-18.02
17.06
5.28
-19.33
1.53
5.49
-19.42
16.79
5.24
-20.12
16.40
5.60
-20.42
2.18
5.50
-20.90
1.85
5.50
-20.15
16.58
4.97
-20.62
16.12
5.26
-20.85
15.35
5.32
-21.19
14.47
5.44
-21.45
13.51
5.52
-21.71
12.64
5.83
-21.86
12.00
6.00
-21.98
2.56
5.52
-21.66
13.10
5.02
-21.96
12.42
5.19
-22.06
11.52
5.52
-22.16
10.47
5.50
-22.32
9.48
5.49
-22.45
8.50
5.49
-22.56
7.52
5.49
-22.69
6.52
5.49
-22.84
5.49
5.51
-22.99
4.57
5.30
-22.98
3.79
5.33
-22.83
3.10
5.58
-22.45
5.07
6.04
-23.18
4.47
5.94
-23.18
3.83
5.97
-23.09
3.35
6.09
-22.90
12.68
6.48
-1.49
12.33
6.49
-1.28
11.90
6.49
-1.21
12.95
6.46
-1.91
11.35
6.48
-1.25
10.44
6.51
-1.28
9.48
6.59
-1.32
8.52
6.62
-1.37
7.59
6.59
-1.47
6.69
6.51
-1.68
5.80
6.54
-2.10
5.30
6.99
-2.34
13.36
6.46
-2.58
5.24
6.20
-2.58
4.92
6.82
-2.75
14.19
6.08
-3.85
13.81
6.46
-3.40
4.86
6.01
-3.02
4.42
6.49
-3.42
3.98
6.87
-3.89
14.96
6.24
-5.05
14.46
6.39
-4.40
14.06
6.80
-3.99
4.06
6.24
-3.94
3.68
6.51
-4.37
15.76
5.89
-6.16
15.41
6.25
-5.77
3.20
6.39
-5.07
2.75
6.46
-5.74
15.91
6.09
-6.72
15.61
6.64
-6.49
2.28
6.49
-6.53
1.98
6.17
-7.03
16.05
6.43
-7.56
15.74
6.88
-7.09
2.01
6.85
-7.04
1.71
6.52
-7.54
16.31
6.42
-8.57
1.25
6.53
-8.40
0.93
6.15
-8.86
16.54
6.44
-9.54
0.98
6.87
-8.96
0.64
6.49
-9.39
16.73
6.35
-10.45
0.12
6.45
-10.08
-0.37
6.40
-10.64
-0.77
6.36
-11.19
16.89
6.31
-11.28
-1.02
6.35
-11.82
17.13
6.42
-12.62
17.02
6.37
-11.95
-1.12
6.35
-12.53
17.22
6.44
-13.54
-1.05
6.36
-13.27
17.25
6.43
-14.52
-0.15
6.64
-15.09
-0.49
6.50
-14.55
-0.83
6.39
-13.96
17.24
6.34
-15.51
0.15
6.59
-15.74
17.18
6.28
-16.48
0.46
6.54
-16.52
17.07
6.23
-17.44
1.03
6.87
-17.95
0.79
6.51
-17.41
16.91
6.23
-18.42
16.57
6.66
-18.78
1.22
6.50
-18.53
0.98
6.14
-17.99
16.80
5.99
-19.29
16.43
6.49
-19.40
1.55
6.49
-19.37
16.63
5.85
-19.89
16.15
6.21
-20.15
15.43
6.53
-20.45
14.84
6.76
-20.63
2.15
6.50
-20.88
1.85
6.49
-20.13
15.90
5.86
-20.67
15.31
6.04
-20.88
14.47
6.37
-21.05
13.51
6.50
-21.37
12.62
6.63
-21.64
11.85
6.65
-21.88
2.48
6.53
-21.66
11.20
6.45
-22.08
10.39
6.48
-22.25
9.46
6.48
-22.42
8.50
6.48
-22.58
7.53
6.48
-22.76
6.54
6.45
-22.97
5.77
6.21
-23.10
2.85
6.60
-22.42
6.05
6.92
-23.18
5.26
6.71
-23.34
4.47
6.54
-23.41
3.81
6.57
-23.34
3.25
6.79
-23.08
4.84
7.03
-23.59
4.37
7.05
-23.64
3.82
7.09
-23.60
3.42
7.17
-23.46
12.62
6.93
-1.52
12.30
6.97
-1.36
11.92
6.94
-1.28
12.75
7.29
-1.92
12.20
7.46
-1.60
11.48
7.31
-1.43
10.48
7.39
-1.46
9.49
7.44
-1.49
8.52
7.46
-1.53
7.57
7.45
-1.60
6.67
7.44
-1.75
5.87
7.47
-2.01
5.28
7.60
-2.31
13.17
7.38
-2.63
4.81
7.61
-2.74
13.54
7.43
-3.42
4.34
7.56
-3.31
3.87
7.62
-3.88
14.81
6.87
-5.21
14.38
7.31
-4.88
13.89
7.53
-4.18
3.38
7.53
-4.55
2.98
7.87
-5.03
15.05
7.02
-5.76
14.64
7.64
-5.65
3.10
7.13
-5.06
2.72
7.47
-5.57
15.27
7.28
-6.46
14.87
7.91
-6.39
2.30
7.46
-6.37
15.90
7.28
-7.89
15.50
7.53
-7.24
15.10
8.03
-7.01
2.00
7.54
-7.02
1.69
7.51
-7.66
16.19
7.31
-8.69
1.34
7.53
-8.40
16.70
7.92
-10.17
16.51
7.47
-9.67
1.02
7.59
-9.06
0.64
7.47
-9.66
16.86
7.81
-10.74
16.77
7.18
-10.53
0.17
7.40
-10.30
-0.32
7.23
-10.81
-0.69
7.11
-11.27
16.98
7.66
-11.50
16.93
7.04
-11.30
-0.90
7.11
-11.84
17.07
7.35
-12.38
17.01
6.94
-11.89
-0.98
7.12
-12.51
17.10
7.39
-13.46
-0.92
7.12
-13.20
17.06
7.43
-14.51
16.87
7.97
-14.89
-0.05
7.48
-14.87
-0.43
7.27
-14.30
-0.74
7.13
-13.80
17.02
7.19
-15.52
16.75
7.90
-15.59
0.27
7.52
-15.62
16.91
7.07
-16.46
16.55
7.80
-16.47
0.56
7.52
-16.43
16.77
6.96
-17.37
16.27
7.67
-17.46
15.67
8.10
-17.91
15.25
8.35
-18.21
1.08
7.61
-17.92
0.83
7.53
-17.22
16.68
6.81
-18.09
16.26
7.18
-18.46
15.61
7.71
-18.62
15.04
8.17
-18.74
1.33
7.52
-18.61
16.02
6.98
-19.29
15.43
7.41
-19.38
14.70
7.94
-19.52
14.15
8.16
-19.91
1.61
7.49
-19.37
15.87
6.76
-19.85
15.35
7.02
-20.02
14.60
7.33
-20.30
13.91
7.87
-20.40
2.15
7.48
-20.85
1.88
7.46
-20.11
14.17
7.06
-20.80
13.42
7.46
-20.99
12.50
7.52
-21.42
11.58
7.54
-21.78
10.93
7.87
-21.94
2.42
7.51
-21.63
11.06
7.15
-22.01
10.40
7.48
-22.14
9.44
7.48
-22.38
8.51
7.48
-22.61
7.53
7.49
-22.85
6.81
7.18
-23.00
2.71
7.54
-22.40
7.00
7.90
-23.05
6.32
7.64
-23.21
5.34
7.64
-23.51
4.78
7.94
-23.69
3.03
7.60
-23.05
4.87
7.42
-23.66
4.40
7.64
-23.75
3.80
7.68
-23.70
3.34
7.69
-23.49
12.60
8.09
-2.15
12.11
8.14
-1.88
11.39
8.18
-1.75
10.47
8.24
-1.71
9.50
8.27
-1.70
8.51
8.28
-1.72
7.56
8.28
-1.76
6.67
8.27
-1.86
5.89
8.27
-2.05
5.30
8.32
-2.32
12.90
8.27
-2.73
12.74
8.79
-2.94
4.84
8.45
-2.73
13.24
8.31
-3.50
12.92
8.95
-3.44
4.32
8.49
-3.26
3.81
8.53
-3.83
14.07
8.06
-4.98
13.57
8.55
-4.47
13.13
9.05
-4.01
3.31
8.54
-4.42
2.83
8.61
-5.01
14.25
8.31
-5.62
13.85
8.88
-5.40
2.48
8.42
-5.65
14.45
8.67
-6.45
14.04
9.06
-6.02
2.17
8.32
-6.35
15.78
7.83
-8.11
15.44
8.14
-7.80
14.92
8.67
-7.41
1.92
8.31
-7.00
1.64
8.44
-7.64
15.95
8.03
-8.68
15.55
8.53
-8.44
15.13
9.02
-8.23
1.36
8.48
-8.43
16.62
8.44
-10.18
16.21
8.44
-9.51
15.68
8.93
-9.04
15.31
9.23
-8.76
1.06
8.49
-9.21
0.71
8.38
-9.88
16.83
8.43
-10.81
0.27
8.40
-10.70
-0.27
7.89
-11.14
-0.60
7.61
-11.38
16.95
8.36
-11.57
0.09
8.78
-11.64
-0.35
8.21
-11.76
-0.69
7.71
-11.85
16.99
8.27
-12.44
0.01
8.89
-12.53
-0.39
8.30
-12.51
-0.74
7.75
-12.51
16.96
8.31
-13.39
16.78
8.77
-13.81
0.00
8.80
-13.44
-0.39
8.21
-13.28
-0.72
7.72
-13.18
16.94
8.11
-14.16
16.71
8.57
-14.56
0.07
8.45
-14.44
-0.37
7.92
-13.94
-0.64
7.63
-13.66
16.47
8.61
-15.48
0.39
8.48
-15.46
16.19
8.57
-16.36
15.82
8.96
-16.72
0.64
8.49
-16.33
16.02
8.32
-17.07
15.57
8.75
-17.38
15.05
8.85
-18.01
1.14
8.52
-17.87
0.89
8.50
-17.13
14.67
8.78
-18.64
1.41
8.50
-18.61
14.31
8.65
-19.26
13.87
8.73
-19.77
1.68
8.46
-19.37
13.50
8.55
-20.34
2.16
8.46
-20.77
1.92
8.38
-20.07
13.03
8.37
-20.83
12.35
8.47
-21.22
11.56
8.52
-21.59
10.82
8.58
-21.87
2.41
8.48
-21.58
10.17
8.42
-22.11
9.40
8.46
-22.35
8.53
8.46
-22.62
7.77
8.42
-22.85
2.69
8.48
-22.37
7.12
8.60
-23.06
6.33
8.58
-23.28
5.45
8.57
-23.50
4.61
8.60
-23.67
4.03
8.79
-23.68
3.00
8.43
-23.05
4.24
8.20
-23.77
3.75
8.38
-23.71
3.30
8.34
-23.49
12.49
8.53
-2.25
12.12
8.71
-2.20
11.41
8.91
-2.11
10.49
9.00
-2.02
9.50
9.04
-1.97
8.52
9.06
-1.95
7.55
9.05
-1.98
6.66
9.02
-2.05
5.90
8.97
-2.19
5.38
8.90
-2.36
12.61
8.67
-2.53
12.34
9.10
-2.70
11.58
9.62
-2.61
10.53
9.72
-2.39
9.51
9.77
-2.28
8.52
9.78
-2.25
7.55
9.76
-2.26
6.64
9.72
-2.32
5.82
9.61
-2.47
5.07
9.34
-2.74
12.51
9.61
-3.34
12.04
9.84
-3.01
4.40
9.41
-3.29
3.82
9.45
-3.81
13.27
9.48
-4.75
12.90
9.65
-4.12
3.24
9.51
-4.37
2.59
9.60
-5.01
2.12
10.11
-5.30
13.54
9.61
-5.49
2.18
9.28
-5.70
1.77
10.05
-5.82
1.45
10.37
-6.07
14.20
9.46
-6.79
13.86
9.64
-6.21
1.94
9.09
-6.39
1.57
9.83
-6.58
1.37
10.30
-6.41
14.52
9.51
-7.52
1.81
8.94
-6.95
1.53
9.42
-7.44
14.80
9.71
-8.28
1.31
9.46
-8.46
16.54
8.93
-10.33
16.16
9.30
-10.04
15.63
9.54
-9.47
15.16
9.76
-8.97
1.07
9.48
-9.43
0.84
9.11
-9.98
16.69
9.01
-10.86
16.37
9.57
-10.80
0.94
9.83
-10.10
0.68
9.45
-10.65
16.79
9.02
-11.59
16.51
9.65
-11.61
0.47
9.56
-11.61
16.83
8.98
-12.40
16.54
9.62
-12.50
0.37
9.61
-12.54
16.83
8.91
-13.09
16.57
9.38
-13.47
0.35
9.59
-13.49
16.40
9.36
-14.45
0.41
9.49
-14.46
16.16
9.40
-15.36
15.85
9.82
-15.73
0.56
9.46
-15.41
16.02
9.19
-16.05
15.68
9.60
-16.40
0.74
9.43
-16.28
15.26
9.60
-17.17
14.77
9.61
-17.87
1.21
9.47
-17.80
0.95
9.43
-17.06
14.31
9.53
-18.56
13.89
9.90
-18.91
1.49
9.47
-18.58
14.05
9.24
-19.12
13.57
9.61
-19.56
13.10
10.03
-19.95
2.01
9.84
-19.95
1.80
9.46
-19.43
13.18
9.25
-20.27
12.79
9.83
-20.41
2.17
9.49
-20.57
1.96
9.11
-20.03
12.84
9.02
-20.71
12.30
9.47
-20.96
11.46
9.50
-21.44
10.60
9.52
-21.83
10.00
9.87
-22.04
2.45
9.48
-21.50
10.07
9.15
-22.08
9.44
9.50
-22.29
8.43
9.47
-22.67
7.86
9.13
-22.86
2.75
9.44
-22.33
7.90
9.75
-22.87
7.34
9.50
-23.03
6.40
9.52
-23.27
5.49
9.51
-23.45
4.62
9.49
-23.54
3.82
9.39
-23.48
3.18
9.31
-23.09
3.57
8.88
-23.62
3.30
8.86
-23.46
12.32
10.78
-3.24
12.08
10.66
-3.22
11.52
10.41
-2.97
10.51
10.43
-2.75
9.51
10.46
-2.63
8.51
10.46
-2.58
7.54
10.44
-2.59
6.63
10.39
-2.65
5.80
10.31
-2.78
5.11
10.22
-3.02
12.38
10.74
-3.34
12.32
10.47
-3.50
11.98
10.25
-3.14
4.51
10.30
-3.44
3.90
10.31
-3.86
13.05
10.13
-4.91
12.68
10.45
-4.40
3.32
10.44
-4.32
2.66
10.54
-4.79
2.10
10.71
-5.17
13.21
10.46
-5.58
12.80
10.81
-5.07
1.67
10.76
-5.62
1.36
10.84
-6.07
14.02
10.05
-6.97
13.66
10.46
-6.55
1.33
10.34
-6.93
1.23
10.77
-6.65
14.21
10.24
-7.56
13.90
10.81
-7.35
1.26
10.45
-7.59
1.15
10.92
-7.23
14.46
10.61
-8.35
14.10
10.99
-7.90
1.21
10.45
-8.51
15.90
9.92
-10.21
15.51
10.18
-9.85
14.98
10.61
-9.35
1.12
10.48
-9.43
15.96
10.25
-10.80
15.52
10.62
-10.39
15.15
10.95
-10.07
1.02
10.52
-10.24
0.86
10.32
-10.89
16.13
10.30
-11.63
0.73
10.33
-11.68
16.13
10.38
-12.54
15.83
10.85
-12.88
0.65
10.38
-12.56
16.16
10.18
-13.49
15.79
10.83
-13.60
0.63
10.41
-13.50
16.09
10.07
-14.38
15.75
10.70
-14.48
0.67
10.43
-14.46
15.99
9.99
-15.06
15.68
10.46
-15.40
0.74
10.40
-15.41
15.39
10.46
-16.27
0.86
10.32
-16.26
15.01
10.46
-17.02
14.50
10.52
-17.75
14.08
10.89
-18.12
1.27
10.43
-17.67
1.03
10.30
-16.99
14.20
10.21
-18.31
13.81
10.60
-18.63
1.57
10.45
-18.48
13.38
10.56
-19.30
12.96
10.66
-19.84
2.06
10.58
-19.84
1.83
10.41
-19.21
12.55
10.61
-20.38
2.28
10.52
-20.61
12.04
10.50
-20.90
11.36
10.50
-21.35
10.63
10.52
-21.72
9.96
10.58
-22.00
2.52
10.48
-21.45
9.27
10.53
-22.30
8.40
10.54
-22.66
7.86
10.88
-22.85
2.82
10.44
-22.24
7.89
10.27
-22.87
7.34
10.52
-23.02
6.40
10.48
-23.24
5.50
10.47
-23.37
4.63
10.45
-23.39
3.85
10.42
-23.26
3.24
10.40
-22.87
12.28
10.89
-3.27
12.00
10.91
-3.32
11.35
10.99
-3.27
10.45
11.07
-3.12
9.48
11.11
-3.01
8.50
11.11
-2.96
7.53
11.07
-2.97
6.61
11.02
-3.02
5.79
10.92
-3.12
5.19
10.81
-3.25
12.31
10.90
-3.39
12.08
11.01
-3.66
11.33
11.52
-3.79
10.40
11.70
-3.58
9.44
11.76
-3.45
8.48
11.73
-3.39
7.51
11.68
-3.40
6.57
11.58
-3.45
5.68
11.44
-3.54
4.76
11.18
-3.72
4.06
10.98
-3.96
12.26
11.19
-4.42
11.72
11.76
-4.45
4.29
11.61
-4.18
3.58
11.36
-4.39
2.75
11.39
-4.80
2.12
11.44
-5.16
12.96
11.30
-5.88
12.48
11.50
-5.23
11.96
11.98
-5.01
1.64
11.48
-5.59
1.31
11.51
-6.10
13.33
11.37
-6.61
1.14
11.53
-6.72
13.65
11.57
-7.35
1.14
11.14
-7.88
1.08
11.57
-7.49
14.28
11.56
-8.61
13.96
11.58
-7.98
1.12
11.41
-8.58
1.06
11.85
-8.14
14.66
11.57
-9.50
1.12
11.45
-9.54
15.76
10.73
-11.09
15.44
11.07
-10.89
14.99
11.61
-10.49
1.09
11.43
-10.59
0.97
10.94
-11.05
15.82
10.81
-11.63
15.47
11.28
-11.63
15.07
11.88
-11.50
1.09
11.73
-11.58
0.92
11.04
-11.70
15.84
10.85
-12.22
15.53
11.30
-12.53
15.12
11.97
-12.41
1.09
11.85
-12.50
0.89
11.13
-12.55
15.39
11.53
-13.53
15.11
12.03
-13.15
1.08
11.91
-13.38
0.88
11.21
-13.47
15.40
11.41
-14.50
1.07
11.93
-14.10
0.91
11.38
-14.44
15.32
11.31
-15.39
1.08
11.89
-15.83
0.94
11.35
-15.45
15.13
11.26
-16.19
1.14
11.80
-16.51
0.99
11.12
-16.30
14.83
11.27
-16.85
14.40
11.42
-17.41
13.94
11.55
-17.97
1.31
11.47
-17.38
1.09
10.97
-16.91
13.54
11.47
-18.57
1.94
11.87
-18.96
1.69
11.48
-18.42
13.18
11.38
-19.16
12.79
11.46
-19.70
2.11
11.52
-19.61
1.88
11.14
-19.08
12.37
11.45
-20.30
2.37
11.51
-20.54
11.89
11.43
-20.84
11.28
11.45
-21.28
10.59
11.46
-21.67
9.95
11.42
-21.97
2.61
11.47
-21.41
9.29
11.49
-22.25
8.51
11.52
-22.56
7.82
11.58
-22.81
2.90
11.40
-22.16
7.14
11.46
-23.02
6.33
11.41
-23.19
5.48
11.39
-23.28
4.63
11.38
-23.26
3.88
11.36
-23.10
3.30
11.35
-22.74
10.99
12.09
-4.14
10.32
12.39
-4.09
9.38
12.47
-3.94
8.43
12.35
-3.85
7.48
12.27
-3.89
6.54
12.13
-3.93
5.68
11.98
-3.99
4.99
11.82
-4.05
11.28
12.32
-4.63
10.70
12.75
-4.61
9.04
12.90
-4.23
8.37
12.89
-4.28
7.42
12.90
-4.46
6.46
12.65
-4.45
5.55
12.47
-4.49
4.59
12.23
-4.51
3.60
12.28
-4.82
2.77
12.16
-5.01
2.16
12.13
-5.28
12.79
11.88
-6.11
12.37
12.19
-5.79
11.66
12.67
-5.38
11.02
12.98
-5.07
6.98
13.22
-4.86
6.33
13.12
-4.93
5.49
13.02
-5.02
4.62
12.87
-5.06
3.91
12.80
-5.13
1.72
12.20
-5.69
1.36
12.19
-6.16
13.02
12.12
-6.65
12.52
12.71
-6.44
12.01
13.00
-6.07
1.18
12.29
-6.77
13.74
12.83
-8.08
13.40
12.52
-7.46
12.86
12.95
-7.02
1.08
12.41
-7.53
14.06
12.50
-8.60
13.82
12.20
-8.01
1.09
12.15
-8.84
1.06
12.56
-8.39
14.40
12.51
-9.55
1.12
12.45
-9.57
1.07
12.85
-9.06
14.63
12.55
-10.51
1.17
12.46
-10.59
14.73
12.64
-11.49
1.22
12.58
-11.55
14.78
12.67
-12.47
1.26
12.65
-12.50
15.11
12.06
-13.87
14.84
12.58
-13.50
1.27
12.63
-13.46
15.08
12.06
-14.58
14.76
12.69
-14.49
1.21
12.49
-14.45
1.05
11.94
-14.71
15.01
12.02
-15.40
14.67
12.68
-15.39
1.20
12.51
-15.49
1.05
11.94
-15.23
14.87
11.95
-16.15
14.52
12.57
-16.21
1.26
12.71
-16.49
1.27
13.09
-16.78
14.69
11.87
-16.71
14.26
12.30
-17.02
13.70
12.37
-17.78
1.44
12.64
-17.35
1.33
13.07
-17.09
13.23
12.31
-18.51
12.82
12.66
-18.88
2.00
12.60
-18.86
1.73
12.47
-18.19
13.02
12.02
-19.05
12.63
12.32
-19.47
2.24
12.53
-19.64
12.21
12.27
-20.20
2.48
12.50
-20.53
11.78
12.25
-20.75
11.21
12.38
-21.18
10.47
12.44
-21.66
9.95
12.12
-21.95
2.74
12.45
-21.40
9.96
12.81
-21.92
9.41
12.48
-22.17
8.52
12.48
-22.49
7.70
12.45
-22.75
3.02
12.29
-22.13
7.02
12.28
-22.97
6.28
12.25
-23.10
5.46
12.25
-23.15
4.63
12.23
-23.11
3.90
12.20
-22.94
3.37
12.17
-22.64
10.04
12.87
-4.32
9.61
12.89
-4.23
10.15
13.26
-4.73
9.35
13.29
-4.55
8.53
13.41
-4.67
7.78
13.48
-4.86
3.26
12.76
-5.20
2.70
12.71
-5.31
2.22
12.61
-5.45
11.29
13.50
-5.75
10.69
13.50
-5.26
7.18
13.66
-5.18
6.39
13.63
-5.38
5.47
13.62
-5.59
4.51
13.41
-5.58
3.56
13.22
-5.56
2.68
13.18
-5.76
1.94
12.88
-5.93
1.49
12.71
-6.24
12.33
13.31
-6.66
11.84
13.61
-6.38
5.13
14.00
-6.03
4.41
13.94
-6.12
3.54
13.85
-6.19
2.67
13.79
-6.38
1.86
13.58
-6.72
1.37
12.96
-6.78
13.67
13.44
-8.20
13.24
13.47
-7.70
12.63
13.60
-7.15
12.13
13.89
-6.88
1.47
13.81
-7.47
1.21
13.19
-7.52
13.97
13.41
-8.80
1.29
13.96
-8.04
1.13
13.52
-8.39
14.22
13.40
-9.62
1.13
13.32
-9.87
1.09
13.51
-9.23
14.38
13.42
-10.54
1.20
13.35
-10.66
14.44
13.46
-11.50
1.30
13.47
-11.55
14.44
13.48
-12.49
1.42
13.53
-12.52
14.44
13.42
-13.50
1.48
13.48
-13.49
14.38
13.40
-14.47
1.47
13.44
-14.45
14.30
13.34
-15.38
1.44
13.49
-15.41
14.15
13.25
-16.19
1.39
13.51
-16.27
1.33
13.50
-16.74
13.88
13.15
-16.89
13.33
13.26
-17.57
12.69
13.80
-17.91
12.27
14.15
-18.17
1.89
13.85
-18.03
1.63
13.48
-17.57
1.41
13.49
-17.11
13.06
12.98
-18.24
12.59
13.32
-18.65
12.10
13.98
-18.73
2.05
13.53
-18.65
1.81
13.16
-18.13
12.27
13.12
-19.45
11.86
13.81
-19.48
2.33
13.52
-19.58
11.96
12.99
-20.16
11.59
13.62
-20.22
2.60
13.51
-20.50
11.69
12.87
-20.65
11.22
13.30
-20.91
10.54
13.37
-21.48
3.31
13.92
-21.88
2.95
13.50
-21.46
9.93
13.47
-21.86
9.26
13.43
-22.14
8.40
13.44
-22.41
7.38
13.40
-22.67
6.41
13.71
-22.76
5.50
13.81
-22.76
4.61
13.80
-22.64
3.75
13.67
-22.35
3.25
13.07
-22.16
6.91
12.91
-22.89
6.28
12.99
-22.96
5.46
13.03
-22.98
4.63
13.02
-22.90
3.90
12.93
-22.73
3.46
12.75
-22.56
9.92
13.81
-5.08
9.33
13.88
-5.02
8.60
13.93
-5.07
7.98
13.92
-5.17
10.93
14.20
-6.03
10.24
14.18
-5.59
9.39
14.40
-5.53
8.54
14.42
-5.54
7.55
14.30
-5.64
6.56
14.16
-5.81
5.84
14.07
-5.93
11.44
14.32
-6.56
7.17
14.73
-6.15
6.43
14.62
-6.29
5.50
14.44
-6.38
4.50
14.52
-6.70
3.57
14.43
-6.76
2.73
14.47
-6.98
2.07
14.34
-7.18
13.58
14.00
-8.34
13.17
14.27
-8.04
12.54
14.35
-7.54
11.93
14.46
-7.10
4.19
14.86
-7.17
3.57
14.85
-7.24
2.98
14.86
-7.32
1.70
14.44
-7.70
13.76
14.23
-8.86
13.40
14.59
-8.55
1.41
14.48
-8.30
1.21
14.31
-8.83
14.02
14.21
-9.67
1.14
13.92
-10.05
1.15
14.30
-9.64
14.14
14.22
-10.55
1.20
14.10
-10.66
1.19
14.64
-10.45
14.17
14.25
-11.48
1.34
14.40
-11.49
1.25
14.81
-11.07
14.08
14.34
-12.49
13.78
14.84
-12.84
1.91
15.04
-12.98
1.61
14.53
-12.53
14.05
14.18
-13.51
13.66
14.81
-13.56
1.99
15.00
-13.61
1.72
14.32
-13.52
13.96
14.10
-14.48
13.42
14.79
-14.53
12.98
15.12
-14.97
2.01
15.00
-14.34
1.74
14.31
-14.43
13.89
13.96
-15.38
13.40
14.50
-15.45
12.90
14.94
-15.61
1.99
15.05
-14.94
1.76
14.52
-15.39
13.78
13.81
-16.15
13.32
14.25
-16.25
12.77
14.72
-16.37
1.62
14.32
-16.43
1.43
13.91
-16.74
13.67
13.66
-16.69
13.24
13.92
-16.95
12.58
14.43
-17.23
12.04
14.65
-17.87
1.99
14.52
-17.88
1.71
14.26
-17.21
1.47
13.89
-17.03
11.68
14.63
-18.64
2.21
14.51
-18.66
11.45
14.47
-19.46
2.43
14.50
-19.54
11.22
14.30
-20.22
2.67
14.50
-20.43
10.91
14.14
-20.85
10.40
14.18
-21.33
3.33
14.56
-21.78
2.97
14.51
-21.25
9.86
14.19
-21.73
9.21
14.27
-21.99
8.37
14.38
-22.21
7.42
14.45
-22.43
6.46
14.58
-22.54
5.52
14.64
-22.55
4.63
14.65
-22.44
3.84
14.60
-22.17
10.73
14.69
-6.30
10.18
14.85
-6.17
9.40
14.98
-6.08
8.58
14.94
-6.04
7.88
14.84
-6.06
11.02
14.94
-6.77
10.30
15.45
-6.84
9.38
15.59
-6.72
8.47
15.44
-6.59
7.51
15.21
-6.58
6.52
15.14
-6.86
5.59
14.98
-6.98
4.87
14.90
-7.09
2.50
14.85
-7.39
2.16
14.77
-7.47
12.92
14.84
-8.23
12.37
15.00
-7.90
11.57
15.21
-7.47
10.81
15.79
-7.49
9.05
15.98
-7.09
8.39
15.93
-7.13
7.52
15.83
-7.29
6.52
15.74
-7.63
5.50
15.43
-7.64
4.53
15.21
-7.59
3.61
15.23
-7.76
2.73
15.20
-7.84
2.02
15.02
-7.97
13.60
14.79
-9.11
13.12
15.17
-8.84
12.39
15.51
-8.46
11.69
15.80
-8.16
11.13
16.09
-8.01
6.12
16.07
-8.38
5.35
15.80
-8.35
4.51
15.64
-8.35
3.69
15.60
-8.41
2.98
15.61
-8.48
1.62
15.09
-8.70
1.32
14.83
-9.05
13.76
14.86
-9.73
13.35
15.38
-9.71
5.85
16.26
-8.93
5.25
16.11
-9.00
4.48
15.97
-9.04
3.71
15.89
-9.05
3.12
15.84
-9.00
1.56
15.39
-9.50
1.28
14.98
-9.65
13.86
14.89
-10.55
13.47
15.46
-10.57
1.53
15.55
-10.13
1.32
15.26
-10.44
13.88
14.90
-11.40
13.50
15.44
-11.47
1.42
15.03
-11.63
1.35
15.29
-11.23
13.86
14.88
-12.11
13.51
15.31
-12.44
2.13
15.59
-12.79
1.69
15.32
-12.12
1.49
15.48
-11.69
13.30
15.36
-13.35
2.30
15.67
-13.57
13.04
15.40
-14.13
12.59
15.61
-14.76
12.11
16.03
-14.97
2.30
15.66
-14.35
12.42
15.42
-15.60
11.93
15.93
-15.65
2.21
15.64
-15.06
2.04
15.43
-15.70
12.28
15.21
-16.37
11.78
15.71
-16.49
2.14
15.73
-17.02
1.97
15.35
-16.53
12.17
15.01
-17.02
11.65
15.38
-17.44
2.16
15.44
-17.65
1.93
15.03
-17.12
11.14
15.42
-18.49
10.49
15.94
-18.88
10.02
16.23
-19.18
2.36
15.46
-18.59
10.97
15.09
-19.46
10.42
15.59
-19.61
9.89
16.02
-19.73
2.54
15.46
-19.51
10.81
14.86
-20.22
10.29
15.30
-20.36
9.70
15.78
-20.43
2.74
15.46
-20.41
10.66
14.67
-20.76
10.13
14.90
-21.07
9.38
15.49
-21.16
8.75
15.69
-21.46
3.34
15.19
-21.71
3.05
15.49
-21.26
9.78
14.72
-21.55
9.21
14.97
-21.69
8.38
15.30
-21.88
7.41
15.39
-22.15
6.45
15.46
-22.32
5.51
15.51
-22.37
4.62
15.52
-22.28
3.77
15.52
-22.00
3.35
15.83
-21.68
10.05
15.95
-7.20
9.61
15.99
-7.11
10.22
16.34
-7.73
9.35
16.36
-7.50
8.50
16.43
-7.65
7.66
16.41
-7.91
6.97
16.22
-8.04
2.41
15.48
-8.26
2.11
15.40
-8.31
12.81
15.71
-9.18
12.31
15.99
-9.01
11.64
16.33
-8.77
10.88
16.64
-8.43
7.36
16.68
-8.42
6.73
16.51
-8.63
2.51
15.68
-8.74
2.02
15.53
-8.80
12.90
15.87
-9.78
12.34
16.31
-9.71
11.65
16.85
-9.55
11.13
17.00
-9.04
6.15
16.67
-9.37
5.30
16.48
-9.65
4.45
16.29
-9.74
3.60
16.14
-9.71
2.76
15.94
-9.49
2.01
15.73
-9.55
12.99
15.97
-10.59
12.44
16.45
-10.58
11.88
16.99
-10.55
6.00
17.02
-10.09
5.32
16.90
-10.43
4.42
16.63
-10.52
3.54
16.40
-10.52
2.68
16.15
-10.47
1.89
15.86
-10.43
1.52
15.66
-10.72
13.02
15.98
-11.49
12.49
16.49
-11.50
11.97
17.03
-11.50
5.06
17.13
-11.08
4.37
16.96
-11.32
3.51
16.63
-11.35
2.68
16.29
-11.39
1.96
15.97
-11.25
1.55
15.70
-11.23
13.00
15.92
-12.41
12.48
16.44
-12.43
11.95
16.99
-12.46
4.11
17.09
-11.92
3.49
16.83
-12.14
2.67
16.32
-12.44
1.94
15.87
-11.88
1.59
15.73
-11.63
12.90
15.86
-13.24
12.42
16.32
-13.31
11.88
16.86
-13.44
3.07
16.86
-13.88
2.75
16.42
-13.53
12.80
15.79
-13.84
12.41
16.07
-14.11
11.82
16.56
-14.50
3.00
16.88
-14.47
2.65
16.35
-14.40
11.43
16.58
-15.53
11.01
16.99
-15.87
2.91
16.90
-15.05
2.54
16.39
-15.23
2.28
16.16
-15.82
11.30
16.32
-16.47
10.87
16.88
-16.54
2.36
16.32
-16.91
2.23
16.14
-16.38
11.12
16.11
-17.32
10.66
16.73
-17.34
2.47
16.36
-17.66
10.87
16.03
-18.02
10.34
16.55
-18.22
9.67
16.75
-18.95
9.14
17.10
-19.19
2.57
16.35
-18.57
9.40
16.49
-19.70
8.88
16.96
-19.73
2.68
16.35
-19.49
9.16
16.26
-20.40
8.49
16.77
-20.48
7.91
16.98
-20.85
2.82
16.35
-20.36
9.00
16.01
-20.95
8.42
16.23
-21.21
7.73
16.67
-21.32
3.04
16.37
-21.12
8.06
15.95
-21.68
7.32
16.26
-21.82
6.39
16.32
-22.06
5.48
16.35
-22.18
4.63
16.36
-22.14
3.88
16.38
-21.96
3.37
16.44
-21.63
9.96
16.91
-8.13
9.34
16.96
-8.08
8.60
16.95
-8.17
7.98
16.83
-8.25
10.30
17.36
-8.69
9.46
17.53
-8.66
8.58
17.50
-8.83
7.70
17.09
-8.77
7.08
16.92
-8.97
11.22
17.55
-9.76
10.85
17.49
-9.18
8.20
17.84
-9.48
7.53
17.48
-9.48
6.82
17.15
-9.57
11.43
17.61
-10.59
7.99
18.06
-10.00
7.39
17.84
-10.15
6.52
17.53
-10.45
5.77
17.32
-10.79
11.50
17.63
-11.50
6.20
17.81
-11.18
5.47
17.57
-11.46
4.77
17.33
-11.70
11.45
17.62
-12.46
5.14
17.77
-12.11
4.48
17.48
-12.29
3.73
17.23
-12.82
3.15
16.82
-12.87
11.30
17.55
-13.48
10.91
17.93
-13.88
3.46
17.24
-13.66
3.11
16.85
-13.35
11.27
17.25
-14.44
10.81
17.80
-14.60
3.40
17.37
-14.54
11.14
17.12
-15.16
10.74
17.53
-15.52
3.20
17.35
-15.46
2.69
16.84
-15.81
2.43
16.57
-15.97
10.49
17.48
-16.43
3.21
17.54
-16.42
2.68
16.93
-16.60
2.41
16.59
-16.31
10.25
17.38
-17.23
3.24
17.64
-17.16
2.87
17.19
-17.57
9.95
17.30
-17.92
9.44
17.43
-18.45
8.86
17.59
-18.92
2.87
17.14
-18.56
8.46
17.48
-19.54
2.92
17.12
-19.48
8.06
17.38
-20.15
7.47
17.44
-20.66
6.86
17.68
-20.83
3.00
17.10
-20.34
7.21
17.14
-21.27
6.62
17.47
-21.29
3.16
17.08
-21.06
6.95
16.87
-21.66
6.27
17.10
-21.75
5.42
17.08
-21.93
4.62
17.09
-21.95
3.92
17.08
-21.82
3.43
17.07
-21.56
10.62
18.35
-9.47
10.32
18.13
-9.20
9.59
18.18
-9.21
8.96
18.00
-9.20
10.88
18.17
-9.79
10.71
17.97
-9.35
9.28
18.49
-9.71
8.71
18.23
-9.67
11.05
18.19
-10.60
9.04
18.66
-10.22
8.36
18.48
-10.41
7.53
18.25
-10.69
6.89
18.04
-10.92
11.09
18.21
-11.47
8.12
18.71
-11.08
7.48
18.58
-11.31
6.62
18.34
-11.63
5.85
18.06
-11.89
10.98
18.25
-12.40
10.61
18.55
-12.81
6.27
18.66
-12.47
5.48
18.25
-12.58
4.68
17.93
-12.92
4.14
17.67
-13.16
10.97
18.09
-13.15
10.58
18.41
-13.57
6.13
18.94
-13.13
5.49
18.75
-13.57
4.68
18.24
-13.69
4.05
17.79
-13.76
10.31
18.47
-14.55
9.88
18.87
-14.90
5.19
18.90
-14.54
4.57
18.42
-14.56
3.96
17.92
-14.58
10.24
18.24
-15.52
9.79
18.81
-15.58
5.05
18.98
-15.40
4.49
18.54
-15.48
3.85
18.00
-15.49
10.07
18.12
-16.40
9.60
18.72
-16.40
5.01
19.02
-16.08
4.54
18.68
-16.45
3.81
18.10
-16.46
9.85
17.98
-17.18
9.27
18.56
-17.28
8.66
18.74
-17.77
4.49
18.62
-17.44
3.70
18.08
-17.49
3.25
17.71
-17.89
9.70
17.79
-17.72
9.22
18.05
-18.00
8.37
18.34
-18.48
7.39
18.62
-18.73
6.50
18.75
-18.80
5.62
18.75
-18.72
4.74
18.60
-18.43
3.86
18.18
-18.51
3.28
17.73
-18.61
7.99
17.98
-19.35
7.28
18.25
-19.46
6.45
18.41
-19.58
5.55
18.48
-19.56
4.67
18.40
-19.47
3.89
18.13
-19.46
3.31
17.71
-19.49
7.79
17.77
-19.89
7.26
17.90
-20.13
6.44
18.04
-20.44
5.49
18.22
-20.39
4.64
18.21
-20.35
3.90
18.02
-20.33
3.35
17.66
-20.33
6.09
17.81
-21.14
5.37
17.96
-21.11
4.61
17.98
-21.08
3.92
17.86
-21.06
3.43
17.58
-21.03
5.90
17.56
-21.56
5.32
17.62
-21.61
4.60
17.63
-21.62
3.95
17.58
-21.56
3.53
17.48
-21.45
10.55
18.57
-9.57
10.28
18.56
-9.49
9.89
18.55
-9.48
10.63
18.59
-9.94
10.24
18.75
-9.95
9.73
18.72
-9.89
10.67
18.63
-10.62
10.16
18.85
-10.64
9.44
18.87
-10.60
8.78
18.82
-10.84
10.68
18.65
-11.41
10.14
18.92
-11.50
9.38
19.05
-11.53
8.49
19.00
-11.55
7.67
18.93
-11.84
7.05
18.79
-12.01
10.66
18.64
-12.09
10.18
18.89
-12.47
9.34
19.20
-12.50
8.48
19.29
-12.47
7.65
19.23
-12.54
6.90
19.04
-12.59
10.02
18.93
-13.44
9.23
19.37
-13.58
8.39
19.54
-13.33
7.56
19.53
-13.30
6.67
19.34
-13.40
6.03
19.30
-13.96
9.96
18.92
-14.18
9.48
19.27
-14.56
5.73
19.35
-14.68
9.35
19.30
-15.48
5.58
19.38
-15.49
9.17
19.26
-16.28
5.49
19.33
-16.37
5.02
19.03
-16.74
8.86
19.20
-16.96
8.25
19.23
-17.45
7.43
19.42
-17.52
6.63
19.45
-17.47
5.81
19.33
-17.23
5.09
19.01
-17.36
8.01
18.91
-18.04
7.35
19.05
-18.13
6.55
19.11
-18.13
5.77
19.06
-18.03
5.17
18.92
-17.95
8.81
19.68
-14.09
8.25
19.80
-14.02
7.53
19.81
-14.02
6.82
19.72
-14.09
6.33
19.63
-14.25
8.86
19.70
-14.70
8.23
19.92
-14.73
7.52
19.99
-14.74
6.82
19.90
-14.76
6.23
19.70
-14.79
8.82
19.71
-15.47
8.20
19.96
-15.48
7.50
20.04
-15.49
6.79
19.96
-15.50
6.16
19.74
-15.51
8.73
19.66
-16.18
8.16
19.88
-16.21
7.48
19.97
-16.23
6.77
19.91
-16.24
6.13
19.71
-16.25
8.62
19.57
-16.69
8.15
19.67
-16.85
7.46
19.76
-16.90
6.75
19.75
-16.88
6.20
19.65
-16.82