11.60
23.59
-28.02
11.37
23.50
-27.99
11.11
23.52
-28.01
11.63
23.52
-28.30
11.42
23.41
-28.31
11.15
23.49
-28.31
11.61
23.50
-28.49
11.44
23.45
-28.52
11.25
23.44
-28.49
4.18
24.08
-21.78
4.15
24.06
-21.76
4.33
24.15
-22.08
4.25
24.11
-22.02
5.64
24.58
-23.32
5.26
24.47
-23.08
4.71
24.31
-22.67
4.45
24.20
-22.47
5.79
24.58
-23.63
5.36
24.43
-23.42
4.90
24.40
-23.14
4.58
24.27
-22.81
5.86
24.60
-24.01
5.50
24.55
-23.83
5.16
24.54
-23.61
7.27
24.67
-25.86
7.04
24.66
-25.86
11.55
24.27
-27.23
11.19
24.14
-27.13
10.65
24.12
-27.12
10.12
24.21
-27.13
7.31
24.62
-26.12
7.10
24.66
-26.11
11.65
23.98
-27.75
11.28
23.79
-27.63
10.80
23.82
-27.72
10.13
24.11
-27.58
11.72
23.87
-28.25
11.18
23.94
-28.55
10.83
23.86
-28.30
10.19
24.14
-28.03
11.65
23.73
-28.52
11.40
23.70
-28.60
11.16
23.61
-28.51
4.18
24.10
-21.79
4.15
24.08
-21.77
4.34
24.22
-22.09
4.25
24.15
-22.02
5.79
24.90
-23.35
5.32
24.79
-23.04
4.77
24.57
-22.75
4.46
24.29
-22.48
6.72
25.24
-24.20
6.21
25.00
-23.86
4.85
24.71
-23.22
4.57
24.38
-22.83
6.99
25.15
-24.72
6.26
24.91
-24.57
5.63
24.91
-24.26
5.18
24.89
-23.82
11.51
25.20
-26.39
11.07
25.09
-26.21
10.38
25.02
-26.11
9.53
25.00
-26.06
8.57
25.01
-25.90
7.53
24.96
-25.59
6.82
24.89
-25.60
11.65
24.85
-26.92
11.13
24.61
-26.68
10.46
24.53
-26.63
9.63
24.54
-26.75
8.59
24.71
-26.59
7.62
24.77
-26.37
7.02
24.93
-26.32
11.85
24.68
-27.66
9.49
24.44
-27.47
8.60
24.71
-27.34
7.78
24.91
-27.20
7.17
25.19
-27.11
11.74
24.45
-28.36
11.27
24.36
-28.64
10.56
24.42
-28.56
9.68
24.57
-28.22
8.67
24.91
-28.08
7.86
25.17
-27.91
7.35
25.35
-27.70
11.67
24.03
-28.55
11.48
24.00
-28.64
5.91
25.42
-23.36
5.48
25.35
-23.18
5.12
25.31
-23.18
6.88
25.70
-24.12
6.34
25.59
-23.71
5.07
25.48
-23.57
7.39
25.68
-24.60
6.05
25.19
-25.00
5.63
25.51
-24.80
5.23
25.58
-24.16
11.62
25.79
-26.20
11.09
25.69
-25.86
10.37
25.61
-25.68
9.54
25.56
-25.56
8.69
25.53
-25.40
7.93
25.52
-25.11
6.30
25.29
-25.64
5.91
25.80
-25.58
11.94
25.69
-26.83
6.51
25.42
-26.36
6.16
25.87
-26.27
12.11
25.59
-27.67
6.68
25.76
-27.12
6.32
25.95
-26.76
11.96
25.44
-28.64
11.26
25.07
-29.00
10.46
24.99
-29.04
9.58
25.08
-28.92
8.66
25.32
-28.79
7.78
25.67
-28.59
7.15
25.81
-27.97
11.95
25.85
-29.55
11.25
25.55
-29.66
10.44
25.46
-29.67
9.58
25.52
-29.60
8.74
25.73
-29.50
8.02
26.01
-29.36
11.93
26.12
-30.36
11.25
25.91
-30.40
10.46
25.86
-30.34
9.62
25.93
-30.25
8.79
26.19
-30.18
8.17
26.30
-29.88
11.91
26.36
-31.04
11.29
26.29
-31.12
10.49
26.28
-30.97
9.71
26.33
-30.80
9.12
26.42
-30.65
11.92
26.56
-31.43
11.59
26.53
-31.49
5.93
25.89
-23.41
5.59
25.93
-23.35
5.29
25.89
-23.39
6.97
26.36
-24.08
6.28
26.32
-23.71
5.70
26.57
-23.63
5.25
26.41
-23.77
11.51
27.14
-25.44
11.05
27.04
-25.22
10.34
26.96
-25.05
9.51
26.88
-24.91
8.63
26.76
-24.75
7.73
26.45
-24.52
5.47
26.21
-24.95
5.22
26.54
-24.47
11.72
26.71
-25.90
11.10
26.40
-25.53
10.36
26.27
-25.33
9.55
26.19
-25.19
8.75
26.11
-25.05
8.13
26.02
-24.89
5.85
27.05
-26.12
5.66
26.66
-25.60
5.31
26.94
-25.03
12.15
26.65
-26.68
6.09
26.90
-26.63
6.01
26.41
-26.34
12.80
27.12
-28.11
12.48
26.65
-27.66
6.44
26.60
-27.30
6.23
26.30
-26.82
12.87
27.05
-28.75
12.50
26.36
-28.63
7.38
26.21
-28.80
6.93
26.60
-28.35
12.90
27.05
-29.55
12.50
26.42
-29.52
7.56
26.46
-29.36
7.18
26.93
-29.19
12.87
27.09
-30.35
12.46
26.54
-30.35
8.42
26.76
-30.46
7.83
26.82
-29.98
7.39
27.10
-29.70
12.76
27.17
-31.04
12.36
26.71
-31.05
11.10
26.64
-31.48
10.49
26.86
-31.45
9.64
26.88
-31.17
8.94
26.88
-30.86
12.59
27.27
-31.46
12.15
26.99
-31.56
11.49
26.95
-31.70
10.96
27.12
-31.74
6.96
27.01
-24.08
6.41
27.19
-23.91
5.75
27.61
-23.82
5.16
27.60
-23.92
11.59
27.74
-25.38
11.05
27.73
-25.07
10.33
27.70
-24.87
9.47
27.67
-24.74
8.53
27.60
-24.58
7.50
27.48
-24.33
6.69
27.84
-24.09
6.15
28.05
-23.96
5.01
27.60
-24.45
11.99
27.67
-25.88
12.13
27.89
-25.98
5.80
27.64
-26.17
5.49
27.59
-25.62
5.16
27.66
-25.04
12.29
27.63
-26.46
12.23
27.88
-26.18
6.08
27.60
-26.77
12.93
27.75
-28.00
12.64
27.62
-27.30
6.37
27.53
-27.50
13.10
27.76
-28.74
6.70
27.55
-28.38
13.19
27.76
-29.56
7.00
27.65
-29.19
13.17
27.76
-30.37
8.27
27.31
-30.65
7.79
27.63
-30.33
7.31
27.63
-29.80
13.02
27.78
-31.07
10.24
27.61
-31.68
9.49
27.60
-31.40
8.70
27.62
-31.02
8.17
27.93
-30.77
12.72
27.81
-31.57
12.20
27.73
-31.82
11.54
27.69
-31.93
10.88
27.70
-31.88
4.46
29.35
-23.18
4.27
29.50
-23.19
5.48
28.66
-23.76
4.79
28.83
-23.67
4.33
29.31
-23.61
11.63
28.48
-25.35
11.07
28.50
-25.02
10.33
28.50
-24.82
9.46
28.50
-24.69
8.53
28.50
-24.57
7.60
28.53
-24.39
6.77
28.65
-24.18
6.09
28.72
-23.97
4.68
28.67
-24.39
4.36
29.20
-24.09
12.06
28.41
-25.85
12.15
28.15
-25.97
5.72
28.33
-26.23
5.37
28.44
-25.72
4.96
28.55
-25.09
12.37
28.41
-26.39
12.25
28.15
-26.16
6.00
28.33
-26.82
13.05
28.57
-27.92
12.74
28.50
-27.17
6.27
28.38
-27.55
13.28
28.59
-28.71
6.57
28.49
-28.38
13.42
28.58
-29.56
7.24
28.87
-29.80
6.96
28.53
-29.29
13.41
28.53
-30.38
7.59
28.54
-30.26
7.24
28.23
-29.82
13.24
28.53
-31.10
10.11
28.36
-31.82
9.44
28.39
-31.57
8.75
28.51
-31.23
8.14
28.58
-30.82
12.87
28.59
-31.64
12.26
28.56
-31.95
11.52
28.52
-32.05
10.76
28.48
-31.99
4.19
30.24
-21.84
4.13
30.24
-21.85
4.29
30.21
-22.16
4.16
30.24
-22.18
4.48
29.86
-22.77
4.18
29.98
-22.86
5.45
29.54
-23.56
4.90
29.56
-23.25
4.15
29.85
-23.55
11.64
29.27
-25.35
11.08
29.28
-25.05
10.34
29.30
-24.87
9.47
29.34
-24.75
8.57
29.40
-24.64
7.66
29.49
-24.48
6.81
29.53
-24.22
6.08
29.55
-23.91
4.51
29.26
-24.63
4.26
29.70
-24.27
12.07
29.37
-25.81
5.64
28.88
-26.32
5.29
29.28
-25.98
4.76
29.47
-25.22
4.41
29.85
-24.81
12.47
29.38
-26.41
5.85
29.01
-26.81
5.59
29.59
-26.65
13.18
29.46
-27.84
12.84
29.41
-27.11
6.10
29.18
-27.47
5.86
29.81
-27.28
13.46
29.50
-28.66
6.42
29.49
-28.25
6.11
29.92
-27.80
13.84
30.04
-29.90
13.66
29.52
-29.56
7.29
29.52
-29.75
6.88
29.46
-29.11
13.82
29.98
-30.48
13.64
29.32
-30.41
7.72
29.43
-30.34
13.70
29.96
-31.09
13.47
29.32
-31.12
10.03
28.96
-31.88
9.49
29.13
-31.71
8.85
29.44
-31.37
8.20
29.37
-30.88
13.50
29.98
-31.50
13.09
29.52
-31.67
12.32
29.44
-31.98
11.47
29.40
-32.08
10.51
29.36
-32.00
9.75
29.68
-31.84
9.24
29.83
-31.65
4.24
30.40
-21.84
4.15
30.39
-21.85
4.82
31.05
-22.35
4.45
30.68
-22.16
4.19
30.66
-22.18
5.08
30.85
-22.73
4.73
30.35
-22.63
4.10
30.65
-22.81
5.46
30.45
-23.29
5.00
30.10
-23.04
4.08
30.53
-23.53
11.62
29.90
-25.38
11.11
30.00
-25.17
10.36
30.08
-25.00
9.50
30.14
-24.88
8.63
30.25
-24.77
7.77
30.53
-24.60
6.86
30.46
-24.23
6.13
30.42
-23.83
4.17
30.42
-24.25
11.99
30.37
-25.75
11.25
30.72
-25.38
10.42
30.85
-25.18
9.54
30.90
-25.04
8.72
30.93
-24.91
8.18
30.93
-24.80
5.12
29.97
-26.04
4.79
30.39
-25.56
4.38
30.41
-24.88
12.56
30.29
-26.41
5.36
30.21
-26.54
5.14
30.71
-26.29
13.31
30.37
-27.70
12.95
30.26
-27.04
5.68
30.51
-27.14
5.38
30.80
-26.76
13.87
30.88
-28.99
13.65
30.45
-28.55
6.53
30.35
-28.36
6.10
30.44
-27.80
13.90
30.65
-29.63
13.77
30.20
-29.25
7.44
30.31
-29.65
6.96
30.25
-29.03
13.88
30.63
-30.41
8.40
30.60
-30.67
7.94
30.26
-30.34
13.74
30.56
-31.07
8.73
30.27
-31.15
8.25
29.99
-30.83
13.50
30.44
-31.52
13.04
30.29
-31.77
12.32
30.24
-31.96
11.48
30.23
-32.02
10.60
30.23
-31.95
9.84
30.30
-31.80
9.25
30.32
-31.58
4.97
31.67
-22.36
4.58
31.55
-22.20
4.29
31.49
-22.31
5.36
31.60
-22.76
4.22
32.00
-23.16
4.15
31.54
-22.85
5.76
31.36
-23.29
4.28
31.89
-23.69
4.13
31.26
-23.57
8.07
31.82
-24.81
7.64
31.52
-24.59
6.85
31.34
-24.18
6.24
31.25
-23.78
4.44
31.71
-24.43
4.22
31.09
-24.28
12.98
31.99
-26.13
12.33
31.54
-25.90
11.39
31.63
-25.52
10.47
31.68
-25.31
9.53
31.70
-25.14
8.59
31.67
-24.96
8.11
31.36
-24.82
4.73
31.37
-25.28
4.38
30.96
-24.83
13.22
31.68
-26.63
12.80
31.11
-26.46
6.08
32.11
-26.95
5.67
31.77
-26.67
5.21
31.41
-26.20
13.43
31.27
-27.36
13.06
30.89
-26.95
7.03
32.13
-27.96
6.46
31.85
-27.53
5.86
31.25
-27.20
5.44
31.16
-26.75
13.94
31.51
-28.79
13.75
31.30
-28.17
8.13
32.11
-29.03
7.46
31.85
-28.59
6.73
31.18
-28.26
6.20
30.96
-27.78
13.92
31.49
-29.56
9.11
32.03
-29.92
8.46
31.77
-29.63
7.68
31.14
-29.38
7.10
30.86
-28.91
13.82
31.33
-30.35
9.34
31.71
-30.47
8.64
31.19
-30.41
8.06
30.88
-30.07
13.58
31.20
-31.05
13.05
31.40
-31.32
12.34
31.49
-31.44
11.51
31.51
-31.45
10.65
31.47
-31.36
9.79
31.39
-31.11
9.09
30.93
-31.08
13.44
30.87
-31.48
13.02
30.90
-31.66
12.33
30.92
-31.78
11.50
30.93
-31.81
10.64
30.91
-31.74
9.88
30.87
-31.59
9.36
30.74
-31.48
5.15
32.50
-22.37
4.71
32.39
-22.24
4.40
32.25
-22.31
6.15
32.97
-23.04
5.69
32.53
-22.78
4.37
32.55
-23.03
4.29
32.30
-22.62
7.07
32.97
-23.95
6.54
32.76
-23.53
6.06
32.12
-23.33
4.51
32.60
-23.68
13.85
33.12
-25.73
13.66
33.02
-25.69
8.04
32.31
-24.76
7.53
32.54
-24.42
6.79
32.12
-23.98
6.33
31.84
-23.72
4.72
32.47
-24.44
13.86
33.08
-26.03
13.35
32.75
-25.94
12.41
32.59
-25.71
11.46
32.57
-25.51
10.50
32.58
-25.35
9.55
32.58
-25.19
8.59
32.57
-24.96
8.08
32.86
-24.74
5.93
33.05
-26.05
5.54
32.80
-25.70
5.06
32.34
-25.27
14.02
32.87
-26.68
13.61
32.33
-26.63
6.18
32.73
-26.61
5.64
32.33
-26.24
5.27
32.03
-25.92
14.12
32.66
-27.47
13.78
32.05
-27.35
7.20
32.74
-27.74
6.67
32.63
-27.24
14.07
32.37
-28.39
13.89
31.91
-27.98
9.16
32.99
-29.13
8.50
32.73
-28.86
7.77
32.70
-28.30
13.82
32.45
-29.41
13.20
32.84
-29.81
12.41
32.99
-29.96
11.52
33.01
-29.96
10.58
32.91
-29.85
9.56
32.62
-29.65
8.83
32.36
-29.37
13.62
31.96
-30.26
13.11
32.30
-30.39
12.37
32.45
-30.47
11.53
32.47
-30.48
10.68
32.38
-30.42
9.91
32.15
-30.36
13.49
31.71
-30.78
13.05
31.87
-30.91
12.35
31.98
-30.99
11.54
32.01
-30.99
10.73
31.95
-30.93
10.12
31.86
-30.83
5.32
33.40
-22.32
4.83
33.23
-22.35
4.50
32.78
-22.33
6.25
33.61
-22.86
5.78
33.42
-22.56
4.65
33.26
-22.81
4.42
32.80
-22.53
7.21
33.59
-23.84
6.71
33.58
-23.34
5.14
33.95
-23.96
4.84
33.47
-23.61
13.91
33.33
-25.71
13.70
33.27
-25.62
7.70
33.47
-24.33
5.33
33.80
-24.51
4.99
33.19
-24.38
14.53
34.14
-26.30
14.07
33.67
-26.01
13.42
33.53
-25.71
12.46
33.52
-25.57
11.50
33.51
-25.45
10.54
33.50
-25.33
9.62
33.48
-25.17
8.78
33.45
-24.95
8.18
33.46
-24.71
6.10
33.66
-25.83
5.59
33.49
-25.22
5.19
33.01
-24.97
14.71
34.08
-26.80
14.36
33.47
-26.71
7.07
33.88
-26.90
6.60
33.58
-26.53
14.77
34.02
-27.47
14.46
33.35
-27.47
7.35
33.54
-27.42
6.87
33.24
-27.07
14.68
33.99
-28.14
14.37
33.31
-28.26
10.08
33.93
-29.01
9.44
33.64
-28.89
8.65
33.55
-28.49
7.97
33.51
-28.02
14.50
34.01
-28.60
14.06
33.55
-28.95
13.30
33.60
-29.39
12.46
33.66
-29.55
11.55
33.66
-29.53
10.58
33.63
-29.35
9.85
33.29
-29.29
6.10
34.84
-22.25
5.62
34.42
-22.24
5.15
34.20
-22.36
6.40
34.45
-22.61
5.92
34.11
-22.42
4.98
34.18
-22.74
7.44
34.32
-23.68
6.92
34.32
-23.15
5.34
34.54
-23.78
5.07
34.28
-23.29
8.45
34.56
-24.46
7.97
34.25
-24.25
6.08
34.88
-24.91
5.68
34.56
-24.49
14.63
34.75
-26.24
14.10
34.58
-25.86
13.36
34.49
-25.61
12.47
34.46
-25.48
11.53
34.44
-25.37
10.58
34.41
-25.23
9.66
34.36
-25.03
8.82
34.27
-24.79
8.29
34.01
-24.63
6.32
34.53
-25.51
5.85
34.19
-25.07
14.92
34.77
-26.79
7.27
34.53
-26.75
6.80
34.44
-26.22
14.98
34.73
-27.46
7.69
34.36
-27.32
14.82
34.66
-28.11
10.26
34.54
-28.79
9.50
34.48
-28.51
8.76
34.34
-28.19
8.16
34.26
-27.82
14.55
34.50
-28.59
14.06
34.36
-28.91
13.34
34.35
-29.16
12.51
34.36
-29.25
11.66
34.35
-29.22
10.88
34.37
-29.07
6.18
36.00
-21.77
5.97
35.95
-21.79
6.33
35.61
-22.07
5.77
35.45
-22.14
5.34
34.87
-22.33
8.87
36.11
-23.17
8.35
35.90
-23.02
7.67
35.62
-22.82
6.93
35.32
-22.52
5.58
35.50
-22.67
5.24
34.88
-22.67
9.04
35.88
-23.63
8.44
35.49
-23.57
7.75
35.04
-23.41
7.18
34.91
-23.02
5.58
35.32
-23.40
5.25
34.86
-23.10
9.30
35.58
-24.21
8.65
35.08
-24.20
8.10
34.81
-23.98
6.29
35.52
-24.74
5.89
35.37
-24.15
14.74
35.56
-26.15
14.14
35.47
-25.74
13.37
35.39
-25.49
12.49
35.36
-25.35
11.57
35.33
-25.22
10.65
35.29
-25.02
9.73
35.21
-24.74
9.04
34.88
-24.63
7.28
35.82
-25.90
6.77
35.47
-25.47
15.09
35.59
-26.74
8.16
35.90
-26.82
7.58
35.45
-26.52
7.04
35.12
-26.08
15.11
35.53
-27.42
9.25
35.85
-27.70
8.60
35.68
-27.36
8.02
35.08
-27.24
14.80
35.46
-28.12
14.18
35.67
-28.47
13.40
35.74
-28.65
12.52
35.73
-28.69
11.60
35.63
-28.64
10.62
35.37
-28.52
9.60
35.38
-28.13
8.79
35.07
-27.86
8.30
34.82
-27.66
14.54
35.00
-28.54
14.08
35.03
-28.76
13.36
35.05
-28.93
12.53
35.05
-28.99
11.70
35.00
-28.95
11.05
34.93
-28.87
6.34
36.37
-21.72
6.08
36.32
-21.74
9.56
37.11
-22.63
9.11
36.99
-22.51
8.41
36.85
-22.32
7.63
36.66
-22.15
6.83
36.34
-21.99
5.96
36.21
-22.07
9.78
36.99
-22.99
9.17
36.55
-22.93
8.42
36.37
-22.62
7.71
36.16
-22.41
7.13
35.96
-22.25
5.90
36.22
-22.64
10.12
36.77
-23.57
9.55
36.33
-23.57
6.39
36.64
-23.74
6.01
36.23
-23.37
10.42
36.49
-24.18
9.84
36.08
-24.16
6.51
36.33
-24.38
6.10
36.00
-23.97
14.85
36.47
-25.96
14.19
36.32
-25.53
13.39
36.22
-25.29
12.52
36.16
-25.14
11.64
36.11
-24.98
10.78
36.10
-24.71
10.10
35.83
-24.59
8.04
36.86
-26.02
7.54
36.53
-25.70
6.97
36.33
-25.12
15.55
37.02
-26.90
15.31
36.57
-26.63
8.34
36.56
-26.53
7.80
36.19
-26.26
15.50
36.94
-27.29
15.31
36.37
-27.32
10.27
36.75
-27.69
9.59
36.46
-27.54
8.90
36.44
-27.10
15.37
36.85
-27.61
15.01
36.44
-27.83
14.27
36.42
-28.19
13.43
36.44
-28.35
12.53
36.42
-28.37
11.60
36.37
-28.29
10.66
36.31
-28.08
9.93
36.07
-27.94
6.41
36.70
-21.76
6.21
36.62
-21.76
9.67
37.36
-22.61
9.19
37.45
-22.44
8.42
37.34
-22.25
7.64
37.20
-22.14
6.81
36.99
-22.10
6.26
36.69
-22.06
10.80
37.79
-23.32
10.15
37.53
-23.01
9.61
37.70
-22.69
6.71
37.22
-22.68
6.24
36.78
-22.58
14.48
38.14
-24.55
14.04
38.06
-24.41
13.31
37.98
-24.27
12.42
37.88
-24.09
11.38
37.71
-23.78
10.67
37.25
-23.61
7.28
37.72
-23.83
6.76
37.24
-23.48
6.29
36.80
-23.12
14.65
37.90
-24.91
14.11
37.65
-24.73
13.36
37.50
-24.58
12.51
37.38
-24.44
11.65
37.21
-24.28
10.97
36.92
-24.18
7.40
37.61
-24.42
6.92
37.07
-24.29
14.92
37.43
-25.57
14.20
37.09
-25.18
13.40
36.93
-24.97
12.55
36.83
-24.83
11.74
36.73
-24.70
11.15
36.62
-24.57
8.30
37.46
-25.80
7.68
37.36
-25.17
7.16
36.95
-24.87
15.57
37.54
-26.72
15.39
37.39
-26.25
10.22
37.83
-26.91
9.60
37.67
-26.68
8.87
37.35
-26.41
15.44
37.50
-27.23
14.99
37.66
-27.48
14.30
37.72
-27.63
13.46
37.74
-27.69
12.54
37.71
-27.66
11.60
37.63
-27.54
10.60
37.41
-27.38
9.71
37.15
-27.15
9.14
36.99
-26.90
15.35
37.16
-27.57
14.98
37.10
-27.75
14.29
37.10
-27.94
13.45
37.11
-28.04
12.55
37.09
-28.03
11.67
37.02
-27.95
10.96
36.94
-27.83
9.02
37.79
-22.49
8.44
37.76
-22.41
7.75
37.65
-22.37
7.21
37.49
-22.33
10.79
38.07
-23.33
10.20
38.05
-23.12
9.39
38.05
-22.85
8.56
38.09
-22.82
7.80
37.94
-22.84
7.19
37.66
-22.73
14.53
38.42
-24.54
14.03
38.43
-24.34
13.30
38.42
-24.19
12.38
38.38
-24.02
11.29
38.31
-23.72
10.38
38.45
-23.53
9.50
38.47
-23.40
8.65
38.41
-23.41
7.81
38.14
-23.60
7.21
37.74
-23.25
14.84
38.34
-24.97
7.87
38.15
-24.36
15.46
38.38
-26.04
15.20
38.20
-25.66
9.31
38.44
-25.71
8.70
38.15
-25.54
8.12
38.09
-24.99
15.54
38.16
-26.44
15.47
37.95
-26.11
11.23
38.52
-26.66
10.52
38.31
-26.59
9.67
38.25
-26.20
9.05
37.96
-26.07
15.41
38.14
-26.91
14.99
38.21
-27.14
14.31
38.28
-27.25
13.47
38.30
-27.28
12.57
38.29
-27.23
11.64
38.26
-27.07
10.90
38.03
-27.04
14.49
38.67
-24.61
14.05
38.74
-24.50
13.32
38.79
-24.41
12.42
38.80
-24.31
11.43
38.78
-24.17
10.49
38.81
-24.06
9.60
38.78
-23.99
8.82
38.68
-23.96
8.27
38.53
-23.99
14.67
38.71
-25.00
14.13
38.92
-24.95
13.36
39.02
-24.89
12.45
39.05
-24.83
11.49
39.03
-24.77
10.54
38.98
-24.70
9.64
38.89
-24.63
8.87
38.75
-24.52
8.31
38.55
-24.43
15.36
38.62
-26.03
14.96
38.72
-25.70
14.25
38.98
-25.59
13.41
39.10
-25.54
12.49
39.11
-25.51
11.53
39.05
-25.48
10.58
38.95
-25.39
9.65
38.77
-25.34
8.87
38.60
-25.07
8.39
38.48
-24.84
15.39
38.58
-26.38
14.97
38.78
-26.28
14.29
38.93
-26.23
13.45
39.00
-26.21
12.54
38.98
-26.20
11.57
38.84
-26.24
10.64
38.74
-26.04
9.97
38.64
-25.88
15.34
38.50
-26.72
14.97
38.61
-26.76
14.30
38.70
-26.79
13.48
38.74
-26.80
12.63
38.72
-26.77
11.94
38.66
-26.73