0
1
3
4
3
1
0
32
1
33
1
32
0
3
32
36
32
3
1
2
5
1
5
4
1
33
34
1
34
2
2
34
5
38
5
34
3
4
7
3
7
6
3
6
40
3
40
36
4
5
7
8
7
5
5
38
42
5
42
8
6
7
40
41
40
7
7
8
42
7
42
41
9
10
12
9
12
11
9
43
44
9
44
10
9
11
45
9
45
43
10
44
12
46
12
44
11
12
16
11
16
15
11
15
49
11
49
45
12
46
16
50
16
46
13
14
18
13
18
17
13
47
48
13
48
14
13
17
52
13
52
47
14
15
18
19
18
15
14
48
15
49
15
48
15
16
20
15
20
19
16
50
20
54
20
50
17
18
22
17
22
21
17
21
56
17
56
52
18
19
22
23
22
19
19
20
54
19
54
53
19
53
58
19
58
23
21
22
57
21
57
56
22
23
57
58
57
23
24
25
30
31
30
25
24
64
25
65
25
64
24
30
64
71
64
30
25
65
72
25
72
31
26
27
32
33
32
27
26
66
27
67
27
66
26
32
66
73
66
32
27
28
34
27
34
33
27
67
68
27
68
28
28
29
34
35
34
29
28
68
29
69
29
68
29
69
74
29
74
35
30
31
71
72
71
31
32
36
73
78
73
36
34
35
38
39
38
35
35
74
81
35
81
39
36
40
78
85
78
40
37
41
42
37
42
38
37
38
80
37
80
79
37
79
86
37
86
41
38
39
80
81
80
39
40
41
85
86
85
41
43
45
46
43
46
44
45
49
50
45
50
46
47
87
88
47
88
48
47
52
91
47
91
87
48
88
49
89
49
88
49
53
54
49
54
50
49
89
92
49
92
53
51
52
56
51
56
55
51
90
91
51
91
52
51
55
93
51
93
90
53
92
96
53
96
58
55
56
65
55
65
64
55
64
102
55
102
93
56
57
94
95
94
57
56
94
65
103
65
94
57
58
96
57
96
95
59
60
67
59
67
66
59
97
98
59
98
60
59
66
105
59
105
97
60
61
67
68
67
61
60
98
61
99
61
98
61
62
69
61
69
68
61
99
100
61
100
62
62
63
69
70
69
63
62
100
63
101
63
100
63
64
71
63
71
70
63
101
102
63
102
64
65
103
106
65
106
72
66
73
105
108
105
73
69
70
75
69
75
74
70
71
75
76
75
71
71
72
77
71
77
76
72
106
77
109
77
106
73
78
111
73
111
108
74
75
81
82
81
75
75
76
83
75
83
82
76
77
83
84
83
77
77
109
117
77
117
84
78
85
79
86
79
85
78
79
111
112
111
79
79
80
113
79
113
112
80
81
113
114
113
81
81
82
115
81
115
114
82
83
115
116
115
83
83
84
117
83
117
116
87
137
138
87
138
88
87
91
141
87
141
137
88
138
89
139
89
138
89
139
143
89
143
92
90
140
91
141
91
140
90
93
140
149
140
93
92
143
96
151
96
143
93
102
157
93
157
149
94
95
103
104
103
95
95
96
151
95
151
150
95
150
159
95
159
104
97
152
153
97
153
98
97
105
161
97
161
152
98
153
99
154
99
153
99
154
155
99
155
100
100
155
101
156
101
155
101
156
157
101
157
102
103
104
107
103
107
106
104
159
107
163
107
159
105
108
165
105
165
161
106
107
109
110
109
107
107
163
167
107
167
110
108
111
165
169
165
111
109
110
167
109
167
166
109
166
171
109
171
117
111
112
119
111
119
118
111
118
173
111
173
169
112
113
119
120
119
113
113
114
121
113
121
120
114
115
121
122
121
115
115
116
123
115
123
122
116
117
170
171
170
117
116
170
123
174
123
170
118
119
124
125
124
119
118
124
173
177
173
124
119
120
126
119
126
125
120
121
126
127
126
121
121
122
128
121
128
127
122
123
128
129
128
123
123
174
179
123
179
129
124
125
130
131
130
125
124
130
177
182
177
130
125
126
132
125
132
131
126
127
132
133
132
127
127
128
134
127
134
133
128
129
178
179
178
129
128
178
134
186
134
178
130
131
135
136
135
131
130
135
182
188
182
135
131
132
184
131
184
183
131
183
189
131
189
136
132
133
184
185
184
133
133
134
186
133
186
185
135
136
189
135
189
188
137
141
142
137
142
138
138
142
139
143
139
142
140
191
141
192
141
191
140
149
191
200
191
149
141
192
193
141
193
142
142
193
143
194
143
193
143
194
203
143
203
151
144
145
152
153
152
145
144
195
145
196
145
195
144
152
195
204
195
152
145
146
154
145
154
153
145
196
197
145
197
146
146
147
154
155
154
147
146
197
147
198
147
197
147
148
156
147
156
155
147
198
199
147
199
148
148
149
156
157
156
149
148
199
149
200
149
199
150
151
159
160
159
151
151
203
208
151
208
160
152
161
204
209
204
161
158
162
159
163
159
162
158
159
206
207
206
159
158
206
162
211
162
206
159
160
208
159
208
207
161
165
213
161
213
209
162
166
163
167
163
166
162
211
166
214
166
211
164
165
168
169
168
165
164
212
165
213
165
212
164
168
212
215
212
168
166
214
171
216
171
214
168
169
172
173
172
169
168
172
215
217
215
172
170
171
174
175
174
171
171
216
218
171
218
175
172
173
176
177
176
173
172
176
217
219
217
176
174
175
179
180
179
175
175
218
222
175
222
180
176
177
181
182
181
177
176
181
219
223
219
181
178
179
220
221
220
179
178
220
186
226
186
220
179
180
222
179
222
221
181
182
188
181
188
187
181
187
228
181
228
223
183
184
190
183
190
189
184
185
224
225
224
185
184
224
190
231
190
224
185
186
226
185
226
225
187
188
229
187
229
228
188
189
229
230
229
189
189
190
231
189
231
230
191
200
201
191
201
192
192
201
193
202
193
201
193
234
235
193
235
194
193
202
244
193
244
234
194
235
203
245
203
235
195
237
238
195
238
196
195
204
247
195
247
237
196
238
197
239
197
238
197
239
240
197
240
198
198
240
199
241
199
240
199
241
242
199
242
200
200
242
201
243
201
242
201
243
244
201
244
202
203
245
251
203
251
208
204
209
205
210
205
209
204
205
247
248
247
205
205
210
253
205
253
248
206
207
249
250
249
207
206
249
211
254
211
249
207
208
251
207
251
250
209
252
253
209
253
210
209
213
256
209
256
252
211
254
257
211
257
214
212
255
213
256
213
255
212
215
255
258
255
215
214
257
216
259
216
257
215
217
260
215
260
258
216
259
218
262
218
259
217
219
263
217
263
260
218
262
222
265
222
262
219
223
266
219
266
263
220
221
226
227
226
221
221
222
265
221
265
264
221
264
270
221
270
227
223
228
271
223
271
266
224
225
267
268
267
225
224
267
231
274
231
267
225
226
269
225
269
268
226
227
269
270
269
227
228
229
271
272
271
229
229
230
273
229
273
272
230
231
273
274
273
231
232
233
235
236
235
233
232
279
233
280
233
279
232
235
279
282
279
235
233
280
283
233
283
236
234
281
235
282
235
281
234
244
281
291
281
244
235
236
246
235
246
245
236
283
246
293
246
283
237
284
285
237
285
238
237
247
294
237
294
284
238
285
239
286
239
285
239
286
287
239
287
240
240
287
241
288
241
287
241
288
289
241
289
242
242
289
243
290
243
289
243
290
291
243
291
244
245
246
293
245
293
292
245
292
297
245
297
251
247
248
253
247
253
252
247
252
299
247
299
294
249
250
296
249
296
295
249
295
300
249
300
254
250
251
296
297
296
251
252
256
299
303
299
256
254
300
257
304
257
300
255
302
303
255
303
256
255
258
306
255
306
302
257
304
307
257
307
259
258
260
306
310
306
260
259
307
312
259
312
262
260
263
310
314
310
263
261
264
265
261
265
262
261
262
312
261
312
311
261
311
315
261
315
264
263
266
317
263
317
314
264
315
270
321
270
315
266
271
317
323
317
271
267
268
319
267
319
318
267
318
326
267
326
274
268
269
319
320
319
269
269
270
321
269
321
320
271
272
324
271
324
323
272
273
324
325
324
273
273
274
326
273
326
325
275
276
278
275
278
277
275
329
330
275
330
276
275
277
332
275
332
329
276
330
278
333
278
330
277
278
280
277
280
279
277
279
335
277
335
332
278
333
280
336
280
333
279
282
338
279
338
335
280
336
283
339
283
336
281
337
338
281
338
282
281
291
347
281
347
337
283
339
348
283
348
293
284
340
285
341
285
340
284
294
340
349
340
294
285
341
342
285
342
286
286
342
287
343
287
342
287
343
344
287
344
288
288
344
289
345
289
344
289
345
346
289
346
290
290
346
291
347
291
346
292
293
297
298
297
293
293
348
357
293
357
298
294
299
349
358
349
299
295
296
301
295
301
300
296
297
355
356
355
297
296
355
301
359
301
355
297
298
357
297
357
356
299
303
362
299
362
358
300
301
304
305
304
301
301
359
363
301
363
305
302
361
303
362
303
361
302
306
361
366
361
306
304
305
307
308
307
305
305
363
368
305
368
308
306
310
366
370
366
310
307
308
368
307
368
367
307
367
372
307
372
312
309
310
314
309
314
313
309
369
370
309
370
310
309
313
373
309
373
369
311
312
372
311
372
371
311
371
375
311
375
315
313
314
317
313
317
316
313
316
376
313
376
373
315
375
378
315
378
321
316
317
322
323
322
317
316
322
376
379
376
322
318
319
326
327
326
319
319
320
328
319
328
327
320
321
377
378
377
321
320
377
328
385
328
377
322
323
379
380
379
323
323
324
381
323
381
380
324
325
381
382
381
325
325
326
383
325
383
382
326
327
383
384
383
327
327
328
385
327
385
384
329
332
333
329
333
330
331
332
335
331
335
334
331
386
387
331
387
332
331
334
389
331
389
386
332
387
333
388
333
387
333
388
391
333
391
336
334
335
337
338
337
335
334
337
389
392
389
337
336
391
339
394
339
391
337
347
398
337
398
392
339
394
400
339
400
348
340
349
341
350
341
349
341
350
351
341
351
342
342
351
343
352
343
351
343
352
353
343
353
344
344
353
345
354
345
353
345
396
397
345
397
346
345
354
407
345
407
396
346
397
347
398
347
397
348
400
357
409
357
400
349
402
403
349
403
350
349
358
411
349
411
402
350
403
351
404
351
403
351
404
405
351
405
352
352
405
353
406
353
405
353
406
407
353
407
354
355
356
360
355
360
359
356
357
408
409
408
357
356
408
360
414
360
408
358
362
411
416
411
362
359
360
364
359
364
363
360
414
364
420
364
414
361
415
416
361
416
362
361
366
422
361
422
415
363
364
420
363
420
419
363
419
426
363
426
368
365
366
370
365
370
369
365
421
422
365
422
366
365
369
427
365
427
421
367
368
426
367
426
425
367
425
431
367
431
372
369
373
432
369
432
427
371
372
431
371
431
430
371
430
435
371
435
375
373
376
436
373
436
432
374
377
375
378
375
377
374
375
434
435
434
375
374
434
377
442
377
434
376
379
436
443
436
379
377
442
449
377
449
385
379
380
444
379
444
443
380
381
444
445
444
381
381
382
446
381
446
445
382
383
446
447
446
383
383
384
448
383
448
447
384
385
448
449
448
385
386
450
387
451
387
450
386
389
450
454
450
389
387
451
452
387
452
388
388
452
391
456
391
452
389
392
459
389
459
454
390
393
391
394
391
393
390
391
455
456
455
391
390
455
393
460
393
455
392
398
459
466
459
398
393
399
400
393
400
394
393
460
467
393
467
399
395
396
407
395
407
406
395
463
464
395
464
396
395
406
474
395
474
463
396
464
397
465
397
464
397
465
466
397
466
398
399
408
409
399
409
400
399
467
478
399
478
408
401
402
411
401
411
410
401
469
470
401
470
402
401
410
480
401
480
469
402
470
403
471
403
470
403
471
472
403
472
404
404
472
405
473
405
472
405
473
474
405
474
406
408
478
414
483
414
478
410
411
415
416
415
411
410
415
480
485
480
415
412
418
413
419
413
418
412
413
481
482
481
413
412
481
418
487
418
481
413
419
420
413
420
414
413
414
483
413
483
482
415
422
489
415
489
485
417
424
425
417
425
418
417
418
487
417
487
486
417
486
492
417
492
424
418
425
419
426
419
425
421
488
489
421
489
422
421
427
493
421
493
488
423
429
430
423
430
424
423
424
492
423
492
491
423
491
499
423
499
429
424
430
425
431
425
430
427
432
500
427
500
493
428
433
429
434
429
433
428
429
498
499
498
429
428
498
433
505
433
498
429
434
435
429
435
430
432
436
500
506
500
436
433
441
442
433
442
434
433
505
511
433
511
441
436
443
437
444
437
443
436
437
506
507
506
437
437
444
445
437
445
438
437
438
508
437
508
507
438
445
439
446
439
445
438
439
508
509
508
439
439
446
447
439
447
440
439
440
510
439
510
509
440
447
441
448
441
447
440
441
510
511
510
441
441
448
449
441
449
442
450
512
451
513
451
512
450
454
512
516
512
454
451
513
514
451
514
452
452
514
456
518
456
514
453
454
459
453
459
458
453
515
516
453
516
454
453
458
520
453
520
515
455
456
518
455
518
517
455
517
522
455
522
460
457
458
465
457
465
464
457
519
520
457
520
458
457
464
525
457
525
519
458
459
465
466
465
459
460
522
467
527
467
522
461
462
469
461
469
468
461
523
524
461
524
462
461
468
529
461
529
523
462
524
469
530
469
524
463
474
475
463
475
464
464
475
525
536
525
475
467
527
539
467
539
478
468
469
479
480
479
469
468
479
529
541
529
479
469
530
531
469
531
470
470
531
471
532
471
531
471
532
533
471
533
472
472
533
473
534
473
533
473
534
535
473
535
474
474
535
475
536
475
535
476
481
477
482
477
481
476
477
537
538
537
477
476
537
481
543
481
537
477
482
483
477
483
478
477
478
539
477
539
538
479
480
485
479
485
484
479
484
545
479
545
541
481
543
547
481
547
487
484
485
488
489
488
485
484
488
545
549
545
488
486
487
546
547
546
487
486
546
492
553
492
546
488
493
549
555
549
493
490
498
491
499
491
498
490
491
551
552
551
491
490
551
498
560
498
551
491
492
553
491
553
552
493
500
501
493
501
494
493
494
556
493
556
555
494
501
495
502
495
501
494
495
556
557
556
495
495
502
503
495
503
496
495
496
558
495
558
557
496
503
497
504
497
503
496
497
558
559
558
497
497
504
505
497
505
498
497
498
560
497
560
559
500
506
501
507
501
506
501
507
508
501
508
502
502
508
503
509
503
508
503
509
510
503
510
504
504
510
505
511
505
510
512
562
513
563
513
562
512
516
562
565
562
516
513
517
518
513
518
514
513
563
566
513
566
517
515
564
565
515
565
516
515
520
568
515
568
564
517
566
570
517
570
522
519
567
568
519
568
520
519
525
572
519
572
567
521
526
527
521
527
522
521
522
570
521
570
569
521
569
574
521
574
526
523
529
530
523
530
524
525
536
583
525
583
572
526
538
527
539
527
538
526
574
538
585
538
574
528
529
540
541
540
529
528
575
529
576
529
575
528
540
575
586
575
540
529
576
577
529
577
530
530
577
531
578
531
577
531
578
579
531
579
532
532
579
533
580
533
579
533
580
581
533
581
534
534
581
535
582
535
581
535
582
583
535
583
536
537
538
585
537
585
584
537
584
588
537
588
543
540
541
544
545
544
541
540
544
586
589
586
544
542
546
543
547
543
546
542
543
587
588
587
543
542
587
546
590
546
587
544
545
548
549
548
545
544
548
589
591
589
548
546
590
553
595
553
590
548
549
554
555
554
549
548
554
591
596
591
554
550
559
551
560
551
559
550
551
592
593
592
551
550
592
559
601
559
592
551
552
594
551
594
593
552
553
594
595
594
553
554
555
596
597
596
555
555
556
598
555
598
597
556
557
598
599
598
557
557
558
600
557
600
599
558
559
600
601
600
559
561
562
565
561
565
564
561
604
605
561
605
562
561
564
610
561
610
604
562
605
563
606
563
605
563
606
612
563
612
566
564
568
610
616
610
568
566
612
570
618
570
612
567
615
616
567
616
568
567
572
621
567
621
615
569
570
618
569
618
617
569
617
623
569
623
574
571
572
583
571
583
582
571
620
621
571
621
572
571
582
631
571
631
620
573
584
585
573
585
574
573
574
623
573
623
622
573
622
633
573
633
584
575
624
625
575
625
576
575
586
634
575
634
624
576
625
577
626
577
625
577
626
627
577
627
578
578
627
579
628
579
627
579
628
629
579
629
580
580
629
581
630
581
629
581
630
631
581
631
582
584
633
588
637
588
633
586
589
634
638
634
589
587
588
637
587
637
636
587
636
641
587
641
590
589
591
642
589
642
638
590
641
595
650
595
641
591
596
651
591
651
642
592
593
647
648
647
593
592
647
601
656
601
647
593
594
649
593
649
648
594
595
649
650
649
595
596
597
651
652
651
597
597
598
653
597
653
652
598
599
653
654
653
599
599
600
655
599
655
654
600
601
655
656
655
601
602
603
604
605
604
603
602
657
603
658
603
657
602
604
657
663
657
604
603
658
664
603
664
605
604
610
663
669
663
610
605
611
612
605
612
606
605
664
670
605
670
611
607
608
614
607
614
613
607
666
667
607
667
608
607
613
672
607
672
666
608
609
614
615
614
609
608
667
609
668
609
667
609
610
616
609
616
615
609
668
669
609
669
610
611
617
618
611
618
612
611
670
674
611
674
617
613
614
620
613
620
619
613
619
676
613
676
672
614
615
620
621
620
615
617
674
678
617
678
623
619
620
631
619
631
630
619
630
685
619
685
676
622
623
677
678
677
623
622
677
633
688
633
677
624
679
625
680
625
679
624
634
679
690
679
634
625
680
681
625
681
626
626
681
627
682
627
681
627
682
683
627
683
628
628
683
629
684
629
683
629
684
685
629
685
630
632
636
633
637
633
636
632
633
687
688
687
633
632
687
636
692
636
687
634
638
690
694
690
638
635
640
641
635
641
636
635
636
692
635
692
691
635
691
697
635
697
640
638
642
694
699
694
642
639
648
649
639
649
640
639
640
697
639
697
696
639
696
705
639
705
648
640
649
641
650
641
649
642
651
643
652
643
651
642
643
699
700
699
643
643
652
653
643
653
644
643
644
701
643
701
700
644
653
645
654
645
653
644
645
701
702
701
645
645
654
655
645
655
646
645
646
703
645
703
702
646
655
647
656
647
655
646
647
703
704
703
647
647
648
705
647
705
704
657
706
707
657
707
658
657
663
712
657
712
706
658
707
664
713
664
707
659
660
666
659
666
665
659
708
709
659
709
660
659
665
715
659
715
708
660
661
666
667
666
661
660
709
661
710
661
709
661
662
668
661
668
667
661
710
711
661
711
662
662
663
668
669
668
663
662
711
663
712
663
711
664
713
670
718
670
713
665
666
672
665
672
671
665
671
724
665
724
715
670
718
674
727
674
718
671
672
676
671
676
675
671
675
733
671
733
724
673
677
678
673
678
674
673
674
727
673
727
726
673
726
735
673
735
677
675
676
685
675
685
684
675
684
741
675
741
733
677
735
744
677
744
688
679
736
737
679
737
680
679
690
746
679
746
736
680
737
681
738
681
737
681
738
739
681
739
682
682
739
683
740
683
739
683
740
741
683
741
684
686
691
687
692
687
691
686
687
742
743
742
687
686
742
691
749
691
742
687
688
744
687
744
743
689
690
694
689
694
693
689
745
746
689
746
690
689
693
750
689
750
745
691
749
758
691
758
697
693
694
699
693
699
698
693
698
759
693
759
750
695
704
705
695
705
696
695
696
757
695
757
756
695
756
765
695
765
704
696
697
757
758
757
697
698
699
759
760
759
699
699
700
761
699
761
760
700
701
761
762
761
701
701
702
763
701
763
762
702
703
763
764
763
703
703
704
765
703
765
764
706
712
707
713
707
712
708
715
709
716
709
715
709
766
767
709
767
710
709
716
772
709
772
766
710
767
711
768
711
767
711
768
769
711
769
712
712
717
713
718
713
717
712
769
717
775
717
769
714
715
723
724
723
715
714
770
715
771
715
770
714
723
770
780
770
723
715
771
772
715
772
716
717
726
727
717
727
718
717
775
785
717
785
726
719
720
729
719
729
728
719
776
777
719
777
720
719
728
786
719
786
776
720
721
729
730
729
721
720
777
721
778
721
777
721
722
731
721
731
730
721
778
779
721
779
722
722
723
731
732
731
723
722
779
723
780
723
779
723
724
733
723
733
732
725
734
735
725
735
726
725
726
785
725
785
784
725
784
787
725
787
734
728
729
736
737
736
729
728
736
786
789
786
736
729
730
738
729
738
737
730
731
738
739
738
731
731
732
740
731
740
739
732
733
740
741
740
733
734
743
735
744
735
743
734
787
743
792
743
787
736
746
789
794
789
746
742
743
791
792
791
743
742
791
749
798
749
791
745
793
794
745
794
746
745
750
799
745
799
793
747
756
757
747
757
748
747
748
797
747
797
796
747
796
805
747
805
756
748
757
749
758
749
757
748
749
797
798
797
749
750
759
751
760
751
759
750
751
799
800
799
751
751
760
761
751
761
752
751
752
801
751
801
800
752
761
753
762
753
761
752
753
801
802
801
753
753
762
763
753
763
754
753
754
803
753
803
802
754
763
755
764
755
763
754
755
803
804
803
755
755
764
765
755
765
756
755
756
805
755
805
804
766
772
767
773
767
772
767
773
774
767
774
768
768
774
769
775
769
774
770
780
771
781
771
780
771
781
782
771
782
772
772
782
773
783
773
782
773
783
784
773
784
774
774
784
775
785
775
784
776
806
777
807
777
806
776
786
806
815
806
786
777
807
808
777
808
778
778
808
779
809
779
808
779
809
810
779
810
780
780
810
781
811
781
810
781
811
812
781
812
782
782
812
783
813
783
812
783
813
814
783
814
784
784
814
787
823
787
814
786
789
815
825
815
789
787
823
833
787
833
792
788
789
793
794
793
789
788
824
789
825
789
824
788
793
824
834
824
793
790
797
791
798
791
797
790
791
831
832
831
791
790
831
797
841
797
831
791
792
833
791
833
832
793
799
842
793
842
834
795
804
805
795
805
796
795
796
840
795
840
839
795
839
847
795
847
804
796
797
840
841
840
797
799
800
843
799
843
842
800
801
843
844
843
801
801
802
845
801
845
844
802
803
845
846
845
803
803
804
847
803
847
846
806
815
807
816
807
815
807
816
817
807
817
808
808
817
809
818
809
817
809
818
819
809
819
810
810
819
811
820
811
819
811
820
821
811
821
812
812
821
813
822
813
821
813
822
823
813
823
814
815
825
826
815
826
816
816
826
817
827
817
826
817
827
828
817
828
818
818
828
819
829
819
828
819
829
830
819
830
820
820
830
821
831
821
830
821
831
832
821
832
822
822
832
823
833
823
832
824
834
825
835
825
834
825
835
836
825
836
826
826
836
827
837
827
836
827
837
838
827
838
828
828
838
829
839
829
838
829
839
840
829
840
830
830
840
831
841
831
840
834
842
835
843
835
842
835
843
844
835
844
836
836
844
837
845
837
844
837
845
846
837
846
838
838
846
839
847
839
846