27.96
4.45
-19.52
27.50
4.45
-19.46
27.01
4.48
-19.48
28.58
4.37
-20.15
28.19
4.28
-19.93
27.58
4.20
-19.92
26.96
4.29
-19.92
28.72
4.30
-20.70
28.25
4.13
-20.61
27.62
4.08
-20.58
26.96
4.18
-20.58
29.23
4.23
-21.72
28.91
4.25
-21.45
28.33
4.11
-21.33
27.67
4.08
-21.29
27.01
4.18
-21.30
29.21
4.24
-21.90
28.90
4.28
-21.90
28.33
4.21
-21.94
27.67
4.19
-21.93
27.12
4.25
-21.86
28.47
4.87
-19.56
28.10
4.83
-19.38
27.39
4.90
-19.17
26.57
4.90
-19.25
25.65
5.16
-19.26
24.91
5.35
-19.34
24.44
5.49
-19.46
28.66
4.69
-19.96
28.37
4.55
-19.69
26.32
4.55
-19.86
25.56
4.82
-19.85
24.86
5.08
-19.85
24.33
5.37
-19.87
28.88
4.66
-20.69
26.26
4.42
-20.60
25.50
4.71
-20.60
24.82
5.00
-20.51
24.29
5.32
-20.47
29.26
4.34
-21.77
29.04
4.58
-21.54
26.35
4.44
-21.43
25.48
4.82
-21.52
24.77
5.09
-21.20
24.32
5.34
-21.02
29.21
4.35
-21.99
28.87
4.61
-22.23
28.26
4.47
-22.48
27.54
4.46
-22.50
26.71
4.55
-22.29
25.84
4.91
-22.40
28.58
4.93
-22.98
28.14
4.81
-23.09
27.48
4.80
-23.14
26.73
4.90
-23.11
26.03
5.15
-23.15
28.43
5.12
-23.37
28.07
5.18
-23.50
27.44
5.22
-23.64
26.75
5.26
-23.67
26.22
5.34
-23.62
28.48
5.19
-19.54
28.09
5.58
-19.31
27.31
5.65
-18.87
26.51
5.65
-18.76
25.66
5.79
-18.80
24.85
5.89
-19.00
24.24
5.93
-19.33
28.68
5.20
-19.97
28.48
5.81
-19.89
23.96
5.83
-19.87
28.85
5.22
-20.68
28.69
5.89
-20.65
23.89
5.77
-20.57
28.93
5.22
-21.51
28.76
5.91
-21.50
25.07
5.12
-21.95
24.59
5.36
-21.76
24.03
5.74
-21.42
28.84
5.24
-22.30
28.68
5.91
-22.34
25.20
5.28
-22.55
24.60
5.61
-22.45
24.06
6.01
-22.32
28.64
5.32
-23.00
28.46
5.87
-23.08
25.38
5.59
-23.34
24.67
5.89
-23.13
24.19
6.17
-22.95
28.45
5.36
-23.40
28.09
5.72
-23.62
27.37
5.81
-24.00
26.63
5.77
-24.09
25.93
5.73
-23.90
26.85
6.95
-17.70
26.74
6.95
-17.69
26.88
6.87
-17.95
26.57
6.85
-17.93
26.14
6.87
-18.07
27.85
6.54
-19.13
27.16
6.57
-18.50
26.50
6.40
-18.34
25.74
6.62
-18.39
24.77
6.65
-18.72
23.93
6.71
-19.19
23.42
7.13
-19.39
28.28
6.63
-19.82
23.58
6.45
-19.85
23.20
7.04
-19.89
28.50
6.69
-20.62
23.46
6.37
-20.60
23.07
7.00
-20.60
28.56
6.70
-21.50
23.48
6.41
-21.46
23.05
7.01
-21.40
28.48
6.68
-22.38
23.52
6.64
-22.41
23.10
7.05
-22.09
28.26
6.62
-23.18
25.16
6.05
-23.83
24.60
6.30
-23.68
23.93
6.68
-23.35
27.90
6.53
-23.82
27.25
6.68
-24.42
26.43
6.42
-24.57
25.55
6.34
-24.37
24.74
6.69
-24.31
24.10
7.08
-24.17
26.86
7.19
-25.11
26.27
7.04
-25.22
25.53
6.98
-25.04
24.83
7.17
-24.88
24.31
7.33
-24.68
26.71
7.43
-25.48
26.44
7.38
-25.56
26.84
7.05
-17.69
26.73
7.06
-17.68
26.87
7.14
-17.94
26.56
7.18
-17.89
26.13
7.17
-18.01
27.73
7.41
-19.09
27.12
7.47
-18.44
26.45
7.70
-18.14
25.69
7.48
-18.19
24.70
7.49
-18.47
23.88
7.55
-18.82
23.27
7.70
-19.23
28.11
7.52
-19.78
22.92
7.70
-19.83
28.34
7.57
-20.61
22.73
7.67
-20.60
28.39
7.58
-21.50
22.68
7.65
-21.48
28.30
7.56
-22.42
23.20
7.16
-22.77
22.81
7.58
-22.42
28.08
7.48
-23.30
27.83
7.88
-23.77
23.36
7.32
-23.43
22.87
7.81
-23.27
27.87
7.18
-23.86
27.52
7.59
-24.35
23.53
7.72
-24.21
22.98
8.03
-23.88
27.08
7.77
-25.10
26.01
7.41
-25.56
25.50
7.51
-25.50
24.82
7.81
-25.35
24.09
7.84
-24.86
26.71
7.83
-25.57
26.22
7.80
-25.78
25.65
7.97
-25.85
25.18
8.09
-25.75
26.05
9.11
-17.78
25.62
8.95
-17.73
27.68
8.15
-19.14
27.25
8.54
-18.71
26.39
8.68
-18.15
25.47
8.46
-18.01
24.57
8.30
-18.21
23.75
8.35
-18.51
23.04
8.49
-18.98
27.96
8.51
-19.69
27.66
8.87
-19.20
22.62
8.43
-19.72
28.21
8.52
-20.59
22.37
8.38
-20.56
28.26
8.53
-21.50
22.21
8.42
-21.50
21.85
8.85
-21.86
28.15
8.54
-22.47
27.97
8.91
-23.02
22.31
8.29
-22.44
21.87
8.83
-22.53
28.03
8.20
-23.14
27.81
8.61
-23.61
22.42
8.38
-23.28
21.95
8.88
-23.27
27.45
8.55
-24.41
23.24
8.47
-24.56
22.62
8.60
-24.05
22.09
8.98
-23.85
27.04
8.54
-25.15
24.59
8.59
-25.52
23.83
8.58
-25.07
26.67
8.45
-25.68
26.18
8.51
-26.06
25.71
8.57
-26.11
25.14
8.56
-25.88
26.05
8.73
-26.33
25.89
8.75
-26.35
25.57
10.53
-14.52
25.34
10.49
-14.41
25.61
10.44
-14.93
25.15
10.28
-14.82
24.50
10.23
-14.98
23.86
10.34
-15.12
23.41
10.46
-15.29
25.70
10.30
-15.66
25.17
10.02
-15.64
24.50
9.94
-15.70
23.83
10.06
-15.77
23.27
10.33
-15.81
25.83
10.10
-16.51
25.22
9.74
-16.49
24.49
9.68
-16.49
23.77
9.82
-16.53
23.12
10.15
-16.56
26.08
9.74
-17.43
25.31
9.32
-17.34
24.48
9.34
-17.26
23.69
9.52
-17.32
22.94
9.89
-17.44
27.24
9.54
-18.69
26.66
9.61
-18.10
25.07
8.89
-17.75
24.43
8.90
-17.83
23.61
9.06
-18.05
22.63
9.47
-18.52
21.96
9.90
-18.97
27.97
9.50
-19.84
27.67
9.57
-19.24
22.23
9.18
-19.58
21.73
9.76
-19.66
28.16
9.49
-20.62
21.98
9.04
-20.45
21.46
9.67
-20.54
20.99
10.04
-20.90
28.20
9.50
-21.46
21.89
8.93
-21.16
21.51
9.33
-21.53
20.95
9.91
-21.63
28.10
9.52
-22.29
27.92
9.59
-22.98
21.43
9.34
-22.48
20.92
9.87
-22.50
27.69
9.54
-23.67
21.50
9.39
-23.33
20.96
9.90
-23.33
27.32
9.49
-24.44
23.06
9.05
-24.79
22.48
9.24
-24.51
21.77
9.53
-24.13
21.11
10.04
-24.06
26.82
9.42
-25.22
26.19
9.69
-25.65
25.49
9.71
-25.78
24.64
9.46
-25.63
23.51
9.49
-25.19
22.56
9.85
-24.93
21.78
10.08
-24.68
21.22
10.29
-24.52
26.59
8.97
-25.70
26.16
9.03
-26.03
25.68
9.05
-26.09
25.14
9.02
-25.92
26.05
8.91
-26.32
25.88
8.92
-26.34
25.02
10.99
-13.76
24.84
11.04
-13.72
25.57
10.82
-14.41
25.14
10.83
-14.10
24.62
10.99
-13.99
24.04
11.14
-14.15
25.79
10.87
-14.90
24.94
10.51
-14.39
24.46
10.59
-14.43
23.78
10.82
-14.59
23.20
10.89
-15.05
25.99
10.83
-15.65
22.84
10.80
-15.71
26.18
10.75
-16.50
22.56
10.66
-16.50
26.44
10.62
-17.36
22.35
10.45
-17.33
27.32
10.44
-18.74
26.86
10.53
-18.11
22.07
10.29
-18.12
21.52
10.46
-18.75
20.98
10.82
-18.98
27.93
10.40
-19.86
27.68
10.36
-19.27
21.28
10.28
-19.56
20.80
10.71
-19.63
28.10
10.44
-20.62
21.11
10.17
-20.21
20.60
10.57
-20.55
20.08
11.00
-20.88
28.14
10.45
-21.45
20.46
10.45
-21.57
19.96
10.97
-21.62
28.06
10.45
-22.27
27.88
10.41
-22.95
20.41
10.39
-22.49
19.93
10.93
-22.50
27.62
10.47
-23.62
20.46
10.42
-23.34
19.99
10.95
-23.34
27.23
10.47
-24.37
20.62
10.55
-24.07
20.16
11.04
-24.07
26.77
10.41
-25.00
26.18
10.58
-25.41
25.43
10.61
-25.59
24.52
10.53
-25.56
23.52
10.55
-25.38
22.56
10.67
-25.20
21.68
10.77
-24.97
20.89
10.83
-24.64
20.40
11.07
-24.48
25.02
11.19
-13.74
24.82
11.22
-13.69
25.55
11.23
-14.36
25.14
11.42
-14.04
24.57
11.50
-13.88
23.76
11.72
-14.05
23.16
12.01
-14.21
25.76
11.54
-14.83
25.42
11.80
-14.40
23.45
11.35
-14.41
22.87
11.62
-14.74
26.06
11.55
-15.65
22.39
11.42
-15.55
26.30
11.54
-16.51
21.97
11.29
-16.40
21.29
11.63
-16.73
20.66
11.90
-16.95
20.16
12.13
-17.11
26.56
11.52
-17.39
21.85
10.96
-17.26
21.28
11.30
-17.45
20.66
11.62
-17.67
20.06
11.98
-17.73
27.65
11.50
-19.33
27.41
11.30
-18.92
26.94
11.46
-18.23
21.75
10.75
-17.85
21.31
10.96
-18.16
20.65
11.28
-18.56
19.96
11.80
-18.57
27.82
11.27
-19.77
27.67
10.99
-19.30
20.36
11.18
-19.46
19.82
11.66
-19.49
27.99
11.36
-20.61
20.22
11.07
-20.16
19.74
11.47
-20.49
28.06
11.38
-21.48
19.44
11.58
-21.52
19.04
11.99
-21.85
27.98
11.40
-22.39
27.85
11.10
-22.94
19.47
11.48
-22.49
19.04
11.97
-22.53
27.83
11.74
-22.93
27.61
11.44
-23.47
19.56
11.51
-23.35
19.12
12.00
-23.29
27.10
11.48
-24.36
26.68
11.88
-24.80
20.17
11.89
-24.70
19.80
11.71
-24.21
19.28
12.07
-23.88
26.73
11.16
-24.90
26.22
11.59
-25.25
25.48
11.61
-25.51
24.50
11.54
-25.53
23.50
11.53
-25.47
22.53
11.56
-25.37
21.59
11.58
-25.19
20.69
11.61
-24.90
20.26
11.44
-24.58
26.01
11.87
-25.48
25.76
11.87
-25.56
23.26
13.11
-13.65
23.00
13.11
-13.69
24.96
12.05
-14.11
24.45
12.27
-13.96
23.65
12.73
-13.86
22.90
12.76
-14.00
25.70
12.32
-15.04
25.20
12.48
-14.51
24.58
12.85
-14.20
24.06
13.07
-14.01
22.20
12.51
-14.62
21.33
12.86
-14.90
20.57
13.09
-15.10
19.91
13.28
-15.29
19.46
13.44
-15.45
26.01
12.33
-15.74
21.89
12.02
-15.40
21.25
12.38
-15.51
20.55
12.64
-15.68
19.87
12.90
-15.86
19.31
13.29
-15.92
26.25
12.39
-16.56
21.70
11.78
-15.97
21.21
12.01
-16.13
20.55
12.26
-16.35
19.83
12.54
-16.70
19.16
13.12
-16.68
26.50
12.48
-17.48
19.53
12.44
-17.62
18.96
13.00
-17.58
27.60
11.86
-19.39
27.35
12.04
-19.09
26.89
12.49
-18.52
19.39
12.31
-18.54
18.84
12.86
-18.53
27.69
11.99
-19.83
27.42
12.46
-19.61
27.08
12.94
-19.34
19.28
12.19
-19.48
18.75
12.74
-19.49
27.79
12.27
-20.62
27.47
12.83
-20.22
27.20
13.15
-19.90
19.19
12.07
-20.39
18.68
12.61
-20.47
27.93
12.22
-21.50
19.10
12.03
-21.13
18.69
12.43
-21.49
27.91
12.23
-22.28
18.61
12.47
-22.46
27.78
12.32
-22.89
27.51
12.37
-23.44
18.71
12.50
-23.32
27.10
12.43
-24.14
26.63
12.55
-24.69
20.07
12.38
-24.90
19.54
12.39
-24.53
18.99
12.53
-24.06
26.07
12.44
-25.20
25.43
12.43
-25.44
24.47
12.48
-25.50
23.47
12.50
-25.52
22.47
12.51
-25.50
21.53
12.43
-25.40
20.66
12.40
-25.19
25.96
12.15
-25.46
25.74
12.15
-25.54
23.15
13.50
-13.61
22.86
13.49
-13.63
23.47
13.52
-13.81
22.53
13.46
-13.88
25.63
12.94
-15.24
25.20
13.41
-14.99
24.55
13.58
-14.47
23.96
13.64
-14.10
21.98
13.34
-14.22
21.30
13.48
-14.46
20.56
13.66
-14.67
19.86
13.84
-14.91
19.30
13.90
-15.28
25.85
13.05
-15.79
25.56
13.71
-15.72
18.93
13.84
-15.85
26.05
13.22
-16.55
25.79
13.89
-16.43
18.66
13.76
-16.63
26.23
13.52
-17.47
25.95
14.01
-17.03
18.40
13.69
-17.57
18.00
14.10
-17.93
26.54
13.52
-18.49
18.33
13.45
-18.55
17.89
13.99
-18.63
26.78
13.66
-19.37
18.23
13.31
-19.51
17.72
13.89
-19.51
27.68
12.87
-21.00
27.38
13.39
-20.79
27.04
13.67
-20.15
18.11
13.20
-20.51
17.45
13.84
-20.54
16.95
14.13
-20.97
27.76
12.89
-21.60
27.48
13.48
-21.62
18.07
13.05
-21.51
17.41
13.60
-21.57
16.74
14.07
-21.70
16.27
14.28
-22.09
27.76
12.88
-22.29
27.48
13.44
-22.40
18.06
13.00
-22.48
17.42
13.47
-22.52
16.77
13.87
-22.59
16.22
14.21
-22.70
27.69
12.83
-22.81
27.39
13.20
-23.18
18.18
13.03
-23.43
17.47
13.47
-23.44
16.79
13.83
-23.46
16.20
14.19
-23.49
27.02
13.26
-23.93
26.57
13.42
-24.46
19.93
12.85
-25.10
19.35
12.97
-24.88
18.51
13.17
-24.42
17.58
13.59
-24.33
16.83
13.91
-24.28
16.24
14.22
-24.27
25.99
13.45
-24.96
25.29
13.46
-25.26
24.41
13.48
-25.42
23.43
13.52
-25.53
22.32
13.57
-25.65
21.38
13.28
-25.61
20.37
13.19
-25.45
19.43
13.49
-25.41
18.49
13.74
-25.34
17.58
13.90
-25.12
16.84
14.10
-24.99
16.32
14.30
-24.87
21.84
13.97
-25.80
21.24
13.97
-25.83
20.38
13.98
-25.86
19.49
14.06
-25.89
18.80
14.08
-25.84
23.01
13.87
-13.64
22.75
13.88
-13.65
23.11
14.21
-13.89
22.35
14.25
-13.88
21.46
14.69
-14.01
20.70
14.92
-14.12
20.12
15.06
-14.24
24.91
14.29
-15.16
24.37
14.38
-14.70
23.73
14.39
-14.27
21.89
13.90
-14.05
21.31
14.10
-14.18
20.58
14.32
-14.35
19.78
14.63
-14.57
19.09
14.60
-15.09
25.26
14.44
-15.76
18.61
14.56
-15.73
25.50
14.61
-16.48
18.25
14.51
-16.52
17.87
14.89
-16.90
26.03
14.38
-17.83
25.76
14.61
-17.23
18.12
14.27
-17.22
17.74
14.66
-17.62
26.25
14.39
-18.62
17.49
14.58
-18.53
26.47
14.50
-19.51
17.29
14.46
-19.38
27.12
14.00
-21.00
26.78
14.47
-20.55
17.04
14.40
-20.14
16.65
14.52
-20.69
27.17
14.09
-21.65
26.83
14.72
-21.55
16.33
14.52
-21.33
15.94
14.64
-21.89
27.17
14.10
-22.44
26.84
14.77
-22.45
15.73
14.62
-22.66
27.08
13.99
-23.21
26.74
14.67
-23.30
15.67
14.60
-23.52
26.90
13.90
-23.79
26.50
14.38
-24.11
15.73
14.61
-24.39
25.92
14.43
-24.74
25.22
14.47
-25.09
24.40
14.47
-25.31
23.48
14.54
-25.48
22.45
14.60
-25.70
21.88
14.97
-25.85
18.12
14.14
-25.78
17.48
14.24
-25.71
16.74
14.42
-25.57
15.99
14.66
-25.27
21.88
14.41
-25.85
21.31
14.71
-25.97
20.33
14.74
-26.13
19.27
14.76
-26.29
18.40
14.49
-26.18
17.52
14.62
-26.21
16.73
14.76
-26.14
16.04
14.98
-26.03
18.80
14.99
-26.56
18.25
14.97
-26.57
17.48
15.07
-26.59
16.71
15.15
-26.54
16.12
15.23
-26.44
22.97
14.94
-14.12
22.34
15.28
-14.09
21.49
15.46
-14.02
20.69
15.65
-14.04
19.93
15.66
-14.18
24.71
14.89
-15.30
24.20
15.20
-15.04
23.42
15.27
-14.52
22.77
15.71
-14.37
19.39
15.42
-14.48
18.79
15.39
-14.93
24.92
15.11
-15.79
24.50
15.58
-15.64
18.26
15.36
-15.59
17.82
15.76
-15.91
25.11
15.46
-16.58
24.67
15.85
-16.16
18.04
15.13
-16.22
17.62
15.53
-16.60
25.84
15.00
-18.02
25.50
15.43
-17.60
17.21
15.52
-17.57
16.71
15.91
-17.95
25.94
15.16
-18.67
25.57
15.77
-18.52
25.45
16.00
-18.74
16.99
15.22
-18.51
16.37
15.80
-18.63
15.71
16.10
-19.03
15.27
16.29
-19.27
26.06
15.44
-19.52
25.65
15.91
-19.04
25.48
16.03
-18.92
16.85
14.97
-19.33
16.30
15.39
-19.50
15.68
15.77
-19.70
15.13
16.15
-19.79
26.36
15.41
-20.56
16.73
14.80
-19.94
16.26
15.02
-20.34
15.59
15.49
-20.52
14.95
15.99
-20.57
26.49
15.49
-21.53
16.02
14.91
-21.05
15.47
15.20
-21.51
14.66
15.89
-21.56
14.16
16.19
-22.01
26.52
15.51
-22.45
15.21
15.12
-22.56
14.60
15.65
-22.58
14.05
16.12
-22.69
26.44
15.47
-23.32
15.12
15.07
-23.51
14.55
15.55
-23.53
14.00
16.03
-23.56
26.23
15.36
-24.06
24.92
16.02
-24.91
24.47
16.03
-25.02
24.01
16.07
-25.13
15.14
15.07
-24.43
14.56
15.53
-24.44
14.01
16.00
-24.45
25.82
15.37
-24.60
25.19
15.51
-24.93
24.43
15.40
-25.16
23.59
15.62
-25.33
22.61
15.58
-25.60
21.85
15.64
-25.83
15.27
15.15
-25.29
14.64
15.59
-25.30
14.11
16.05
-25.29
21.13
15.55
-26.04
20.27
15.56
-26.25
19.25
15.59
-26.50
18.46
15.90
-26.71
17.80
16.02
-26.80
15.41
15.35
-26.02
14.78
15.73
-26.00
14.30
16.14
-25.98
18.79
15.32
-26.65
18.25
15.43
-26.73
17.45
15.64
-26.79
16.56
15.63
-26.73
15.70
15.66
-26.54
14.92
15.93
-26.44
14.49
16.12
-26.35
22.11
16.01
-14.23
21.48
16.21
-14.10
20.68
16.56
-14.04
19.59
16.53
-14.14
18.71
16.86
-14.32
18.20
17.06
-14.46
23.90
15.80
-15.18
23.35
16.04
-14.93
22.52
16.52
-14.62
21.66
16.79
-14.24
21.13
16.89
-14.09
19.14
16.05
-14.40
18.49
16.23
-14.72
17.82
16.92
-14.87
17.25
17.23
-15.17
24.08
16.11
-15.64
23.54
16.53
-15.48
23.00
16.99
-15.33
18.10
15.99
-15.27
17.58
16.40
-15.60
17.08
16.98
-15.65
24.83
16.26
-16.94
24.33
16.47
-16.34
23.70
16.95
-16.06
23.27
17.23
-15.82
17.16
16.36
-16.43
16.90
16.85
-16.17
25.13
16.25
-17.71
16.89
16.25
-17.17
16.49
16.39
-17.65
25.32
16.33
-18.56
25.38
16.18
-18.76
16.09
16.40
-18.18
15.54
16.56
-18.58
15.01
16.67
-19.04
25.84
16.19
-19.85
25.51
16.35
-19.20
25.43
16.19
-18.96
14.69
16.59
-19.70
26.06
16.18
-20.66
14.45
16.49
-20.44
26.18
16.21
-21.55
14.19
16.45
-21.19
13.83
16.61
-21.79
26.20
16.23
-22.46
13.53
16.68
-22.62
13.13
17.09
-22.91
26.15
16.20
-23.31
13.50
16.54
-23.56
13.08
17.05
-23.61
26.01
16.13
-24.03
25.02
16.51
-24.71
24.47
16.63
-24.87
23.95
16.59
-25.05
13.53
16.50
-24.45
13.09
17.03
-24.42
25.78
16.10
-24.49
25.41
16.22
-24.70
23.37
16.53
-25.25
22.55
16.49
-25.51
21.73
16.47
-25.77
13.67
16.57
-25.27
13.22
17.07
-25.17
21.03
16.34
-26.01
20.27
16.39
-26.22
19.37
16.51
-26.44
18.45
16.59
-26.65
17.48
16.57
-26.79
16.51
16.76
-26.79
15.61
16.85
-26.70
14.76
16.87
-26.49
14.03
16.76
-26.04
13.43
17.15
-25.69
17.12
16.11
-26.84
16.44
16.17
-26.82
15.63
16.24
-26.71
14.89
16.33
-26.57
14.41
16.38
-26.40
21.11
17.88
-14.10
20.58
17.56
-14.00
19.58
17.56
-14.01
18.64
17.67
-14.15
18.15
17.47
-14.34
22.19
17.57
-14.75
21.53
17.55
-14.28
21.07
17.33
-14.09
18.12
17.97
-14.25
17.69
17.74
-14.56
16.95
17.85
-15.10
16.46
18.21
-15.36
22.71
17.71
-15.41
16.65
17.51
-15.74
16.21
18.08
-15.83
24.66
16.79
-17.21
24.26
17.13
-16.95
23.67
17.60
-16.61
23.14
17.77
-16.05
16.78
16.75
-16.65
16.49
17.20
-16.46
15.91
17.92
-16.52
24.81
16.94
-17.80
24.33
17.63
-17.70
23.86
17.92
-17.22
16.64
16.67
-17.04
16.20
16.97
-17.28
15.42
17.72
-17.39
14.56
17.98
-17.98
13.87
18.21
-18.30
13.46
18.38
-18.49
25.03
17.03
-18.63
24.63
17.73
-18.64
15.89
16.83
-17.86
15.36
17.10
-18.12
14.58
17.32
-18.70
13.83
17.81
-18.85
13.32
18.24
-18.93
25.66
16.71
-20.04
25.30
17.06
-19.60
24.84
17.81
-19.58
14.22
17.10
-19.57
13.66
17.59
-19.61
13.17
18.10
-19.65
25.76
16.79
-20.70
25.38
17.32
-20.58
24.95
17.92
-20.53
14.01
16.95
-20.35
13.53
17.40
-20.45
13.05
17.96
-20.51
25.83
16.86
-21.55
25.42
17.42
-21.51
25.00
17.98
-21.47
13.88
16.85
-20.97
13.48
17.15
-21.36
12.96
17.79
-21.46
25.84
16.88
-22.46
25.41
17.47
-22.43
25.01
17.99
-22.35
13.27
17.13
-22.16
12.87
17.62
-22.51
25.78
16.85
-23.33
25.28
17.48
-23.36
24.99
17.95
-23.04
12.73
17.64
-23.51
25.71
16.69
-24.05
25.15
17.10
-24.25
24.37
17.36
-24.64
23.92
17.13
-24.94
12.74
17.63
-24.38
25.71
16.53
-24.41
25.47
16.66
-24.51
23.87
17.68
-24.83
23.38
17.41
-25.09
22.45
17.40
-25.39
21.45
17.38
-25.69
20.59
17.73
-25.88
19.94
17.91
-26.04
12.89
17.66
-25.12
20.95
16.96
-25.95
20.32
17.14
-26.10
19.43
17.47
-26.31
18.42
17.40
-26.59
17.48
17.39
-26.72
16.55
17.48
-26.74
15.62
17.58
-26.64
14.70
17.60
-26.43
13.88
17.60
-26.10
13.24
17.70
-25.69
21.64
18.81
-14.39
21.20
18.54
-14.15
20.44
18.49
-13.98
19.56
18.50
-13.95
18.71
18.54
-14.03
22.00
18.51
-14.75
21.60
18.20
-14.35
18.09
18.56
-14.18
17.53
18.60
-14.45
16.88
18.67
-14.86
16.35
18.77
-15.28
22.51
18.56
-15.52
15.97
18.76
-15.80
23.40
18.23
-16.78
22.97
18.59
-16.37
15.59
18.72
-16.43
24.00
18.36
-17.98
23.58
18.52
-17.37
23.18
18.90
-17.03
15.08
18.68
-17.09
14.41
18.74
-17.63
13.76
18.81
-18.04
13.31
18.80
-18.40
24.26
18.41
-18.73
13.00
18.82
-18.90
24.43
18.48
-19.60
12.78
18.70
-19.66
24.53
18.53
-20.53
12.63
18.58
-20.53
24.58
18.55
-21.48
12.52
18.49
-21.47
24.60
18.51
-22.41
12.38
18.50
-22.49
12.12
19.02
-22.85
24.94
17.88
-23.61
24.60
18.32
-23.34
12.37
18.33
-23.49
12.12
18.98
-23.55
24.84
17.74
-24.05
24.31
18.13
-24.19
12.43
18.29
-24.35
12.21
18.94
-24.34
23.78
18.21
-24.66
23.19
18.21
-24.93
22.39
18.25
-25.19
21.48
18.30
-25.43
20.59
18.43
-25.65
19.75
18.49
-25.92
12.61
18.31
-25.08
12.39
18.90
-25.03
19.00
18.34
-26.33
18.27
18.12
-26.59
17.46
18.08
-26.71
16.62
18.16
-26.71
15.75
18.40
-26.56
14.68
18.38
-26.32
13.77
18.38
-26.04
12.98
18.46
-25.64
12.58
18.84
-25.44
18.60
18.62
-26.51
18.14
18.60
-26.62
17.46
18.60
-26.68
16.75
18.63
-26.69
16.21
18.68
-26.64
21.59
19.36
-14.43
21.10
19.32
-14.17
20.39
19.34
-14.02
19.53
19.42
-13.98
18.60
19.44
-14.04
18.06
19.78
-14.16
21.94
19.37
-14.90
18.07
19.17
-14.15
17.58
19.50
-14.36
16.86
19.53
-14.78
16.30
19.54
-15.23
22.32
19.42
-15.62
15.87
19.56
-15.76
22.67
19.49
-16.46
15.45
19.58
-16.36
23.80
18.86
-18.19
23.47
19.17
-17.88
23.01
19.60
-17.36
14.93
19.58
-16.95
14.29
19.60
-17.47
13.55
19.61
-17.97
13.17
19.32
-18.33
23.91
19.02
-18.77
23.47
19.66
-18.63
23.11
19.94
-18.06
13.11
19.84
-18.27
12.77
19.66
-18.77
12.35
20.12
-19.18
24.04
19.11
-19.61
23.65
19.75
-19.60
12.47
19.38
-19.66
12.17
20.03
-19.78
24.13
19.16
-20.54
23.74
19.79
-20.54
12.30
19.25
-20.53
12.04
19.94
-20.59
24.17
19.17
-21.49
23.76
19.79
-21.49
12.21
19.15
-21.40
11.97
19.83
-21.49
24.15
19.13
-22.43
23.71
19.76
-22.42
12.16
19.08
-22.13
11.98
19.63
-22.49
24.06
19.02
-23.31
23.55
19.66
-23.29
11.99
19.69
-23.46
23.82
18.86
-24.07
23.16
19.49
-24.11
22.31
19.67
-24.51
21.43
19.79
-24.74
20.49
19.90
-24.92
19.53
20.00
-25.11
18.66
20.17
-25.23
18.00
20.29
-25.30
12.13
19.64
-24.30
23.62
18.69
-24.51
23.11
18.88
-24.66
22.34
18.99
-24.90
21.46
19.08
-25.12
20.50
19.17
-25.34
19.43
19.25
-25.65
18.47
19.65
-25.68
17.53
19.96
-25.66
16.51
19.93
-25.81
15.57
19.86
-25.87
14.59
19.81
-25.80
13.70
19.77
-25.66
12.96
19.70
-25.43
12.43
19.54
-25.05
18.83
18.94
-26.17
18.24
19.25
-26.16
17.46
19.41
-26.18
16.60
19.39
-26.24
15.74
19.15
-26.30
14.65
19.12
-26.12
13.73
19.10
-25.92
13.00
19.11
-25.66
12.59
19.16
-25.45
18.55
18.86
-26.44
18.12
18.95
-26.48
17.45
19.01
-26.52
16.74
19.02
-26.55
16.21
18.97
-26.55
21.51
19.85
-14.50
21.08
19.96
-14.31
20.39
20.11
-14.17
19.55
20.35
-14.14
18.70
20.29
-14.11
18.08
20.36
-14.21
21.68
20.16
-14.95
21.13
20.49
-14.65
20.48
20.71
-14.46
19.87
20.88
-14.37
17.52
20.42
-14.46
16.84
20.42
-14.84
16.30
20.33
-15.24
22.06
20.23
-15.69
15.88
20.39
-15.74
22.35
20.33
-16.51
15.46
20.50
-16.32
22.61
20.46
-17.40
14.91
20.53
-16.89
14.26
20.55
-17.39
13.50
20.58
-17.85
13.06
20.94
-18.11
23.14
20.39
-18.88
22.85
20.52
-18.22
13.09
20.33
-18.18
12.72
20.64
-18.50
12.26
20.76
-19.10
23.29
20.40
-19.67
12.00
20.76
-19.79
23.35
20.42
-20.56
11.85
20.72
-20.61
23.34
20.41
-21.48
11.80
20.66
-21.52
23.28
20.36
-22.38
11.84
20.59
-22.48
23.13
20.28
-23.18
11.95
20.54
-23.42
22.81
20.21
-23.80
22.19
20.31
-24.12
21.39
20.45
-24.32
20.47
20.62
-24.48
19.52
20.73
-24.68
18.62
20.80
-24.87
17.81
20.78
-25.06
12.14
20.40
-24.22
17.17
20.58
-25.30
16.37
20.53
-25.43
15.48
20.51
-25.49
14.55
20.49
-25.46
13.68
20.44
-25.35
12.94
20.37
-25.14
12.43
20.29
-24.81
19.24
20.96
-14.30
18.64
20.95
-14.26
18.12
20.91
-14.30
21.56
20.73
-15.23
21.12
21.02
-15.08
20.44
21.28
-14.86
19.55
21.54
-14.68
18.58
21.58
-14.54
17.73
21.34
-14.60
16.82
21.39
-15.06
16.34
20.97
-15.30
21.74
20.91
-15.78
21.20
21.52
-15.74
20.53
21.78
-15.37
19.97
21.98
-15.17
16.33
21.76
-15.57
16.02
21.17
-15.71
21.97
21.09
-16.57
21.53
21.70
-16.54
16.01
21.96
-15.97
15.62
21.52
-16.28
22.17
21.31
-17.52
21.74
21.79
-17.21
14.98
21.51
-16.88
14.31
21.51
-17.34
13.62
21.55
-17.73
13.04
21.63
-18.07
22.88
20.89
-19.05
22.50
21.25
-18.59
12.57
21.57
-18.49
12.16
21.59
-19.07
22.92
20.96
-19.70
22.48
21.46
-19.56
11.89
21.60
-19.78
22.92
21.00
-20.54
22.43
21.53
-20.47
11.75
21.58
-20.61
22.86
20.99
-21.46
22.23
21.56
-21.42
21.62
21.92
-21.78
21.15
22.19
-21.96
11.72
21.56
-21.52
22.81
20.89
-22.35
22.23
21.33
-22.38
21.60
21.69
-22.50
21.00
22.07
-22.55
11.80
21.54
-22.48
22.72
20.76
-23.10
22.18
21.10
-23.14
21.51
21.42
-23.21
20.80
21.80
-23.25
12.34
21.93
-23.89
12.04
21.52
-23.46
22.60
20.63
-23.59
22.12
20.80
-23.71
21.38
21.04
-23.83
20.43
21.41
-23.93
19.44
21.53
-24.28
18.47
21.58
-24.56
17.43
21.54
-24.81
16.42
21.78
-24.86
15.48
21.87
-24.88
14.53
21.89
-24.83
13.62
21.84
-24.69
12.77
21.70
-24.38
12.30
21.11
-24.21
16.98
21.07
-25.07
16.31
21.13
-25.13
15.45
21.17
-25.16
14.53
21.17
-25.13
13.66
21.12
-25.02
12.91
21.01
-24.83
12.49
20.81
-24.65
19.17
22.43
-15.05
18.44
22.39
-14.84
17.71
22.32
-14.88
17.04
22.35
-15.17
20.93
22.06
-16.07
20.46
22.29
-15.82
19.80
22.59
-15.57
16.54
22.49
-15.61
21.07
22.31
-16.72
20.50
22.65
-16.38
20.02
22.90
-16.16
16.13
22.56
-16.08
15.65
22.46
-16.51
21.90
21.87
-17.91
21.45
22.28
-17.60
15.05
22.45
-16.98
14.36
22.46
-17.38
13.65
22.47
-17.71
13.01
22.49
-18.05
21.99
21.92
-18.63
21.48
22.45
-18.54
12.50
22.46
-18.47
12.11
22.48
-19.03
21.98
22.01
-19.50
21.39
22.56
-19.49
20.96
22.89
-19.85
11.86
22.49
-19.75
21.96
21.99
-20.34
21.44
22.40
-20.39
20.92
22.80
-20.57
11.72
22.49
-20.59
21.90
21.94
-20.99
21.46
22.22
-21.17
20.85
22.60
-21.51
11.70
22.49
-21.50
20.43
22.61
-22.43
19.94
22.97
-22.72
11.80
22.49
-22.41
20.24
22.31
-23.19
19.71
22.78
-23.27
12.36
22.55
-23.77
12.03
22.50
-23.24
20.00
22.05
-23.70
19.30
22.43
-23.87
18.37
22.47
-24.27
17.42
22.51
-24.51
16.46
22.62
-24.62
15.49
22.67
-24.66
14.54
22.69
-24.61
13.64
22.67
-24.46
12.85
22.60
-24.17
18.89
23.11
-15.31
18.33
23.09
-15.11
17.72
23.06
-15.12
17.19
23.07
-15.32
19.33
23.23
-15.81
16.77
23.16
-15.73
20.82
22.76
-17.09
20.38
23.04
-16.92
19.71
23.39
-16.60
16.33
23.26
-16.24
15.80
23.24
-16.68
20.94
22.83
-17.69
20.41
23.26
-17.67
19.78
23.72
-17.60
15.21
23.33
-17.13
14.43
23.35
-17.48
13.65
23.35
-17.78
12.96
23.34
-18.09
20.99
22.91
-18.47
20.48
23.34
-18.54
19.89
23.84
-18.55
12.47
23.28
-18.46
12.13
23.34
-18.98
20.99
22.94
-19.15
20.56
23.27
-19.51
19.94
23.84
-19.51
11.90
23.37
-19.72
20.42
23.27
-20.49
19.89
23.81
-20.48
11.77
23.38
-20.58
20.30
23.17
-21.39
19.80
23.71
-21.43
11.75
23.39
-21.49
20.13
23.09
-22.08
19.67
23.50
-22.37
11.85
23.40
-22.39
19.33
23.42
-23.15
12.37
23.16
-23.70
12.11
23.43
-23.25
18.91
23.28
-23.70
18.23
23.36
-24.04
17.37
23.43
-24.29
16.45
23.49
-24.43
15.49
23.53
-24.48
14.55
23.53
-24.44
13.64
23.52
-24.29
12.79
23.49
-23.98
12.39
23.76
-23.65
18.68
23.52
-15.49
18.26
23.58
-15.42
17.73
23.57
-15.41
17.31
23.50
-15.47
18.83
23.70
-15.91
18.26
23.90
-15.89
17.64
23.90
-15.88
17.09
23.68
-15.86
18.98
23.93
-16.65
18.26
24.19
-16.57
17.51
24.20
-16.52
16.69
23.92
-16.52
16.01
23.81
-16.85
19.02
24.28
-17.64
18.23
24.52
-17.34
17.42
24.58
-17.25
16.54
24.45
-17.25
15.56
24.16
-17.37
14.54
24.15
-17.71
13.66
24.14
-17.96
12.87
24.13
-18.25
12.51
24.36
-18.50
19.29
24.35
-18.60
12.48
23.89
-18.47
12.27
24.14
-18.87
19.38
24.38
-19.54
12.05
24.18
-19.68
19.38
24.37
-20.48
11.92
24.21
-20.56
19.30
24.33
-21.42
11.89
24.22
-21.47
19.10
24.28
-22.35
18.68
24.66
-22.67
11.96
24.22
-22.35
18.93
24.04
-23.11
18.49
24.50
-23.20
12.14
24.24
-23.10
18.70
23.87
-23.57
18.14
24.19
-23.73
17.30
24.29
-24.03
16.41
24.34
-24.22
15.48
24.36
-24.30
14.56
24.37
-24.27
13.68
24.36
-24.14
12.92
24.34
-23.89
12.43
24.31
-23.59
18.67
24.68
-18.11
18.13
24.86
-18.02
17.36
24.97
-17.96
16.47
24.97
-17.93
15.52
24.88
-17.98
14.56
24.83
-18.13
13.69
24.78
-18.29
12.98
24.71
-18.45
12.59
24.66
-18.58
18.76
24.78
-18.74
18.13
25.11
-18.75
17.33
25.35
-18.72
16.43
25.43
-18.62
15.50
25.42
-18.60
14.56
25.37
-18.66
13.70
25.27
-18.78
12.97
25.09
-18.93
12.48
24.74
-18.97
18.82
24.87
-19.58
18.16
25.30
-19.61
17.28
25.75
-19.64
16.38
25.87
-19.31
15.47
25.90
-19.23
14.57
25.82
-19.26
13.72
25.69
-19.41
12.94
25.44
-19.73
12.36
24.86
-19.70
18.86
24.89
-20.49
18.26
25.36
-20.52
17.58
25.83
-20.58
12.66
25.51
-20.62
12.21
24.92
-20.57
18.85
24.85
-21.36
18.32
25.30
-21.44
17.68
25.77
-21.49
12.56
25.54
-21.49
12.16
24.94
-21.47
18.79
24.77
-22.04
18.34
25.10
-22.35
17.66
25.61
-22.35
12.59
25.49
-22.34
12.19
24.92
-22.33
18.07
24.99
-23.10
17.49
25.41
-23.10
12.71
25.35
-23.07
12.32
24.87
-23.04
17.84
24.79
-23.57
17.18
25.07
-23.69
16.34
25.09
-23.95
15.46
25.12
-24.05
14.57
25.12
-24.04
13.73
25.10
-23.92
12.98
25.07
-23.63
12.51
24.79
-23.49
16.80
26.26
-20.08
16.23
26.31
-19.84
15.43
26.36
-19.87
14.58
26.23
-19.87
13.81
26.08
-20.01
13.25
25.88
-20.13
16.94
26.32
-20.73
16.53
26.57
-20.99
15.14
26.59
-20.30
14.55
26.53
-20.43
13.85
26.38
-20.73
13.16
25.99
-20.74
17.02
26.20
-21.54
16.34
26.55
-21.59
15.75
26.68
-21.80
13.70
26.42
-21.51
13.09
26.03
-21.52
17.00
26.03
-22.36
16.28
26.34
-22.38
15.46
26.54
-22.37
14.62
26.52
-22.47
13.86
26.38
-22.29
13.13
25.98
-22.33
16.91
25.81
-23.07
16.23
26.05
-23.10
15.43
26.18
-23.12
14.60
26.18
-23.14
13.83
26.06
-23.07
13.18
25.79
-23.04
16.81
25.57
-23.52
16.22
25.66
-23.62
15.43
25.72
-23.67
14.59
25.73
-23.67
13.82
25.67
-23.60
13.27
25.57
-23.49
16.58
26.52
-20.24
16.21
26.58
-20.22
15.71
26.61
-20.23
16.61
26.56
-20.53
16.19
26.68
-20.71
15.44
26.73
-20.69
14.72
26.74
-20.88
14.21
26.66
-21.02
16.01
26.73
-21.23
15.42
26.79
-21.42
14.72
26.80
-21.44
14.17
26.70
-21.48
15.17
26.75
-21.93
14.66
26.74
-21.96
14.19
26.67
-21.93