19.69
-8.46
0.58
19.55
-8.45
0.60
19.66
-8.55
0.14
19.36
-8.59
0.15
18.99
-8.52
-0.04
19.60
-8.64
-0.57
19.26
-8.75
-0.61
18.79
-8.63
-0.67
18.47
-8.52
-1.00
19.52
-8.73
-1.33
19.21
-8.87
-1.36
18.80
-8.82
-1.41
18.47
-8.62
-1.49
19.44
-8.82
-1.95
19.18
-8.92
-1.97
18.81
-8.89
-2.00
18.53
-8.72
-2.01
19.39
-8.86
-2.28
19.16
-8.87
-2.32
18.82
-8.85
-2.33
18.59
-8.79
-2.31
19.76
-8.10
1.16
19.67
-8.05
1.17
19.73
-8.20
0.81
19.47
-8.11
0.87
19.06
-7.92
0.75
19.77
-8.26
0.23
19.24
-8.34
0.49
18.84
-8.14
0.29
19.73
-8.31
-0.50
18.52
-8.21
-0.31
18.29
-8.12
-0.81
19.59
-8.36
-1.30
19.38
-8.09
-1.55
18.31
-8.19
-1.41
19.46
-8.60
-1.96
19.19
-8.34
-2.01
18.78
-8.34
-2.11
18.47
-8.40
-1.98
19.40
-8.75
-2.28
19.17
-8.69
-2.33
18.81
-8.66
-2.36
18.57
-8.65
-2.31
19.75
-7.97
1.18
19.65
-7.86
1.21
19.70
-7.90
0.89
19.41
-7.50
0.99
18.87
-7.38
0.93
19.72
-7.84
0.32
19.51
-7.27
0.39
18.45
-7.47
0.43
18.09
-7.13
0.17
19.68
-7.86
-0.39
19.45
-7.29
-0.36
18.31
-7.73
-0.11
18.08
-7.40
-0.46
19.55
-7.92
-0.98
19.20
-7.52
-1.17
18.63
-7.35
-1.35
18.22
-7.47
-1.20
19.05
-7.92
-1.73
18.70
-7.89
-1.79
18.42
-7.93
-1.72
18.97
-5.29
4.31
18.88
-5.29
4.31
18.97
-5.37
3.96
18.79
-5.37
3.97
18.94
-5.50
3.29
18.65
-5.52
3.30
18.92
-5.77
2.41
18.49
-5.83
2.40
18.11
-5.72
2.05
19.07
-6.35
1.39
18.53
-6.51
1.39
17.99
-6.01
1.35
19.26
-6.44
0.54
18.26
-6.83
0.80
17.86
-6.43
0.53
19.20
-6.50
-0.21
17.70
-6.41
-0.26
17.45
-5.92
-0.42
18.92
-6.58
-0.81
18.44
-6.51
-1.01
17.91
-6.40
-0.84
17.55
-5.94
-0.68
18.99
-4.97
4.39
18.83
-4.97
4.40
19.07
-5.01
4.00
18.62
-5.01
4.04
19.09
-5.08
3.31
18.34
-5.11
3.38
18.02
-4.91
2.97
19.09
-5.22
2.45
18.23
-5.42
2.73
17.88
-5.18
2.34
19.10
-5.44
1.50
17.53
-5.27
1.41
17.19
-4.91
1.02
19.10
-5.61
0.62
17.45
-5.68
0.60
17.16
-5.09
0.47
18.98
-5.74
-0.11
17.42
-5.84
0.03
17.27
-5.37
-0.17
18.74
-5.83
-0.61
18.32
-5.76
-0.81
17.84
-5.66
-0.77
17.47
-5.49
-0.59
18.98
-4.37
4.53
18.78
-4.35
4.55
19.08
-4.41
4.08
18.49
-4.36
4.16
19.12
-4.44
3.37
18.19
-4.44
3.65
17.86
-4.33
3.13
19.08
-4.47
2.49
17.56
-4.40
2.45
18.97
-4.53
1.53
18.74
-4.04
1.18
17.28
-4.47
1.75
16.99
-4.30
1.19
18.87
-4.85
0.64
18.55
-4.20
0.58
16.86
-4.32
0.51
18.71
-5.08
-0.05
18.23
-4.50
-0.06
17.62
-4.35
-0.23
17.10
-4.49
-0.13
14.92
-3.39
-0.62
14.69
-3.41
-0.66
14.52
-3.37
-0.67
18.60
-5.32
-0.47
18.24
-5.13
-0.55
17.76
-5.02
-0.58
17.41
-5.00
-0.50
14.81
-3.42
-0.74
14.63
-3.44
-0.77
14.50
-3.41
-0.76
18.94
-3.41
5.13
18.88
-3.39
5.13
18.94
-3.67
4.77
18.76
-3.61
4.77
19.01
-3.74
4.19
18.36
-3.53
4.18
17.99
-3.15
3.82
19.03
-3.72
3.44
18.09
-3.83
3.76
17.72
-3.48
3.34
18.95
-3.66
2.58
18.75
-3.18
2.20
17.29
-3.54
2.54
16.94
-3.14
2.15
18.88
-3.86
1.86
18.60
-3.39
1.49
17.09
-3.83
1.93
16.73
-3.43
1.50
18.21
-3.44
0.70
17.77
-3.08
0.43
16.29
-3.34
0.61
15.47
-2.95
0.16
14.92
-2.86
-0.10
14.64
-2.85
-0.25
17.96
-3.78
0.19
17.39
-3.42
0.06
16.47
-3.39
-0.02
15.32
-3.14
-0.36
14.83
-3.18
-0.42
14.56
-3.09
-0.51
14.93
-3.22
-0.66
14.66
-3.24
-0.75
14.51
-3.22
-0.70
18.93
-3.27
5.14
18.88
-3.24
5.14
18.89
-3.30
4.82
18.76
-3.18
4.79
18.83
-3.18
4.21
18.44
-2.69
4.09
17.89
-2.44
3.81
18.86
-3.08
3.51
18.59
-2.42
3.39
17.42
-2.48
3.30
17.03
-2.11
2.94
18.84
-3.07
2.89
18.59
-2.51
2.53
17.16
-2.82
2.76
16.81
-2.42
2.39
18.28
-2.43
1.56
17.93
-2.06
1.10
16.41
-2.50
1.64
18.07
-2.75
0.94
17.66
-2.37
0.63
15.99
-2.53
0.97
15.44
-2.35
0.52
14.94
-2.35
0.13
14.65
-2.49
-0.14
17.08
-2.47
0.16
16.31
-2.49
-0.12
15.39
-2.52
-0.39
14.88
-2.43
-0.43
14.60
-2.63
-0.40
14.99
-2.91
-0.62
14.73
-2.91
-0.65
14.55
-2.95
-0.63
18.13
-1.47
3.85
17.70
-1.45
3.85
18.34
-1.45
3.32
17.29
-1.54
3.51
16.89
-1.41
3.07
18.35
-1.47
2.57
16.51
-1.50
2.43
18.13
-1.44
1.80
17.80
-1.36
1.18
16.10
-1.59
1.70
15.72
-1.19
1.37
17.40
-1.45
0.63
15.84
-1.89
1.16
15.43
-1.53
0.84
14.95
-1.62
0.24
14.69
-2.08
-0.04
16.91
-1.58
0.22
16.27
-1.54
-0.04
15.54
-1.56
-0.19
14.98
-1.64
-0.13
14.68
-2.12
-0.20
17.85
0.20
4.33
17.64
0.19
4.38
17.96
-0.29
3.97
17.46
-0.32
4.06
17.00
-0.08
3.84
18.20
-0.44
3.36
17.17
-0.79
3.68
16.74
-0.48
3.33
18.20
-0.49
2.63
16.25
-0.57
2.55
15.88
-0.14
2.20
18.01
-0.49
1.91
17.67
-0.46
1.25
16.00
-0.87
1.95
15.62
-0.45
1.61
17.16
-0.48
0.63
16.71
-0.14
0.33
15.25
-0.57
0.98
14.93
-0.50
0.46
16.81
-0.87
0.27
16.30
-0.53
0.08
15.57
-0.51
-0.05
15.02
-0.49
0.07
17.83
0.78
4.41
17.54
0.76
4.51
18.03
0.62
4.01
17.23
0.55
4.31
16.81
0.62
3.98
18.15
0.50
3.39
16.39
0.47
3.40
16.01
0.89
3.07
18.12
0.44
2.68
16.13
0.16
2.81
15.76
0.59
2.45
17.93
0.43
1.99
17.59
0.48
1.37
15.28
0.55
1.63
14.87
0.95
1.20
17.12
0.52
0.79
16.60
0.59
0.38
15.04
0.22
1.06
14.62
0.71
0.64
14.00
1.32
0.31
13.69
1.56
0.16
16.09
0.44
0.11
15.45
0.54
0.01
14.73
0.73
0.11
14.05
1.32
0.07
13.71
1.56
0.05
17.76
1.60
4.48
17.36
1.60
4.63
16.97
1.93
4.58
18.00
1.53
4.04
17.08
1.23
4.45
16.63
1.57
4.20
16.19
1.94
3.85
18.09
1.39
3.40
16.30
1.21
3.67
15.92
1.62
3.31
18.05
1.29
2.72
15.51
1.54
2.55
17.87
1.28
2.08
17.54
1.42
1.52
15.13
1.47
1.88
14.74
1.65
1.37
17.05
1.49
0.92
16.41
1.53
0.40
15.91
1.90
0.18
14.33
1.67
0.85
13.87
1.86
0.46
13.60
1.98
0.18
15.99
1.17
0.14
15.44
1.56
0.01
14.64
1.66
-0.06
14.00
1.87
-0.07
13.63
1.98
-0.00
17.72
2.56
4.57
17.35
2.58
4.78
16.91
2.65
4.70
17.94
2.56
4.03
17.95
2.98
3.73
16.48
2.58
4.38
16.05
2.64
3.93
18.01
2.22
3.37
17.93
2.87
3.24
15.67
2.56
3.32
17.95
2.05
2.70
17.81
2.72
2.57
15.25
2.51
2.56
14.91
2.87
2.14
17.82
1.92
2.18
17.55
2.41
1.80
15.01
2.17
2.01
14.66
2.55
1.63
17.03
2.48
1.07
16.45
2.54
0.54
15.86
2.63
0.20
14.18
2.57
1.01
13.76
2.64
0.55
13.51
2.69
0.19
15.24
2.57
-0.03
14.52
2.59
-0.16
13.90
2.66
-0.18
13.53
2.71
-0.06
17.69
3.54
4.70
17.31
3.54
4.92
16.84
3.54
4.83
17.90
3.53
4.22
17.93
3.53
3.78
16.37
3.51
4.51
15.92
3.52
4.02
17.89
3.54
3.23
15.51
3.49
3.41
17.75
3.54
2.52
15.16
3.43
2.78
14.82
3.58
2.26
17.47
3.46
1.78
14.47
3.52
1.66
17.02
3.49
1.11
16.45
3.51
0.59
15.82
3.54
0.22
14.06
3.50
1.08
13.66
3.54
0.60
13.38
3.59
0.17
15.14
3.53
-0.06
14.41
3.55
-0.23
13.73
3.61
-0.29
13.32
3.65
-0.18
17.71
4.57
4.85
17.29
4.55
5.12
16.76
4.50
4.98
17.93
4.53
4.17
17.94
4.09
3.78
16.28
4.40
4.63
15.81
4.47
4.15
17.98
4.85
3.49
17.91
4.23
3.27
15.32
4.47
3.45
14.98
4.85
3.03
17.94
4.97
2.88
17.80
4.44
2.54
15.08
4.14
2.91
14.75
4.50
2.47
17.51
4.40
1.76
14.33
4.47
1.73
17.08
4.48
1.11
16.49
4.49
0.59
15.83
4.49
0.20
13.95
4.39
1.15
13.57
4.49
0.65
13.20
4.58
0.12
15.10
4.51
-0.10
14.31
4.54
-0.31
13.42
4.66
-0.46
12.84
4.79
-0.42
12.03
5.35
-0.75
11.67
5.56
-0.87
12.93
4.98
-0.64
12.51
5.11
-0.68
11.95
5.41
-0.82
11.65
5.58
-0.90
17.86
6.37
6.27
17.75
6.37
6.31
17.83
6.20
5.93
17.59
6.18
6.03
17.81
5.70
5.21
17.30
5.63
5.51
16.61
5.53
5.16
16.12
5.87
4.87
18.04
5.65
4.31
18.11
5.90
4.10
16.20
5.13
4.76
15.76
5.48
4.39
18.09
5.69
3.58
18.13
5.91
3.85
15.27
5.42
3.72
14.89
5.57
3.15
18.00
5.63
2.64
17.83
5.10
2.28
14.54
5.48
2.48
17.85
5.88
1.86
17.63
5.23
1.71
14.12
5.45
1.71
13.80
5.83
1.29
17.63
6.03
1.35
17.24
5.55
1.07
16.56
5.46
0.53
15.87
5.44
0.15
13.88
5.11
1.20
13.55
5.49
0.81
13.13
5.52
0.16
15.13
5.46
-0.14
14.30
5.48
-0.37
13.38
5.47
-0.51
12.76
5.56
-0.45
11.92
5.81
-0.79
11.58
5.93
-0.90
12.91
5.26
-0.65
12.48
5.40
-0.69
11.85
5.80
-0.86
11.56
5.93
-0.92
17.87
6.62
6.29
17.71
6.62
6.34
17.93
6.63
5.91
17.40
6.61
6.08
17.03
6.83
5.87
18.03
6.54
5.22
17.13
6.25
5.75
16.67
6.53
5.49
16.04
6.62
4.97
18.17
6.45
4.34
18.16
6.17
4.11
15.47
6.54
4.35
15.04
6.90
3.91
18.22
6.46
3.60
18.17
6.17
3.86
15.16
6.16
3.83
14.78
6.52
3.36
18.17
6.57
2.67
14.38
6.39
2.58
18.00
6.67
1.86
14.05
6.35
1.93
13.73
6.54
1.42
17.69
6.70
1.24
17.20
6.55
0.77
16.57
6.38
0.37
15.93
6.31
0.06
13.40
6.50
0.83
13.10
6.50
0.22
15.25
6.43
-0.22
14.39
6.48
-0.44
13.56
6.45
-0.49
13.01
6.50
-0.31
11.66
6.59
-0.88
11.49
6.58
-0.93
11.64
6.60
-0.93
11.48
6.59
-0.96
17.85
6.91
6.26
17.71
6.91
6.31
17.86
7.20
5.90
17.50
7.20
6.06
17.04
7.36
5.85
18.07
7.40
5.22
16.59
7.46
5.50
15.99
7.53
5.05
18.30
7.47
4.37
15.42
7.56
4.52
14.93
7.65
3.97
18.39
7.47
3.53
14.47
7.59
3.27
14.13
8.03
2.88
18.34
7.55
2.65
14.18
7.20
2.57
13.91
7.83
2.37
18.13
7.59
1.82
13.96
7.01
2.05
13.65
7.47
1.67
17.76
7.60
1.13
17.17
7.58
0.51
16.53
7.19
0.18
16.00
6.99
-0.03
13.27
7.46
0.93
12.94
7.48
0.25
16.82
8.02
0.14
16.31
7.82
-0.08
15.51
7.46
-0.31
14.43
7.56
-0.64
13.50
7.38
-0.65
12.69
7.52
-0.46
11.88
7.45
-0.81
11.56
7.29
-0.92
13.98
8.07
-0.90
13.36
8.00
-0.94
12.60
7.91
-0.91
11.86
7.53
-0.96
11.56
7.31
-0.97
17.78
7.84
5.69
17.44
7.89
5.81
17.06
7.89
5.76
17.95
8.37
5.18
17.38
8.55
5.47
16.73
8.38
5.45
16.01
8.49
5.06
18.70
9.09
3.94
18.43
8.58
4.31
15.40
8.53
4.60
14.87
8.57
4.07
18.76
9.06
3.49
18.57
8.43
3.50
14.42
8.59
3.49
14.04
8.70
2.94
18.74
9.11
3.02
18.53
8.64
2.65
13.73
8.64
2.33
18.24
8.58
1.78
13.41
8.49
1.64
17.87
8.56
1.07
17.40
8.59
0.49
13.10
8.38
0.99
12.75
8.44
0.39
16.90
8.69
0.05
16.28
8.63
-0.28
15.54
8.49
-0.57
14.77
8.46
-0.83
12.37
8.41
-0.24
11.89
8.32
-0.76
11.62
7.83
-0.90
14.14
8.68
-1.08
13.38
8.70
-1.23
12.59
8.61
-1.21
11.92
8.40
-1.07
11.62
7.85
-1.00
17.94
9.46
4.97
17.34
9.49
5.24
16.67
9.47
5.25
15.99
9.49
5.00
18.71
9.65
3.97
18.42
9.53
4.44
15.38
9.51
4.61
14.84
9.53
4.13
18.81
9.68
3.47
14.37
9.54
3.59
13.95
9.57
3.00
18.75
9.68
2.94
18.55
9.60
2.39
13.58
9.54
2.34
18.28
9.56
1.70
13.19
9.48
1.59
12.86
9.84
1.13
17.93
9.54
1.03
17.49
9.54
0.44
12.97
9.11
1.05
12.63
9.46
0.58
16.95
9.57
-0.05
16.30
9.53
-0.47
15.54
9.43
-0.83
14.92
9.13
-1.00
12.24
9.37
-0.10
11.92
9.48
-0.69
15.12
9.83
-1.16
14.43
9.52
-1.32
13.46
9.57
-1.59
12.59
9.47
-1.54
11.88
9.73
-1.35
11.57
10.29
-1.66
13.12
10.05
-1.91
12.54
10.07
-1.92
11.94
10.21
-1.87
11.61
10.43
-1.89
17.90
10.41
4.82
17.31
10.44
5.08
16.65
10.47
5.11
15.98
10.49
4.94
18.69
10.32
3.94
18.38
10.40
4.37
15.37
10.50
4.60
14.82
10.51
4.16
18.79
10.33
3.45
14.33
10.51
3.63
13.88
10.52
3.05
18.72
10.36
2.92
18.49
10.54
2.32
18.38
10.83
2.12
13.47
10.50
2.40
18.27
10.57
1.72
18.31
10.84
1.91
13.12
10.43
1.78
12.77
10.58
1.22
17.95
10.52
1.01
17.54
10.51
0.39
12.36
10.52
0.50
12.02
10.88
0.04
17.01
10.52
-0.15
16.33
10.52
-0.68
15.76
10.17
-0.95
12.12
10.14
-0.03
11.82
10.52
-0.48
15.93
10.89
-1.08
15.35
10.57
-1.33
14.48
10.43
-1.72
13.78
10.18
-1.84
11.58
10.62
-1.16
11.42
10.83
-1.65
14.07
10.80
-2.10
13.40
10.58
-2.15
12.60
10.65
-2.25
11.95
10.76
-2.20
11.53
10.89
-2.04
17.84
11.27
4.67
17.29
11.34
4.94
16.64
11.44
5.00
15.97
11.46
4.87
18.62
10.87
3.86
18.30
11.31
4.12
15.37
11.48
4.58
14.81
11.49
4.16
18.69
10.91
3.42
18.48
11.52
3.37
14.30
11.50
3.66
13.82
11.51
3.08
18.67
10.88
2.95
18.46
11.32
2.51
18.37
11.10
2.18
13.33
11.52
2.39
13.00
11.89
1.97
18.27
11.38
1.76
18.30
11.11
1.94
13.06
11.16
1.88
12.74
11.54
1.45
17.98
11.45
1.00
17.60
11.46
0.35
12.30
11.55
0.71
11.92
11.62
0.10
17.13
11.47
-0.21
16.58
11.50
-0.73
11.60
11.53
-0.52
16.04
11.59
-1.22
15.37
11.53
-1.74
14.73
11.12
-1.95
11.37
11.47
-1.12
11.25
11.62
-1.67
14.92
11.95
-2.31
14.28
11.43
-2.37
13.42
11.30
-2.55
12.61
11.30
-2.61
11.92
11.41
-2.53
11.38
11.71
-2.29
14.66
12.25
-2.69
14.15
12.08
-2.82
13.40
11.97
-2.95
12.61
11.94
-2.99
11.91
11.99
-2.90
11.46
12.10
-2.74
17.73
11.96
4.60
17.29
12.15
4.80
16.65
12.46
4.88
15.97
12.41
4.80
17.96
12.42
4.16
17.41
12.78
4.57
16.96
12.94
4.75
15.39
12.44
4.55
14.83
12.48
4.16
18.30
12.48
3.35
14.30
12.50
3.68
13.81
12.51
3.14
18.39
12.43
2.51
13.35
12.54
2.56
12.96
12.63
2.02
18.29
12.41
1.70
12.61
12.55
1.44
18.04
12.40
0.94
17.69
12.38
0.28
12.21
12.54
0.79
11.81
12.55
0.13
17.25
12.38
-0.29
16.75
12.38
-0.82
11.40
12.53
-0.58
11.13
12.90
-1.05
16.26
12.42
-1.34
15.74
12.45
-1.86
11.24
12.18
-1.09
11.05
12.57
-1.57
15.28
12.63
-2.39
11.03
12.64
-2.34
14.82
12.79
-2.84
14.18
12.77
-3.17
13.39
12.64
-3.33
12.57
12.59
-3.35
11.82
12.62
-3.23
11.26
12.70
-2.93
16.41
13.28
4.80
15.93
13.23
4.74
17.88
13.51
3.96
17.36
13.59
4.41
16.81
13.54
4.67
15.45
13.37
4.51
14.87
13.45
4.14
18.25
13.50
3.26
14.31
13.49
3.69
13.81
13.50
3.18
18.43
13.48
2.44
13.34
13.52
2.63
12.93
13.54
2.06
18.38
13.39
1.60
12.55
13.53
1.47
18.16
13.33
0.79
17.81
13.21
0.16
12.15
13.52
0.84
11.75
13.53
0.21
17.40
13.22
-0.43
16.93
13.16
-0.94
11.36
13.55
-0.43
11.04
13.64
-1.02
16.48
13.21
-1.47
16.01
13.20
-1.97
10.81
13.60
-1.68
15.59
13.36
-2.49
10.66
13.70
-2.53
10.36
14.20
-2.99
15.07
13.57
-3.04
14.26
13.63
-3.57
13.37
13.33
-3.72
12.52
13.24
-3.75
11.70
13.29
-3.63
10.95
13.56
-3.32
10.42
14.20
-3.47
13.88
14.08
-4.04
13.25
13.91
-4.15
12.46
13.82
-4.19
11.65
13.86
-4.13
10.94
14.04
-3.99
10.47
14.34
-3.93
16.28
13.82
4.72
15.95
13.80
4.69
17.83
14.50
3.85
17.25
14.47
4.28
16.50
14.32
4.54
15.70
14.28
4.46
14.96
14.43
4.11
18.27
14.53
3.21
14.35
14.48
3.68
13.81
14.50
3.19
18.80
15.12
1.91
18.57
14.60
2.34
13.34
14.51
2.66
12.91
14.51
2.08
18.81
15.06
1.34
18.56
14.32
1.45
12.52
14.51
1.48
18.73
15.08
0.63
18.35
14.29
0.49
17.94
13.86
-0.01
12.12
14.51
0.87
11.72
14.51
0.26
18.63
15.24
0.06
18.23
14.88
-0.42
17.62
14.06
-0.68
17.09
13.75
-1.09
11.33
14.53
-0.35
10.96
14.55
-0.97
17.90
15.12
-1.27
17.38
14.55
-1.46
16.75
13.96
-1.68
16.24
13.75
-2.05
10.66
14.56
-1.62
17.68
15.33
-1.81
17.20
15.08
-2.15
16.57
14.51
-2.32
15.99
14.04
-2.52
10.40
14.63
-2.33
10.18
14.79
-2.95
16.84
15.28
-2.66
16.34
14.99
-2.88
15.55
14.53
-3.20
14.73
14.52
-3.79
10.12
14.85
-3.60
14.06
14.76
-4.34
13.25
14.51
-4.56
12.43
14.39
-4.64
11.61
14.39
-4.63
10.86
14.55
-4.51
10.25
14.89
-4.30
13.74
15.18
-4.80
13.16
15.08
-5.01
12.39
14.94
-5.12
11.56
14.91
-5.14
10.80
15.00
-5.07
10.23
15.20
-4.94
17.81
15.46
3.81
17.22
15.46
4.17
16.48
15.42
4.35
15.71
15.42
4.30
14.99
15.46
4.04
18.28
15.51
3.27
14.36
15.49
3.66
13.82
15.50
3.19
18.88
15.75
1.99
18.63
15.59
2.60
13.34
15.50
2.66
12.90
15.50
2.09
18.97
15.79
1.34
12.50
15.50
1.49
18.94
15.81
0.65
12.11
15.50
0.89
11.70
15.50
0.29
18.79
15.84
-0.01
18.51
15.77
-0.64
11.30
15.50
-0.31
10.92
15.51
-0.92
18.18
15.82
-1.34
10.57
15.52
-1.57
17.85
15.87
-1.93
17.41
15.82
-2.41
10.27
15.55
-2.24
10.02
15.61
-2.92
16.92
15.83
-2.86
16.33
15.72
-3.24
15.57
15.57
-3.69
14.97
15.22
-3.99
9.85
15.66
-3.65
15.15
15.92
-4.14
14.58
15.63
-4.44
9.78
15.71
-4.47
13.93
15.78
-5.00
13.18
15.81
-5.48
12.34
15.51
-5.61
11.50
15.42
-5.65
10.65
15.51
-5.60
9.79
15.82
-5.40
9.22
16.26
-5.84
12.82
16.17
-5.98
12.22
16.00
-6.09
11.44
15.91
-6.17
10.59
15.93
-6.22
9.71
16.12
-6.32
9.01
16.32
-6.42
8.69
16.31
-6.65
9.38
16.36
-6.73
8.93
16.39
-6.74
8.68
16.33
-6.77
17.81
16.37
3.79
17.24
16.44
4.09
16.50
16.46
4.24
15.73
16.46
4.21
15.01
16.48
3.99
18.26
16.47
3.33
14.38
16.49
3.63
13.82
16.49
3.18
18.93
16.59
2.05
18.65
16.53
2.71
13.34
16.50
2.66
12.90
16.49
2.10
19.06
16.61
1.35
12.49
16.49
1.50
19.06
16.63
0.64
12.09
16.48
0.90
11.69
16.48
0.31
18.92
16.64
-0.07
18.67
16.62
-0.75
11.28
16.48
-0.28
10.88
16.49
-0.89
18.35
16.63
-1.43
10.51
16.49
-1.53
17.98
16.63
-2.05
17.54
16.60
-2.57
10.19
16.48
-2.19
9.90
16.52
-2.87
17.02
16.59
-3.04
16.43
16.54
-3.44
15.81
16.50
-3.84
9.65
16.56
-3.64
15.28
16.60
-4.26
14.72
16.56
-4.69
9.40
16.62
-4.52
9.11
16.99
-5.04
14.14
16.60
-5.21
13.54
16.64
-5.73
9.36
16.37
-5.19
9.02
16.77
-5.65
12.94
16.80
-6.29
12.21
16.54
-6.51
11.43
16.41
-6.64
10.62
16.35
-6.70
9.96
16.35
-6.71
8.79
16.75
-6.46
8.63
16.45
-6.67
12.68
17.18
-6.74
12.15
17.08
-6.93
11.38
16.97
-7.10
10.52
16.84
-7.14
9.64
16.72
-7.05
8.89
16.77
-6.94
8.65
16.46
-6.82
17.80
17.10
3.78
17.36
17.45
3.99
16.54
17.46
4.16
15.74
17.46
4.14
15.02
17.46
3.94
18.15
17.46
3.44
17.80
17.72
3.76
14.39
17.47
3.60
13.84
17.48
3.16
18.94
17.51
2.07
18.62
17.49
2.76
13.34
17.48
2.65
12.89
17.48
2.09
19.10
17.52
1.36
12.46
17.47
1.50
19.11
17.53
0.63
12.06
17.45
0.92
11.65
17.46
0.34
18.98
17.54
-0.10
18.75
17.53
-0.81
11.24
17.45
-0.24
10.84
17.47
-0.85
18.44
17.53
-1.52
10.45
17.46
-1.50
18.06
17.51
-2.18
17.62
17.42
-2.71
10.13
17.39
-2.13
9.84
17.48
-2.77
17.12
17.47
-3.18
16.52
17.37
-3.59
15.96
17.32
-3.97
9.55
17.52
-3.52
15.45
17.44
-4.38
14.88
17.44
-4.86
9.27
17.57
-4.30
9.01
17.67
-4.98
14.33
17.46
-5.39
13.81
17.45
-5.88
8.82
17.64
-5.71
13.34
17.61
-6.40
8.66
17.65
-6.54
12.84
17.75
-6.91
12.20
17.73
-7.28
11.38
17.68
-7.59
10.47
17.46
-7.64
9.57
17.45
-7.64
8.68
17.77
-7.51
8.15
18.25
-8.06
11.06
18.07
-8.01
10.41
17.98
-8.15
9.57
17.97
-8.33
8.68
18.10
-8.59
7.92
18.35
-8.74
7.52
18.50
-9.10
8.32
18.28
-9.35
7.81
18.33
-9.37
7.46
18.51
-9.50
8.14
18.43
-9.85
7.76
18.46
-9.88
7.46
18.57
-9.90
17.79
18.84
3.71
17.36
18.49
3.93
16.54
18.43
4.10
15.75
18.40
4.08
15.05
18.40
3.89
18.14
18.50
3.41
17.79
18.24
3.74
14.43
18.43
3.56
13.87
18.44
3.14
18.92
18.43
2.06
18.61
18.46
2.73
13.37
18.46
2.64
12.88
18.46
2.08
19.09
18.45
1.35
12.42
18.44
1.48
19.11
18.48
0.62
12.01
18.36
0.93
11.61
18.42
0.39
19.01
18.49
-0.13
18.81
18.48
-0.86
11.20
18.37
-0.17
10.79
18.46
-0.77
18.51
18.49
-1.60
10.34
18.49
-1.53
10.04
18.87
-2.02
18.09
18.49
-2.38
17.67
18.14
-2.82
10.09
18.13
-2.07
9.83
18.50
-2.58
17.77
18.88
-2.90
17.23
18.51
-3.34
16.56
18.15
-3.76
16.07
17.96
-4.06
9.49
18.51
-3.41
16.85
18.87
-3.75
16.40
18.75
-4.04
15.72
18.39
-4.45
15.05
18.31
-5.00
9.20
18.53
-4.19
8.94
18.56
-4.93
14.47
18.39
-5.60
13.99
18.11
-5.99
8.71
18.56
-5.69
14.20
18.84
-6.07
13.69
18.52
-6.48
8.50
18.57
-6.49
13.03
18.57
-7.12
12.34
18.52
-7.64
11.72
18.25
-7.85
8.31
18.64
-7.30
7.97
18.77
-7.97
12.02
18.89
-8.08
11.37
18.62
-8.29
10.53
18.51
-8.62
9.70
18.45
-8.96
9.03
18.31
-9.03
7.66
18.84
-8.61
7.39
18.83
-9.11
9.34
18.69
-9.60
8.77
18.47
-9.56
7.29
18.90
-9.64
9.09
18.87
-10.13
8.45
18.73
-10.27
7.79
18.75
-10.36
7.37
18.95
-10.26
8.22
19.01
-10.89
7.76
19.06
-10.94
7.40
19.20
-10.88
4.33
19.59
-18.40
4.12
19.57
-18.45
4.66
19.60
-18.64
4.38
19.52
-18.58
3.98
19.47
-18.65
3.72
19.36
-18.75
4.63
19.63
-18.79
4.35
19.57
-18.81
3.96
19.48
-18.80
3.72
19.37
-18.82
17.78
19.50
3.65
17.23
19.42
3.90
16.49
19.33
4.02
15.75
19.27
3.98
15.09
19.25
3.80
18.21
19.45
3.23
14.52
19.37
3.47
13.95
19.34
3.09
18.90
19.29
2.00
18.61
19.40
2.60
13.44
19.43
2.61
12.89
19.44
2.04
19.05
19.34
1.35
12.32
19.46
1.39
11.94
19.81
0.97
19.08
19.44
0.62
11.96
19.10
0.94
11.56
19.47
0.46
11.15
19.85
-0.02
19.02
19.44
-0.16
18.87
19.42
-0.89
11.19
19.12
-0.08
10.83
19.50
-0.54
18.65
19.45
-1.61
10.36
19.53
-1.31
10.01
19.62
-1.97
18.32
19.48
-2.32
9.72
19.53
-2.64
17.92
19.63
-2.93
17.31
19.58
-3.51
16.92
19.91
-3.90
9.43
19.51
-3.39
16.88
19.35
-3.83
16.47
19.59
-4.20
15.67
19.46
-4.82
15.16
19.00
-5.12
9.16
19.50
-4.14
8.90
19.51
-4.89
15.18
19.83
-5.43
14.80
19.21
-5.57
8.66
19.51
-5.67
14.85
20.03
-5.86
14.43
19.62
-6.15
13.82
19.52
-6.76
8.42
19.52
-6.48
13.18
19.53
-7.44
12.62
19.20
-7.80
8.17
19.52
-7.28
7.87
19.49
-7.97
12.84
19.89
-7.96
12.29
19.58
-8.30
11.48
19.42
-8.89
10.64
19.03
-9.11
10.06
18.83
-9.26
7.54
19.58
-8.71
7.32
19.27
-9.15
11.16
19.81
-9.67
10.50
19.38
-9.75
9.85
19.03
-9.77
7.33
19.86
-9.31
7.21
19.51
-9.70
10.94
20.12
-10.41
10.30
19.68
-10.51
9.49
19.24
-10.51
8.82
19.08
-10.74
7.18
19.57
-10.49
10.75
20.30
-11.03
10.21
20.05
-11.35
9.39
19.64
-11.40
8.53
19.37
-11.39
7.77
19.46
-11.53
7.24
19.73
-11.37
9.96
20.25
-12.04
9.31
20.03
-12.29
8.48
19.79
-12.27
7.71
19.82
-12.32
7.08
20.06
-12.39
6.77
20.16
-12.72
8.99
20.21
-12.91
8.39
20.10
-12.97
7.67
20.11
-12.99
7.07
20.23
-12.94
6.77
20.21
-12.92
5.02
20.13
-18.15
4.57
19.91
-18.26
4.20
19.87
-18.39
4.95
19.92
-18.50
4.63
19.71
-18.43
3.96
19.76
-18.66
3.71
19.47
-18.76
4.87
19.97
-18.86
4.48
19.94
-18.97
4.03
19.78
-18.86
3.73
19.48
-18.84
17.75
20.24
3.54
17.18
20.30
3.76
16.45
20.13
3.87
15.73
20.02
3.82
15.15
19.91
3.69
18.15
20.31
3.08
16.95
20.80
3.64
16.37
20.78
3.64
15.60
20.69
3.54
14.71
20.39
3.31
14.07
20.07
3.02
18.86
19.94
1.93
18.60
20.36
2.33
14.16
20.80
2.88
13.62
20.44
2.57
12.98
20.37
2.02
18.97
20.13
1.39
18.84
20.71
1.62
12.45
20.45
1.48
11.99
20.49
1.01
19.03
20.47
0.66
18.95
20.89
1.11
11.57
20.51
0.52
11.13
20.58
-0.01
19.03
20.39
-0.24
18.94
20.27
-0.92
10.73
20.52
-0.58
18.86
20.94
-1.80
18.81
20.39
-1.60
10.32
20.52
-1.25
9.96
20.54
-1.94
18.71
20.97
-2.28
18.53
20.36
-2.29
9.66
20.51
-2.64
18.53
20.98
-2.66
18.18
20.61
-2.92
17.53
20.53
-3.52
16.99
20.55
-3.97
9.38
20.49
-3.38
16.46
20.48
-4.40
15.89
20.46
-4.92
9.12
20.46
-4.11
8.87
20.48
-4.86
15.40
20.60
-5.47
8.63
20.49
-5.66
14.96
20.66
-6.00
14.48
20.52
-6.47
13.98
20.40
-6.97
8.39
20.50
-6.50
13.50
20.49
-7.54
8.11
20.50
-7.41
7.88
20.17
-7.99
13.01
20.59
-8.14
12.43
20.51
-8.79
11.88
20.09
-9.11
7.93
20.86
-8.01
7.68
20.53
-8.59
12.13
20.88
-9.51
11.68
20.38
-9.67
7.36
20.57
-9.57
7.18
20.08
-9.95
11.92
21.09
-10.04
11.47
20.77
-10.43
7.21
20.84
-10.45
7.11
20.23
-10.60
11.01
20.83
-11.31
10.53
20.52
-11.71
7.11
20.97
-11.15
7.04
20.50
-11.51
10.80
21.08
-11.95
10.26
20.80
-12.42
9.63
20.44
-12.72
6.91
20.53
-12.53
6.72
20.32
-12.78
9.89
21.08
-13.28
9.24
20.63
-13.38
8.42
20.47
-13.64
7.66
20.47
-13.65
7.01
20.66
-13.37
6.75
20.36
-13.04
9.68
21.31
-13.87
9.15
21.15
-14.26
8.38
20.87
-14.47
7.64
20.81
-14.54
7.03
21.04
-14.52
8.86
21.37
-14.94
8.28
21.24
-15.37
7.52
21.05
-15.52
6.80
21.19
-15.65
6.34
21.28
-16.17
7.95
21.35
-16.15
7.39
21.17
-16.52
6.66
21.06
-16.62
6.09
21.13
-16.81
7.08
21.18
-17.45
6.39
20.92
-17.54
5.53
20.75
-17.76
4.79
20.52
-18.07
4.36
20.41
-18.32
6.90
21.27
-18.21
6.27
20.91
-18.33
5.54
20.50
-18.43
4.19
20.43
-18.63
6.72
21.37
-18.78
6.19
21.15
-19.05
5.38
20.65
-19.05
4.78
20.67
-19.20
4.30
20.49
-18.95
5.95
21.33
-19.48
5.51
21.16
-19.51
5.12
21.09
-19.51
17.73
20.75
3.44
17.41
20.79
3.58
17.89
21.11
3.02
17.22
21.24
3.33
16.44
21.43
3.32
15.63
21.49
3.21
14.86
21.44
3.02
18.38
21.31
2.29
14.21
21.54
2.68
13.53
21.47
2.23
13.01
21.11
1.91
18.73
21.41
1.63
13.11
21.84
1.80
12.58
21.48
1.42
12.06
21.16
1.02
19.01
21.41
0.42
18.91
21.44
1.05
12.15
21.86
0.95
11.69
21.50
0.57
11.16
21.43
-0.01
19.03
21.31
-0.55
18.99
20.84
-0.94
10.73
21.49
-0.58
18.96
21.45
-1.48
18.94
20.91
-1.34
10.31
21.50
-1.24
9.94
21.51
-1.92
18.77
21.63
-2.28
18.59
21.92
-2.72
9.62
21.50
-2.64
18.56
21.38
-2.70
18.24
21.57
-3.10
17.61
21.38
-3.66
17.06
21.28
-4.09
9.32
21.47
-3.39
16.57
21.31
-4.54
16.06
21.29
-5.02
9.08
21.38
-4.08
8.84
21.46
-4.79
15.62
21.42
-5.58
8.60
21.48
-5.62
15.11
21.47
-6.19
14.56
21.40
-6.76
14.12
21.09
-7.11
8.38
21.48
-6.47
14.30
21.79
-7.23
13.83
21.45
-7.61
8.16
21.47
-7.30
13.26
21.47
-8.31
12.78
21.41
-8.91
7.96
21.55
-8.01
7.73
21.52
-8.73
12.44
21.59
-9.55
7.50
21.56
-9.60
12.09
21.67
-10.18
11.72
21.54
-10.72
7.32
21.64
-10.51
11.37
21.62
-11.38
7.16
21.62
-11.48
7.03
21.11
-11.86
11.02
21.70
-12.06
10.61
21.65
-12.69
7.08
21.87
-12.40
6.96
21.24
-12.57
10.25
21.75
-13.39
7.02
22.00
-13.10
6.93
21.53
-13.48
9.90
21.83
-14.01
9.48
21.79
-14.55
6.81
21.65
-14.51
9.08
21.85
-15.15
8.61
21.82
-15.76
6.56
21.70
-15.47
6.23
21.63
-16.13
8.15
21.78
-16.57
7.72
21.45
-16.86
5.91
21.58
-16.81
7.92
21.95
-17.37
7.55
21.55
-17.48
5.41
21.49
-17.64
4.82
21.10
-18.07
4.47
20.89
-18.31
7.76
22.00
-17.85
7.41
21.80
-18.20
5.18
21.83
-18.14
4.78
21.50
-18.37
4.43
21.12
-18.62
7.00
21.83
-18.95
6.53
21.72
-19.37
4.78
21.30
-19.30
4.46
21.13
-19.00
6.12
21.79
-19.69
5.60
21.71
-19.73
5.14
21.51
-19.60
17.82
21.81
2.69
17.26
21.98
2.85
16.50
22.14
2.90
15.66
22.37
2.82
14.94
22.28
2.75
18.53
22.67
1.66
18.20
22.28
2.08
17.41
22.66
2.33
16.64
22.75
2.49
15.98
22.98
2.48
14.36
22.40
2.46
13.76
22.38
2.11
18.74
22.64
1.23
18.67
22.10
1.51
17.20
23.17
2.12
16.69
23.24
2.21
16.23
23.32
2.26
13.26
22.55
1.69
12.74
22.45
1.30
18.96
22.37
0.52
18.88
21.99
1.03
12.24
22.59
0.84
11.61
22.53
0.29
11.18
22.15
-0.07
19.05
22.39
-0.48
11.22
22.88
-0.15
10.84
22.51
-0.54
19.01
22.43
-1.41
10.34
22.50
-1.24
9.94
22.49
-1.93
18.87
22.44
-2.13
18.63
22.58
-2.73
9.58
22.49
-2.65
18.16
22.56
-3.44
17.56
22.15
-3.94
17.11
21.86
-4.23
9.23
22.49
-3.48
9.00
22.86
-4.02
17.86
23.00
-4.01
17.36
22.79
-4.45
16.76
22.13
-4.71
16.24
21.92
-5.11
9.04
22.13
-4.05
8.82
22.49
-4.62
17.03
23.07
-4.97
16.57
22.76
-5.26
15.96
22.31
-5.66
8.54
22.48
-5.56
15.33
22.39
-6.43
14.81
22.11
-6.84
8.32
22.44
-6.45
15.07
22.85
-6.97
14.55
22.51
-7.34
13.98
22.37
-7.91
8.14
22.36
-7.27
13.44
22.42
-8.62
12.98
22.09
-9.04
7.97
22.34
-7.99
7.77
22.46
-8.69
13.16
22.78
-9.21
12.74
22.42
-9.60
7.58
22.51
-9.58
12.25
22.50
-10.41
11.89
22.17
-10.84
7.42
22.56
-10.52
12.01
22.75
-10.92
11.67
22.51
-11.37
7.30
22.58
-11.49
11.22
22.53
-12.18
10.83
22.45
-12.84
7.20
22.65
-12.44
10.49
22.55
-13.50
7.08
22.64
-13.40
6.94
22.19
-13.83
10.09
22.57
-14.18
9.69
22.49
-14.74
7.00
22.87
-14.16
6.83
22.43
-14.61
9.31
22.54
-15.32
8.88
22.52
-15.97
6.52
22.41
-15.68
6.23
22.05
-16.16
8.49
22.52
-16.71
6.31
22.73
-16.58
6.02
22.14
-16.75
8.15
22.56
-17.55
8.00
22.71
-18.03
6.08
22.89
-17.41
5.73
22.24
-17.55
7.89
22.34
-17.95
7.71
22.50
-18.43
5.89
23.00
-18.07
5.47
22.46
-18.43
4.89
21.87
-18.71
4.56
21.55
-18.80
7.23
22.56
-19.29
6.73
22.25
-19.58
5.44
22.56
-19.28
4.93
21.87
-19.22
4.58
21.55
-19.03
6.95
22.88
-19.90
6.38
22.53
-19.95
5.68
22.45
-19.85
5.21
21.95
-19.61
15.33
22.92
2.59
14.93
22.86
2.55
18.51
23.03
1.57
18.19
23.02
1.81
17.72
23.11
2.01
15.45
23.50
2.29
14.56
23.36
2.19
13.92
23.09
1.96
18.65
23.33
1.13
18.19
23.62
1.47
17.48
23.64
1.81
16.73
23.80
1.96
16.08
23.78
2.10
14.06
23.82
1.82
13.46
23.50
1.53
12.89
23.16
1.21
18.92
23.32
0.39
13.01
23.88
1.09
12.49
23.54
0.79
11.81
23.54
0.25
19.04
23.41
-0.50
11.29
23.61
-0.23
10.81
23.52
-0.72
19.03
23.42
-1.53
18.96
23.66
-2.06
10.35
23.49
-1.32
9.95
23.46
-1.95
18.93
23.10
-2.08
18.78
23.42
-2.58
9.59
23.49
-2.62
18.42
23.54
-3.40
9.25
23.52
-3.33
8.97
23.60
-3.99
18.02
23.66
-4.11
17.57
23.58
-4.65
8.71
23.52
-4.72
17.15
23.67
-5.20
16.57
23.50
-5.73
16.08
23.01
-5.96
8.43
23.49
-5.59
16.19
23.85
-6.37
15.73
23.22
-6.48
8.19
23.45
-6.50
8.02
23.96
-6.92
15.85
24.05
-6.85
15.33
23.63
-7.14
14.63
23.44
-7.78
14.14
23.06
-8.11
8.05
23.15
-7.32
7.91
23.80
-7.57
14.32
23.79
-8.34
13.84
23.37
-8.67
7.94
22.99
-7.93
7.78
23.45
-8.45
13.31
23.49
-9.42
12.85
23.14
-9.83
7.60
23.49
-9.51
13.04
23.88
-9.99
12.51
23.52
-10.48
12.18
23.82
-11.04
7.47
23.51
-10.51
12.11
23.25
-10.97
11.83
23.50
-11.50
7.38
23.52
-11.49
11.32
23.50
-12.43
10.96
23.14
-12.94
7.30
23.54
-12.48
11.07
23.85
-13.06
10.72
23.49
-13.55
7.20
23.54
-13.46
10.22
23.50
-14.45
9.83
23.11
-14.88
7.07
23.55
-14.49
6.90
23.05
-14.90
9.94
23.82
-15.10
9.55
23.37
-15.46
9.11
23.24
-16.11
6.98
23.81
-15.42
6.77
23.19
-15.63
8.77
23.27
-16.82
6.89
23.96
-16.13
6.64
23.51
-16.52
8.43
23.34
-17.71
8.13
23.07
-18.11
6.39
23.57
-17.45
8.30
23.65
-18.48
7.96
23.16
-18.62
6.13
23.64
-18.38
5.79
23.18
-18.79
8.14
23.82
-19.11
7.71
23.43
-19.45
6.05
23.88
-19.15
5.80
23.44
-19.54
7.21
23.60
-20.35
6.46
23.35
-20.53
5.86
23.49
-20.47
5.65
23.80
-20.94
7.05
24.06
-21.20
6.45
23.85
-21.18
5.93
23.82
-21.15
5.66
23.93
-21.26
6.97
24.35
-21.74
6.46
24.26
-21.66
5.96
24.09
-21.53
5.69
24.04
-21.49
15.36
24.48
2.01
14.70
24.46
1.93
18.65
23.98
0.86
18.30
24.44
1.04
17.51
24.53
1.46
16.73
24.58
1.71
16.01
24.57
1.89
14.15
24.56
1.67
13.61
24.52
1.35
18.87
24.11
0.34
18.73
24.65
0.47
13.08
24.60
0.96
12.51
24.51
0.58
11.91
24.48
0.14
19.01
24.46
-0.42
18.92
24.77
0.03
11.37
24.51
-0.33
10.85
24.49
-0.84
19.06
24.48
-1.58
18.99
24.12
-2.09
10.38
24.46
-1.42
9.98
24.38
-1.98
19.01
24.83
-2.40
18.88
24.23
-2.63
9.64
24.46
-2.59
18.90
25.00
-3.00
18.64
24.54
-3.43
9.28
24.49
-3.29
8.95
24.50
-3.98
18.17
24.54
-4.36
17.73
24.22
-4.82
8.65
24.50
-4.73
17.91
24.88
-4.96
17.41
24.57
-5.42
16.86
24.23
-5.85
8.32
24.51
-5.61
8.11
24.88
-6.11
17.07
24.92
-6.00
16.58
24.64
-6.38
8.15
24.20
-6.26
7.99
24.63
-6.71
16.00
24.70
-7.01
15.37
24.59
-7.60
14.84
24.19
-7.99
7.82
24.62
-7.59
15.02
24.92
-8.15
14.50
24.55
-8.57
14.01
24.06
-8.88
7.68
24.52
-8.52
14.07
24.86
-9.29
13.68
24.26
-9.41
7.54
24.50
-9.51
13.77
25.04
-9.76
13.31
24.64
-10.05
12.69
24.50
-10.67
12.25
24.44
-11.16
7.45
24.48
-10.51
11.90
24.40
-11.71
7.38
24.45
-11.50
11.53
24.50
-12.45
7.32
24.44
-12.49
11.18
24.57
-13.19
10.83
24.43
-13.81
7.26
24.44
-13.49
10.47
24.50
-14.56
7.18
24.47
-14.48
10.05
24.60
-15.41
9.58
24.12
-15.93
9.25
23.79
-16.26
7.09
24.55
-15.45
9.88
24.98
-16.08
9.51
24.69
-16.64
9.08
23.97
-16.82
6.97
24.56
-16.42
6.79
24.11
-16.82
9.24
24.85
-17.59
8.85
24.11
-17.64
6.88
24.80
-17.27
6.67
24.26
-17.49
9.03
24.96
-18.48
8.65
24.28
-18.49
6.77
24.95
-17.87
6.50
24.58
-18.37
8.86
25.05
-19.33
8.42
24.39
-19.39
8.01
24.05
-19.81
6.21
24.57
-19.50
5.94
24.05
-19.91
8.75
25.16
-20.00
8.40
24.75
-20.19
7.87
24.34
-20.56
6.13
24.81
-20.50
5.85
24.14
-20.65
5.65
24.01
-20.99
7.60
24.52
-21.40
6.21
24.92
-21.31
5.87
24.36
-21.25
5.64
24.10
-21.30
7.95
25.13
-22.72
7.43
24.84
-22.23
6.58
24.87
-22.00
5.97
24.35
-21.63
5.69
24.14
-21.52
8.03
25.31
-23.36
7.52
25.31
-23.22
6.97
25.30
-22.78
8.14
25.44
-23.97
7.86
25.48
-23.97
8.19
25.53
-24.30
8.04
25.54
-24.31
15.34
25.38
1.81
14.78
25.38
1.74
18.56
25.72
0.54
18.27
25.41
0.81
17.48
25.45
1.21
16.69
25.45
1.50
15.96
25.43
1.70
14.25
25.42
1.49
13.72
25.38
1.19
18.77
25.68
0.19
18.70
25.23
0.39
13.20
25.46
0.81
12.58
25.43
0.40
12.00
25.36
0.02
18.97
25.48
-0.43
18.90
25.17
0.01
11.49
25.43
-0.43
10.94
25.44
-0.96
19.10
25.53
-1.47
10.40
25.46
-1.61
10.03
25.11
-2.03
19.10
25.63
-2.38
10.11
25.84
-2.10
9.77
25.48
-2.55
18.99
25.63
-3.15
18.76
25.40
-3.74
9.33
25.46
-3.33
8.98
25.39
-3.99
18.45
25.42
-4.42
8.67
25.47
-4.68
18.11
25.56
-5.07
17.66
25.50
-5.62
8.35
25.50
-5.47
8.10
25.51
-6.09
17.22
25.57
-6.15
16.72
25.52
-6.63
7.93
25.52
-6.76
16.20
25.55
-7.17
15.65
25.55
-7.73
7.76
25.53
-7.61
15.19
25.61
-8.28
14.73
25.52
-8.80
7.60
25.51
-8.54
14.31
25.59
-9.39
7.46
25.49
-9.51
13.89
25.63
-9.93
13.37
25.50
-10.40
12.74
25.40
-11.01
12.33
25.01
-11.29
7.35
25.46
-10.52
12.38
25.74
-11.62
12.07
25.17
-11.76
7.29
25.37
-11.52
12.14
25.94
-12.12
11.78
25.51
-12.51
7.25
25.32
-12.51
11.31
25.51
-13.44
10.96
25.14
-13.94
7.21
25.30
-13.50
11.10
25.85
-14.08
10.76
25.49
-14.57
7.16
25.30
-14.49
10.37
25.55
-15.44
7.10
25.33
-15.46
10.07
25.64
-16.21
9.77
25.53
-16.87
7.03
25.35
-16.39
9.56
25.62
-17.65
6.94
25.42
-17.22
9.36
25.70
-18.54
6.82
25.47
-17.90
6.61
25.49
-18.55
9.18
25.74
-19.46
6.41
25.53
-19.51
8.96
25.69
-20.45
8.50
25.13
-20.80
8.14
24.79
-20.97
6.31
25.62
-20.47
8.92
25.91
-21.50
8.47
25.32
-21.58
8.04
24.90
-21.52
6.33
25.69
-21.36
8.87
25.99
-22.44
8.35
25.38
-22.45
7.95
25.02
-22.09
6.52
25.75
-22.20
8.83
26.05
-23.30
8.44
25.56
-23.32
7.33
25.84
-23.55
6.86
25.86
-22.96
8.71
26.05
-23.97
8.44
25.66
-23.97
7.76
25.86
-24.09
8.61
25.99
-24.31
8.35
25.79
-24.36
8.06
25.78
-24.38
15.32
26.16
1.63
14.84
26.17
1.56
18.50
26.06
0.51
18.15
26.16
0.70
17.42
26.37
0.99
16.61
26.30
1.29
15.86
26.28
1.49
14.34
26.31
1.26
13.83
26.05
1.06
18.66
26.27
0.16
18.27
26.78
0.34
17.71
26.89
0.67
13.99
26.72
0.90
13.43
26.40
0.66
12.64
26.36
0.17
12.10
26.05
-0.09
18.90
26.57
-0.54
18.62
26.99
-0.14
12.28
26.76
-0.22
11.72
26.40
-0.51
11.11
26.34
-1.04
19.13
26.54
-1.53
10.64
26.44
-1.60
19.19
26.55
-2.48
10.23
26.56
-2.18
9.81
26.48
-2.78
19.08
26.51
-3.48
18.86
26.03
-3.91
9.35
26.49
-3.54
9.02
26.12
-4.04
18.94
26.83
-4.33
18.68
26.18
-4.48
9.10
26.86
-4.11
8.79
26.49
-4.63
18.74
26.99
-4.95
18.37
26.45
-5.21
17.86
26.30
-5.80
8.37
26.50
-5.59
8.12
26.15
-6.10
17.40
26.35
-6.32
16.90
26.33
-6.79
8.17
26.84
-6.22
7.98
26.43
-6.70
16.41
26.44
-7.30
15.85
26.46
-7.87
7.76
26.49
-7.59
15.35
26.44
-8.46
14.91
26.32
-8.97
7.56
26.50
-8.53
14.52
26.35
-9.53
7.36
26.50
-9.52
14.08
26.39
-10.13
13.53
26.29
-10.65
13.03
26.23
-11.13
7.19
26.49
-10.55
7.01
27.04
-10.96
12.67
26.40
-11.68
7.13
26.24
-11.56
6.94
26.97
-11.66
12.33
26.53
-12.27
11.95
26.39
-12.81
7.09
26.14
-12.53
6.87
26.92
-12.56
11.59
26.44
-13.52
7.05
26.10
-13.51
6.82
26.86
-13.52
11.26
26.53
-14.24
10.91
26.39
-14.85
7.02
26.08
-14.49
6.79
26.82
-14.50
10.60
26.45
-15.60
6.99
26.08
-15.47
6.77
26.79
-15.48
10.26
26.50
-16.51
9.96
26.16
-17.00
6.94
26.07
-16.40
6.74
26.75
-16.45
10.13
26.81
-17.20
9.86
26.44
-17.66
6.88
26.04
-17.24
6.69
26.65
-17.39
9.66
26.50
-18.58
6.81
25.97
-17.85
6.61
26.38
-18.36
9.50
26.54
-19.52
6.43
26.42
-19.46
9.38
26.58
-20.49
6.33
26.47
-20.45
9.32
26.67
-21.48
6.30
26.54
-21.38
9.28
26.73
-22.44
6.35
26.70
-22.32
6.21
27.18
-22.69
9.14
26.71
-23.30
7.21
26.51
-23.73
6.67
26.70
-23.16
6.33
27.20
-23.06
8.83
26.66
-24.02
8.36
26.72
-24.27
7.79
26.52
-24.18
8.64
26.25
-24.34
8.38
26.19
-24.43
8.08
26.13
-24.41
15.29
26.70
1.47
14.97
26.69
1.44
17.09
26.99
0.91
16.47
27.04
1.07
15.61
27.12
1.19
14.80
27.07
1.12
18.05
27.56
0.18
17.35
27.49
0.59
16.56
27.66
0.77
15.92
27.69
0.87
14.22
27.35
0.70
13.50
27.35
0.30
12.88
27.08
0.04
18.91
27.54
-0.86
18.54
27.63
-0.29
13.16
27.79
-0.12
12.52
27.49
-0.38
11.75
27.36
-0.88
11.23
27.03
-1.17
19.17
27.52
-1.66
11.40
27.74
-1.35
10.93
27.36
-1.65
19.29
27.54
-2.55
10.42
27.45
-2.29
9.96
27.39
-2.88
19.27
27.56
-3.48
9.57
27.49
-3.53
19.12
27.66
-4.38
9.20
27.59
-4.18
8.85
27.50
-4.83
18.83
27.71
-5.24
18.37
27.22
-5.71
17.96
26.90
-6.02
8.51
27.52
-5.61
18.66
28.08
-5.85
18.21
27.85
-6.28
17.61
27.18
-6.51
17.07
26.98
-6.90
8.20
27.59
-6.43
7.99
27.17
-6.89
17.88
28.12
-6.76
17.41
27.82
-7.01
16.73
27.40
-7.39
16.05
27.37
-8.05
8.04
27.89
-7.04
7.83
27.50
-7.56
15.47
27.35
-8.79
15.05
26.92
-9.12
7.55
27.50
-8.52
15.16
27.69
-9.57
14.77
27.06
-9.66
7.26
27.54
-9.52
7.05
27.96
-10.06
14.88
27.90
-10.30
14.34
27.25
-10.44
13.68
26.99
-10.98
13.23
26.77
-11.27
7.12
27.23
-10.25
6.93
27.71
-10.71
14.72
28.13
-10.84
14.29
27.86
-11.14
13.62
27.58
-11.60
13.03
27.04
-11.76
6.75
27.74
-11.62
13.28
27.79
-12.24
12.67
27.36
-12.55
12.16
27.03
-12.98
6.62
27.72
-12.58
12.40
27.65
-13.22
11.93
27.31
-13.63
6.55
27.61
-13.55
11.48
27.40
-14.54
11.08
27.06
-15.00
6.51
27.54
-14.52
11.27
27.73
-15.23
10.91
27.35
-15.65
6.49
27.50
-15.50
10.59
27.42
-16.56
6.47
27.46
-16.48
10.30
27.48
-17.48
10.02
27.09
-17.91
6.44
27.40
-17.46
10.20
27.73
-18.20
9.94
27.33
-18.62
6.38
27.30
-18.45
9.78
27.35
-19.56
6.29
27.28
-19.46
9.71
27.43
-20.50
6.20
27.28
-20.42
9.67
27.49
-21.46
6.14
27.31
-21.30
9.91
28.09
-22.85
9.69
27.62
-22.45
6.09
27.42
-22.05
6.02
27.72
-22.59
9.81
28.09
-23.32
9.48
27.50
-23.28
7.12
27.10
-23.85
6.67
27.35
-23.57
6.21
27.81
-23.23
9.63
28.14
-23.73
9.14
27.67
-23.91
8.38
27.59
-24.20
7.53
27.51
-24.12
6.82
27.90
-23.89
6.38
28.14
-23.65
15.37
27.71
0.89
14.92
27.68
0.83
17.91
28.28
-0.03
17.26
28.27
0.26
16.48
28.30
0.43
15.60
28.18
0.56
14.62
28.15
0.38
13.86
28.01
0.13
18.84
28.42
-1.03
18.39
28.40
-0.47
14.22
28.66
-0.10
13.49
28.45
-0.33
12.61
28.40
-0.81
11.97
28.09
-1.07
19.17
28.48
-1.75
12.23
28.80
-1.29
11.61
28.47
-1.57
11.04
28.11
-1.90
19.38
28.55
-2.61
11.24
28.83
-2.10
10.65
28.47
-2.51
10.12
28.12
-2.97
19.44
28.57
-3.52
10.27
28.84
-3.09
9.82
28.49
-3.53
19.33
28.59
-4.41
9.33
28.49
-4.29
8.96
28.40
-4.94
19.10
28.63
-5.25
8.66
28.49
-5.64
18.82
28.72
-5.94
18.42
28.68
-6.49
8.36
28.55
-6.43
17.97
28.71
-6.97
17.41
28.55
-7.35
16.79
28.35
-7.76
16.23
28.21
-8.23
8.10
28.60
-7.15
7.85
28.43
-7.77
15.83
28.23
-8.85
7.59
28.50
-8.51
15.54
28.39
-9.58
7.28
28.55
-9.31
7.01
28.66
-10.00
15.27
28.53
-10.35
6.79
28.62
-10.74
14.95
28.61
-11.07
14.42
28.47
-11.67
13.87
28.16
-11.95
6.57
28.64
-11.60
14.18
28.69
-12.27
13.58
28.39
-12.60
12.95
28.00
-12.88
6.35
28.68
-12.63
6.11
29.13
-13.11
13.27
28.70
-13.38
12.65
28.22
-13.52
12.16
27.96
-13.92
6.28
28.38
-13.60
6.04
29.04
-13.75
13.11
28.98
-13.95
12.59
28.71
-14.23
11.96
28.29
-14.64
6.23
28.26
-14.55
5.96
28.98
-14.60
11.49
28.38
-15.53
11.09
28.02
-15.93
6.19
28.21
-15.52
5.91
28.94
-15.53
11.35
28.68
-16.24
10.95
28.28
-16.63
6.17
28.18
-16.50
5.86
28.90
-16.51
10.65
28.29
-17.56
6.14
28.13
-17.49
5.83
28.86
-17.50
10.41
28.34
-18.52
10.11
27.93
-18.91
6.10
28.09
-18.48
5.79
28.82
-18.49
10.35
28.60
-19.42
10.05
28.05
-19.59
6.04
28.06
-19.46
5.73
28.79
-19.46
10.30
28.73
-20.12
10.04
28.27
-20.48
5.97
28.04
-20.41
5.66
28.76
-20.43
9.99
28.26
-21.38
5.92
28.00
-21.26
5.63
28.65
-21.34
10.16
28.62
-22.70
10.02
28.35
-22.15
5.89
27.98
-21.89
5.66
28.54
-22.26
5.40
29.07
-22.49
10.09
28.69
-23.31
5.81
28.75
-23.10
5.47
29.12
-22.85
9.81
28.73
-23.83
9.21
28.57
-24.14
8.43
28.52
-24.30
7.60
28.54
-24.26
6.85
28.68
-24.04
6.26
28.77
-23.68
17.78
28.82
-0.21
17.23
28.90
-0.06
16.46
28.94
0.04
15.64
28.89
0.09
14.94
28.81
0.04
18.71
29.23
-1.16
18.10
29.19
-0.64
17.31
29.45
-0.47
16.46
29.53
-0.38
15.56
29.48
-0.36
14.60
29.28
-0.41
13.64
29.31
-0.80
12.91
29.09
-1.03
19.09
29.41
-1.81
13.27
29.74
-1.25
12.53
29.51
-1.52
11.87
29.19
-1.77
19.67
30.14
-2.99
19.46
29.64
-2.67
12.10
29.87
-2.01
11.52
29.55
-2.26
10.89
29.42
-2.74
19.75
30.14
-3.37
19.62
29.62
-3.58
10.42
29.55
-3.26
9.91
29.47
-3.82
19.52
29.56
-4.47
9.40
29.48
-4.56
9.05
29.13
-5.02
19.29
29.54
-5.34
9.16
29.85
-5.11
8.85
29.49
-5.61
18.97
29.55
-6.11
18.58
29.46
-6.70
8.49
29.52
-6.49
18.11
29.48
-7.24
17.50
29.30
-7.69
16.85
29.14
-8.18
16.38
28.78
-8.40
8.15
29.54
-7.36
7.90
29.16
-7.86
16.58
29.43
-8.85
16.15
28.90
-8.90
7.95
29.88
-7.94
7.69
29.51
-8.43
16.37
29.65
-9.61
15.92
29.05
-9.62
7.31
29.52
-9.24
6.99
29.55
-9.96
16.15
29.85
-10.45
15.67
29.19
-10.46
6.72
29.55
-10.70
15.85
29.98
-11.29
15.31
29.32
-11.41
14.76
29.00
-11.88
6.48
29.57
-11.50
15.66
30.09
-11.85
15.22
29.88
-12.31
14.51
29.22
-12.54
13.96
28.93
-12.87
6.24
29.62
-12.32
6.03
29.76
-13.02
14.90
30.11
-13.23
14.37
29.60
-13.33
13.77
29.18
-13.46
5.87
29.76
-13.76
14.68
30.27
-13.86
14.21
29.93
-14.04
13.48
29.49
-14.25
12.74
29.30
-14.85
12.18
28.90
-15.04
5.75
29.75
-14.61
12.43
29.53
-15.61
11.92
29.06
-15.68
5.65
29.72
-15.54
12.23
29.71
-16.24
11.69
29.32
-16.59
11.19
28.88
-16.94
5.57
29.68
-16.52
11.48
29.55
-17.59
11.02
28.97
-17.65
5.52
29.59
-17.51
11.31
29.72
-18.52
10.85
29.07
-18.53
5.47
29.53
-18.48
11.18
29.86
-19.46
10.72
29.21
-19.47
5.39
29.51
-19.44
11.05
29.91
-20.37
10.58
29.25
-20.44
10.27
28.82
-20.78
5.27
29.55
-20.43
5.00
30.07
-20.81
10.99
29.97
-21.09
10.67
29.51
-21.42
10.28
28.88
-21.41
5.31
29.31
-21.33
5.06
29.94
-21.49
10.93
29.96
-22.76
10.57
29.39
-22.41
10.28
28.88
-22.00
5.36
29.14
-21.98
5.22
29.60
-22.25
10.91
30.03
-23.36
10.46
29.41
-23.30
5.69
29.58
-23.25
5.37
29.59
-22.83
10.75
30.08
-23.88
10.16
29.58
-23.99
9.35
29.44
-24.34
8.51
29.42
-24.46
7.66
29.50
-24.40
6.85
29.55
-24.14
6.20
29.57
-23.76
18.60
29.82
-1.29
18.09
29.92
-1.05
17.33
30.06
-0.89
16.46
30.12
-0.83
15.56
30.09
-0.83
14.68
29.98
-0.89
13.98
29.90
-1.04
18.83
30.24
-1.79
18.15
30.50
-1.49
17.36
30.64
-1.34
16.47
30.69
-1.28
15.54
30.66
-1.29
14.61
30.55
-1.35
13.68
30.33
-1.46
12.88
30.33
-1.83
19.64
30.68
-3.01
19.30
30.49
-2.48
12.29
30.50
-2.27
11.58
30.42
-2.69
11.03
30.10
-2.94
19.79
30.69
-3.60
19.75
30.26
-3.90
11.25
30.80
-3.14
10.69
30.44
-3.43
10.10
30.36
-3.98
19.82
30.91
-4.14
19.69
30.51
-4.57
9.66
30.44
-4.59
19.44
30.48
-5.47
9.29
30.55
-5.20
8.94
30.47
-5.83
19.09
30.49
-6.40
18.70
30.13
-6.91
8.62
30.49
-6.57
18.85
30.84
-7.07
18.36
30.45
-7.61
17.63
29.97
-8.06
17.15
29.71
-8.33
8.31
30.53
-7.33
18.07
30.88
-8.54
17.53
30.38
-8.69
17.02
29.95
-8.84
8.01
30.61
-8.00
7.69
30.52
-8.61
17.87
31.14
-9.27
17.40
30.69
-9.40
16.87
30.23
-9.56
7.33
30.50
-9.28
6.99
30.50
-9.97
17.71
31.30
-9.80
17.31
31.04
-10.06
16.70
30.60
-10.46
6.70
30.51
-10.69
16.21
30.70
-11.42
16.01
30.98
-11.98
6.44
30.52
-11.45
15.85
30.48
-11.92
15.64
30.71
-12.46
6.19
30.54
-12.22
5.96
30.58
-12.96
15.24
30.78
-13.37
5.77
30.60
-13.75
14.84
30.82
-14.26
14.23
30.40
-14.69
13.58
30.02
-14.93
13.07
29.78
-15.16
5.60
30.60
-14.61
14.70
31.11
-14.98
14.22
30.90
-15.47
13.52
30.40
-15.63
12.90
30.00
-15.73
5.43
30.59
-15.55
13.93
31.11
-16.27
13.36
30.69
-16.37
12.63
30.22
-16.55
12.08
29.91
-16.91
5.28
30.57
-16.56
5.07
31.06
-16.96
13.76
31.27
-16.78
13.32
31.07
-17.04
12.63
30.76
-17.52
11.98
30.15
-17.63
5.23
30.33
-17.54
4.99
30.99
-17.64
12.28
30.91
-18.47
11.80
30.34
-18.52
5.16
30.23
-18.48
4.89
30.93
-18.51
12.08
31.01
-19.17
11.69
30.57
-19.50
5.08
30.18
-19.37
4.80
30.87
-19.43
11.46
30.54
-20.47
5.01
30.15
-20.10
4.73
30.77
-20.45
4.49
31.24
-20.72
11.29
30.47
-21.44
10.96
29.99
-21.70
5.01
31.13
-22.04
4.83
30.84
-21.49
4.54
31.27
-21.10
11.26
30.48
-22.45
10.93
29.96
-22.20
5.25
30.88
-22.55
5.11
30.34
-22.29
11.71
31.19
-23.80
11.38
30.74
-23.41
5.60
30.47
-23.15
5.31
30.12
-22.79
11.62
31.25
-24.24
11.06
30.70
-24.17
10.28
30.37
-24.44
9.45
30.24
-24.62
8.60
30.28
-24.66
7.77
30.53
-24.56
6.88
30.46
-24.20
6.19
30.44
-23.76
11.54
31.42
-24.59
11.07
31.22
-24.68
10.34
31.06
-24.81
9.51
30.97
-24.88
8.71
30.95
-24.86
8.17
30.94
-24.78
18.73
30.92
-2.04
18.17
31.10
-1.88
17.38
31.22
-1.76
16.47
31.27
-1.72
15.53
31.25
-1.73
14.60
31.17
-1.80
13.73
31.04
-1.92
13.07
30.93
-2.10
19.55
31.40
-3.10
19.04
31.37
-2.56
18.27
31.68
-2.31
17.41
31.82
-2.18
16.48
31.87
-2.14
15.53
31.86
-2.15
14.58
31.80
-2.23
13.64
31.66
-2.38
12.66
31.36
-2.59
11.91
31.11
-2.86
19.77
31.50
-3.67
12.22
31.81
-3.08
11.53
31.51
-3.34
10.74
31.37
-3.86
10.23
31.04
-4.15
19.85
31.54
-4.31
19.78
31.35
-4.86
10.41
31.73
-4.36
9.94
31.35
-4.66
19.61
31.37
-5.58
9.48
31.41
-5.34
9.09
31.34
-5.96
19.36
31.48
-6.40
8.78
31.42
-6.64
19.06
31.56
-7.20
18.72
31.40
-7.84
8.45
31.46
-7.38
18.47
31.56
-8.58
8.10
31.49
-8.08
7.74
31.45
-8.71
18.22
31.76
-9.33
7.38
31.45
-9.35
7.04
31.44
-10.00
17.88
31.79
-10.02
17.38
31.61
-10.55
16.91
31.23
-10.81
6.73
31.46
-10.69
17.13
31.86
-11.08
16.64
31.52
-11.42
16.18
31.55
-12.07
6.46
31.48
-11.44
15.83
31.51
-12.71
6.19
31.48
-12.21
5.95
31.48
-12.96
15.52
31.55
-13.51
5.73
31.50
-13.73
15.23
31.60
-14.36
5.52
31.52
-14.60
14.97
31.66
-15.16
14.61
31.55
-15.76
5.28
31.54
-15.57
5.09
31.89
-16.10
14.32
31.62
-16.41
5.16
31.25
-16.26
5.00
31.67
-16.72
13.98
31.70
-17.01
13.50
31.58
-17.47
13.00
31.45
-17.96
4.84
31.70
-17.60
12.66
31.53
-18.69
4.69
31.69
-18.48
12.32
31.53
-19.55
11.94
31.10
-19.87
4.55
31.66
-19.36
12.21
31.72
-20.44
11.85
31.18
-20.56
4.45
31.59
-20.10
4.36
31.77
-20.57
12.14
31.79
-21.13
11.81
31.33
-21.47
5.05
31.74
-22.05
4.73
31.71
-21.52
4.46
31.80
-21.05
11.74
31.27
-22.38
5.43
31.62
-22.63
12.01
31.65
-23.65
11.82
31.38
-23.12
5.81
31.37
-23.23
12.01
31.82
-24.23
8.07
31.83
-24.80
7.64
31.52
-24.58
6.86
31.34
-24.16
6.26
31.25
-23.75
11.76
31.94
-24.69
11.17
31.87
-24.93
10.38
31.79
-25.05
9.50
31.74
-25.05
8.58
31.68
-24.93
8.11
31.37
-24.81
19.49
32.03
-3.26
19.06
32.30
-3.02
18.29
32.39
-2.71
17.42
32.47
-2.57
16.49
32.50
-2.52
15.54
32.49
-2.54
14.60
32.45
-2.62
13.66
32.42
-2.81
12.93
32.11
-2.90
19.66
32.35
-3.78
19.35
32.71
-3.48
13.24
32.81
-3.18
12.51
32.52
-3.34
11.62
32.42
-3.82
10.97
32.09
-4.08
19.83
32.39
-4.61
19.82
31.97
-5.01
11.24
32.80
-4.33
10.62
32.45
-4.63
10.06
32.07
-4.95
19.84
32.71
-5.37
19.75
32.15
-5.59
10.26
32.78
-5.24
9.71
32.37
-5.61
9.25
32.03
-6.06
19.79
32.90
-5.92
19.59
32.51
-6.40
9.44
32.73
-6.26
9.03
32.33
-6.66
19.25
32.50
-7.49
18.94
32.05
-7.98
8.64
32.39
-7.46
19.11
32.85
-8.37
18.79
32.25
-8.59
8.23
32.40
-8.21
7.84
32.32
-8.83
18.97
33.01
-9.00
18.60
32.58
-9.42
7.48
32.37
-9.45
7.13
32.32
-10.05
18.11
32.55
-10.35
17.63
32.20
-10.73
6.84
32.39
-10.72
17.86
32.83
-11.01
17.36
32.46
-11.28
16.77
32.27
-11.76
16.33
32.19
-12.24
6.54
32.43
-11.49
16.04
32.22
-12.83
6.25
32.42
-12.29
5.99
32.35
-12.98
15.80
32.31
-13.60
5.78
32.42
-13.72
15.56
32.41
-14.51
5.54
32.46
-14.56
15.24
32.44
-15.52
14.85
32.05
-15.95
5.30
32.47
-15.42
5.09
32.49
-16.07
15.08
32.77
-16.45
14.66
32.20
-16.55
4.94
32.49
-16.75
14.85
33.00
-17.25
14.30
32.38
-17.36
13.68
32.12
-17.86
13.25
31.93
-18.20
4.77
32.51
-17.59
14.70
33.19
-17.83
14.28
32.91
-18.10
13.70
32.57
-18.43
13.13
32.21
-18.81
4.60
32.52
-18.47
12.79
32.22
-19.65
4.40
32.53
-19.39
4.27
32.85
-19.88
12.60
32.29
-20.53
4.32
32.21
-19.97
4.27
32.55
-20.37
12.44
32.26
-21.48
12.09
31.84
-21.79
5.16
32.56
-22.00
4.73
32.54
-21.46
4.42
32.55
-20.95
12.46
32.35
-22.42
12.09
31.85
-22.40
6.14
32.97
-22.99
5.70
32.54
-22.66
12.41
32.27
-23.32
12.10
31.85
-22.97
7.07
32.97
-23.94
6.54
32.76
-23.52
6.07
32.13
-23.29
12.85
33.04
-24.39
12.49
32.56
-24.17
8.04
32.31
-24.76
7.53
32.54
-24.42
6.79
32.13
-23.98
6.34
31.84
-23.70
12.72
33.18
-24.70
12.15
32.78
-24.79
11.32
32.69
-25.09
10.45
32.63
-25.18
9.53
32.59
-25.13
8.58
32.57
-24.94
8.08
32.86
-24.73
18.86
32.95
-3.23
18.25
33.06
-3.04
17.41
33.13
-2.92
16.49
33.16
-2.87
15.55
33.14
-2.89
14.66
33.08
-2.95
13.96
32.99
-3.05
19.57
33.05
-4.02
19.13
33.43
-3.74
18.29
33.71
-3.43
17.42
33.82
-3.27
16.48
33.85
-3.22
15.53
33.80
-3.24
14.59
33.70
-3.31
13.60
33.46
-3.44
12.63
33.40
-3.81
11.91
33.12
-4.06
19.73
33.31
-4.63
19.47
33.73
-4.34
12.24
33.79
-4.27
11.53
33.52
-4.60
10.87
33.16
-4.90
19.84
33.37
-5.35
11.11
33.86
-5.21
10.50
33.50
-5.53
9.93
33.12
-5.88
19.81
33.44
-5.95
19.67
33.47
-6.57
10.18
33.84
-6.17
9.64
33.46
-6.54
9.17
33.05
-6.92
19.50
33.53
-7.48
9.36
33.77
-7.22
8.91
33.33
-7.59
19.37
33.65
-8.39
8.39
33.35
-8.50
7.95
33.02
-8.98
19.17
33.64
-9.19
18.85
33.39
-9.79
8.14
33.77
-9.18
7.67
33.35
-9.63
7.26
33.01
-10.11
18.49
33.37
-10.55
7.42
33.71
-10.29
7.06
33.31
-10.71
18.07
33.48
-11.39
17.42
33.13
-11.83
16.83
32.85
-12.16
16.45
32.65
-12.39
6.72
33.37
-11.58
17.95
33.86
-12.10
17.43
33.68
-12.54
16.79
33.26
-12.75
16.33
32.81
-12.87
6.36
33.40
-12.52
6.07
33.05
-13.05
17.24
33.92
-13.21
16.71
33.61
-13.53
16.18
33.02
-13.62
6.20
33.76
-13.21
5.93
33.35
-13.68
16.47
33.69
-14.22
16.02
33.26
-14.55
5.66
33.39
-14.60
15.73
33.28
-15.53
5.37
33.40
-15.58
5.13
33.08
-16.10
15.53
33.47
-16.46
5.24
33.70
-16.26
5.03
33.31
-16.71
15.28
33.66
-17.33
4.84
33.30
-17.57
14.93
33.70
-18.12
14.40
33.48
-18.78
13.76
33.01
-19.02
13.33
32.69
-19.18
4.66
33.35
-18.42
14.23
33.71
-19.68
13.68
33.24
-19.75
13.19
32.78
-19.77
4.47
33.42
-19.24
4.30
33.47
-19.86
14.13
33.87
-20.58
13.59
33.37
-20.60
13.07
32.86
-20.59
4.29
33.38
-20.40
14.08
33.98
-21.51
13.52
33.44
-21.51
12.98
32.90
-21.50
5.28
33.42
-21.83
4.78
33.38
-21.32
4.44
33.32
-20.88
13.99
34.00
-22.46
13.47
33.46
-22.44
12.95
32.92
-22.42
6.24
33.60
-22.78
5.76
33.41
-22.35
13.90
34.02
-23.33
13.39
33.46
-23.32
12.92
32.91
-23.27
7.21
33.59
-23.83
6.71
33.57
-23.32
13.75
34.06
-24.07
13.21
33.45
-24.13
12.90
32.97
-23.90
7.70
33.47
-24.33
13.57
34.18
-24.54
13.03
33.80
-24.73
12.27
33.65
-25.03
11.41
33.57
-25.21
10.51
33.52
-25.24
9.61
33.49
-25.14
8.77
33.45
-24.94
8.18
33.46
-24.70
18.91
34.34
-4.11
18.23
34.48
-3.79
17.40
34.55
-3.62
16.48
34.58
-3.57
15.53
34.51
-3.60
14.59
34.41
-3.70
13.66
34.33
-3.91
12.95
34.06
-4.04
19.68
33.91
-4.91
19.36
34.38
-4.72
13.27
34.72
-4.32
12.60
34.42
-4.47
11.89
34.36
-4.91
19.77
33.97
-5.43
19.56
34.56
-5.53
11.32
34.52
-5.53
10.75
34.20
-5.83
19.79
33.95
-5.94
19.67
34.40
-6.40
11.03
34.85
-6.09
10.45
34.55
-6.46
9.87
34.17
-6.85
19.65
34.52
-7.47
10.11
34.83
-7.11
9.57
34.49
-7.55
9.07
34.01
-7.89
19.78
35.13
-8.80
19.62
34.61
-8.48
9.20
34.79
-8.40
8.76
34.19
-8.55
19.73
35.10
-9.30
19.44
34.53
-9.57
19.07
33.99
-10.00
8.93
34.98
-9.01
8.42
34.56
-9.42
7.89
34.12
-9.86
19.28
34.70
-10.56
18.87
34.06
-10.65
8.11
34.84
-10.19
7.62
34.41
-10.57
7.20
34.01
-10.96
19.10
34.90
-11.46
18.60
34.21
-11.47
7.38
34.65
-11.26
7.01
34.26
-11.65
18.87
35.03
-12.32
18.31
34.41
-12.39
17.79
34.18
-12.84
6.67
34.32
-12.55
18.73
35.16
-12.98
18.28
34.79
-13.19
17.62
34.42
-13.61
17.01
34.07
-13.91
6.37
34.47
-13.48
6.05
34.06
-13.92
17.43
34.64
-14.53
16.77
34.14
-14.61
16.29
33.80
-14.92
6.22
34.75
-14.22
5.91
34.30
-14.64
17.81
35.33
-15.61
17.44
34.94
-15.38
16.75
34.45
-15.50
16.18
33.93
-15.61
5.63
34.28
-15.59
17.69
35.40
-16.03
17.30
35.13
-16.12
16.66
34.76
-16.41
16.03
34.17
-16.49
5.40
34.34
-16.55
5.12
33.90
-16.94
16.38
34.88
-17.10
15.82
34.48
-17.49
5.31
34.62
-17.48
5.01
34.00
-17.60
15.31
34.44
-18.57
14.81
34.06
-19.00
5.20
34.78
-18.34
4.86
34.12
-18.41
15.18
34.73
-19.56
14.72
34.23
-19.69
5.06
34.82
-19.01
4.69
34.28
-19.27
4.43
34.13
-19.89
15.09
34.89
-20.43
14.65
34.40
-20.54
4.66
34.41
-20.64
4.42
34.11
-20.41
15.02
34.97
-21.15
14.64
34.59
-21.51
6.04
34.75
-21.86
5.50
34.30
-21.61
4.85
34.17
-21.06
4.50
33.90
-20.80
14.48
34.56
-22.49
6.38
34.42
-22.45
5.86
34.06
-22.14
14.35
34.59
-23.35
7.44
34.31
-23.66
6.91
34.31
-23.11
14.16
34.66
-24.09
8.45
34.56
-24.46
7.97
34.25
-24.24
13.82
34.75
-24.63
13.17
34.63
-24.94
12.36
34.53
-25.15
11.48
34.47
-25.23
10.56
34.43
-25.18
9.66
34.36
-25.02
8.82
34.27
-24.78
8.29
34.01
-24.63
18.73
34.97
-4.32
18.19
35.23
-4.15
17.39
35.28
-3.97
16.47
35.37
-3.98
15.51
35.19
-3.97
14.65
35.05
-4.06
13.95
34.93
-4.18
18.96
35.27
-4.82
18.49
35.56
-4.54
16.12
35.85
-4.29
15.42
35.79
-4.37
14.56
35.61
-4.48
13.59
35.36
-4.66
12.72
35.09
-4.88
12.15
34.93
-5.13
19.27
35.41
-5.62
13.23
35.76
-5.16
12.62
35.57
-5.36
11.89
35.29
-5.66
19.52
35.45
-6.50
11.35
35.44
-6.30
10.79
35.34
-6.78
19.85
35.94
-8.04
19.71
35.53
-7.50
10.36
35.41
-7.35
9.90
35.32
-7.86
19.88
35.72
-8.65
19.77
35.27
-8.20
9.55
35.46
-8.52
19.87
35.71
-9.55
19.68
35.18
-9.89
9.20
35.58
-9.20
8.74
35.44
-9.79
19.87
35.95
-10.38
19.62
35.36
-10.57
8.31
35.52
-10.59
7.82
35.06
-10.91
19.83
36.08
-11.02
19.55
35.68
-11.47
8.07
35.83
-11.45
7.58
35.24
-11.59
7.18
34.88
-11.94
19.27
35.69
-12.45
7.90
36.06
-12.10
7.49
35.71
-12.44
7.02
35.09
-12.61
18.96
35.67
-13.41
18.42
35.20
-13.78
18.00
34.89
-13.97
7.27
35.87
-13.16
6.82
35.40
-13.53
18.87
35.93
-14.32
18.39
35.46
-14.51
17.93
35.05
-14.54
6.45
35.42
-14.57
6.08
34.93
-14.94
18.76
36.08
-14.96
18.26
35.71
-15.39
17.89
35.22
-15.11
6.30
35.66
-15.57
5.93
35.02
-15.65
17.91
35.82
-16.32
17.36
35.47
-16.62
16.90
35.20
-16.82
6.17
35.79
-16.50
5.79
35.12
-16.53
17.76
36.08
-16.99
17.30
35.79
-17.21
16.69
35.39
-17.42
16.15
35.19
-17.96
6.07
35.88
-17.38
5.69
35.29
-17.46
15.82
35.20
-18.72
6.00
35.94
-18.09
5.63
35.48
-18.42
15.64
35.34
-19.59
5.37
35.32
-19.41
4.83
34.77
-19.77
4.54
34.53
-19.99
15.51
35.44
-20.51
6.06
35.82
-20.77
5.54
35.41
-20.36
4.88
34.81
-20.40
4.55
34.53
-20.28
15.33
35.43
-21.50
14.96
35.04
-21.86
6.29
35.48
-21.50
5.57
35.00
-21.10
5.06
34.70
-20.87
15.31
35.61
-22.49
14.89
35.09
-22.57
8.87
36.11
-23.16
8.36
35.90
-23.00
7.68
35.61
-22.75
6.93
35.29
-22.34
15.23
35.73
-23.35
14.78
35.17
-23.38
9.04
35.88
-23.63
8.44
35.49
-23.56
7.75
35.04
-23.39
7.18
34.90
-22.96
15.07
35.88
-24.08
14.59
35.31
-24.11
9.30
35.58
-24.21
8.65
35.08
-24.20
8.10
34.81
-23.98
14.86
36.05
-24.55
14.22
35.60
-24.69
13.34
35.47
-25.01
12.45
35.39
-25.14
11.55
35.34
-25.14
10.64
35.30
-25.00
9.73
35.21
-24.74
9.04
34.88
-24.63
17.97
35.76
-4.36
17.41
35.87
-4.29
16.79
35.88
-4.25
18.73
35.91
-5.06
18.21
36.09
-4.77
17.41
36.44
-4.76
16.47
36.33
-4.62
15.50
36.44
-4.87
14.59
36.20
-4.96
13.89
35.96
-5.02
18.90
36.28
-5.69
18.30
36.63
-5.33
17.73
36.85
-5.20
15.17
36.86
-5.35
14.43
36.73
-5.54
13.53
36.28
-5.53
12.70
36.10
-5.82
12.09
35.89
-6.05
19.29
36.40
-6.52
14.09
37.04
-6.05
13.42
36.81
-6.16
12.63
36.57
-6.40
11.74
36.23
-6.73
11.05
35.91
-7.05
19.84
36.59
-8.00
19.61
36.48
-7.34
11.34
36.62
-7.55
10.68
36.11
-7.68
10.16
35.86
-8.05
19.96
36.61
-8.70
11.13
36.94
-8.16
10.56
36.66
-8.48
9.96
36.11
-8.63
20.02
36.66
-9.54
10.23
36.86
-9.16
9.62
36.42
-9.51
9.06
36.08
-9.98
20.03
36.70
-10.41
9.37
36.73
-10.25
8.87
36.37
-10.65
19.97
36.67
-11.20
19.79
36.43
-11.82
8.50
36.50
-11.53
19.61
36.40
-12.61
8.17
36.62
-12.41
7.72
36.27
-12.79
19.42
36.44
-13.48
7.99
36.85
-13.14
7.53
36.47
-13.51
7.08
36.06
-13.89
19.26
36.56
-14.35
7.35
36.66
-14.25
6.94
36.28
-14.64
19.06
36.63
-15.15
18.70
36.46
-15.76
6.71
36.35
-15.59
18.39
36.53
-16.53
6.57
36.43
-16.52
18.02
36.68
-17.43
17.36
36.24
-17.81
16.77
35.88
-18.04
16.36
35.63
-18.25
6.45
36.47
-17.46
17.86
37.03
-18.35
17.32
36.61
-18.57
16.74
36.19
-18.73
16.24
35.76
-18.81
6.30
36.43
-18.45
5.93
35.98
-18.78
17.74
37.22
-18.99
17.30
36.97
-19.42
16.68
36.45
-19.56
16.13
35.91
-19.61
6.33
36.56
-19.43
5.88
35.98
-19.44
17.09
37.04
-20.19
16.62
36.67
-20.55
16.02
36.04
-20.54
6.42
36.49
-20.41
5.93
35.98
-20.08
16.40
36.67
-21.54
15.88
36.09
-21.51
9.57
37.12
-22.62
9.12
37.01
-22.48
8.45
36.90
-22.22
7.72
36.76
-21.90
6.95
36.45
-21.40
16.28
36.73
-22.48
15.79
36.18
-22.47
9.78
37.00
-22.98
9.17
36.56
-22.92
8.43
36.38
-22.58
7.74
36.19
-22.29
7.19
35.99
-22.01
16.18
36.82
-23.36
15.69
36.29
-23.35
10.12
36.77
-23.57
9.55
36.33
-23.56
16.03
36.96
-24.11
15.52
36.45
-24.10
10.42
36.49
-24.18
9.84
36.08
-24.16
15.83
37.14
-24.62
15.21
36.73
-24.67
14.33
36.44
-24.86
13.43
36.27
-24.98
12.52
36.18
-25.02
11.64
36.12
-24.94
10.78
36.10
-24.70
10.10
35.83
-24.58
17.12
36.95
-5.12
16.50
36.93
-5.09
15.86
36.93
-5.19
18.73
36.96
-6.01
18.22
37.19
-5.78
17.43
37.38
-5.60
16.51
37.43
-5.58
15.58
37.36
-5.72
14.81
37.22
-5.89
18.97
37.34
-6.63
18.32
37.69
-6.27
17.75
37.82
-6.07
15.20
37.75
-6.29
14.41
37.55
-6.48
13.49
37.30
-6.71
12.70
37.07
-6.94
12.09
36.83
-7.10
19.78
37.33
-8.00
19.47
37.35
-7.41
14.09
37.87
-7.10
13.44
37.72
-7.30
12.63
37.54
-7.61
11.89
37.14
-7.67
19.94
37.52
-8.65
19.90
38.01
-8.74
12.25
37.75
-8.21
11.54
37.49
-8.47
10.87
37.22
-8.82
20.05
37.68
-9.52
19.97
38.10
-9.13
11.23
37.78
-9.18
10.57
37.47
-9.52
9.94
37.10
-9.88
20.12
37.60
-10.53
10.28
37.74
-10.25
9.68
37.38
-10.62
9.15
36.97
-10.95
20.09
37.51
-11.57
19.94
37.00
-12.02
9.40
37.65
-11.50
8.93
37.14
-11.62
20.08
37.77
-12.56
19.87
37.08
-12.67
9.23
37.84
-12.18
8.73
37.41
-12.51
20.03
37.89
-13.49
19.75
37.17
-13.52
8.30
37.43
-13.51
7.81
37.04
-13.87
19.94
37.96
-14.37
19.62
37.28
-14.43
8.17
37.73
-14.43
7.62
37.18
-14.61
7.21
36.83
-14.96
19.82
38.02
-15.09
19.44
37.46
-15.47
19.02
37.03
-15.95
8.11
37.98
-15.16
7.65
37.59
-15.57
7.12
36.97
-15.66
19.27
37.74
-16.38
18.85
37.21
-16.59
7.45
37.65
-16.55
6.99
37.05
-16.55
19.13
37.97
-17.02
18.67
37.57
-17.46
7.33
37.72
-17.49
6.88
37.11
-17.49
18.31
37.65
-18.41
7.23
37.82
-18.39
6.79
37.17
-18.43
18.03
37.68
-19.20
17.67
37.53
-19.81
7.15
37.96
-19.23
6.79
37.32
-19.36
17.37
37.48
-20.63
16.94
37.11
-20.93
7.09
38.04
-19.84
6.91
37.57
-20.29
17.31
37.65
-21.58
16.85
37.17
-21.64
9.68
37.39
-22.60
9.21
37.51
-22.38
8.49
37.48
-22.10
7.80
37.49
-21.75
7.23
37.50
-21.21
17.24
37.75
-22.49
16.76
37.24
-22.51
10.81
37.81
-23.31
10.16
37.56
-22.99
9.62
37.77
-22.64
17.14
37.85
-23.37
16.66
37.34
-23.38
14.55
38.17
-24.47
14.08
38.08
-24.36
13.33
37.99
-24.25
12.43
37.90
-24.08
11.39
37.73
-23.76
10.67
37.26
-23.61
16.99
37.99
-24.15
16.48
37.50
-24.18
14.82
37.98
-24.70
14.20
37.69
-24.60
13.40
37.51
-24.52
12.52
37.38
-24.42
11.66
37.22
-24.27
10.97
36.92
-24.18
16.77
38.16
-24.69
16.15
37.79
-24.88
15.35
37.65
-24.96
14.36
37.18
-24.85
13.45
36.96
-24.82
12.56
36.84
-24.77
11.74
36.73
-24.68
11.15
36.62
-24.57
16.03
37.94
-25.24
15.77
37.89
-25.26
17.14
37.90
-5.99
16.54
37.93
-6.03
15.91
37.88
-6.13
18.84
38.18
-7.06
18.22
38.29
-6.69
17.44
38.30
-6.43
16.57
38.39
-6.54
15.63
38.28
-6.73
14.81
38.06
-6.90
19.69
37.84
-8.01
19.35
38.19
-7.74
15.23
38.70
-7.51
14.41
38.32
-7.53
13.56
38.13
-7.82
12.93
37.96
-7.99
19.81
37.93
-8.37
19.68
38.41
-8.49
15.02
39.00
-8.13
14.34
38.82
-8.37
13.48
38.50
-8.46
12.62
38.18
-8.56
11.92
38.01
-8.86
20.03
38.56
-9.81
19.85
38.62
-9.16
14.03
39.04
-8.97
13.39
38.86
-9.11
12.57
38.61
-9.28
11.65
38.33
-9.58
10.94
38.06
-9.90
20.16
38.52
-10.65
11.32
38.60
-10.28
10.65
38.33
-10.63
10.03
37.98
-10.94
20.22
38.53
-11.58
10.38
38.63
-11.51
9.84
38.19
-11.61
20.24
38.62
-12.54
10.19
38.82
-12.19
9.60
38.42
-12.54
9.05
37.99
-12.88
20.24
38.69
-13.49
9.36
38.62
-13.51
8.84
38.10
-13.59
20.18
38.72
-14.45
9.19
38.80
-14.34
8.68
38.31
-14.46
20.02
38.66
-15.41
19.71
38.15
-15.78
9.07
38.96
-15.01
8.54
38.58
-15.48
8.01
38.13
-15.89
19.92
38.93
-16.26
19.60
38.35
-16.41
8.40
38.76
-16.55
7.90
38.21
-16.62
19.78
39.06
-16.87
19.42
38.63
-17.20
18.99
38.37
-17.86
8.25
38.85
-17.45
7.78
38.30
-17.49
18.67
38.35
-18.65
8.12
38.96
-18.25
7.67
38.44
-18.36
18.35
38.34
-19.61
17.96
37.98
-20.03
7.99
39.12
-18.87
7.54
38.71
-19.25
18.29
38.60
-20.58
17.85
38.06
-20.70
7.27
38.59
-19.95
7.17
38.49
-20.56
18.23
38.75
-21.52
17.78
38.18
-21.57
9.06
37.93
-22.38
8.51
38.04
-22.19
7.88
38.22
-21.88
7.39
38.49
-21.37
18.16
38.87
-22.44
17.71
38.29
-22.48
10.81
38.13
-23.30
10.23
38.16
-23.05
9.44
38.26
-22.70
8.67
38.55
-22.48
8.01
38.86
-22.23
7.56
38.92
-21.83
18.05
39.02
-23.33
17.60
38.41
-23.36
14.59
38.45
-24.48
14.06
38.46
-24.31
13.31
38.45
-24.17
12.40
38.44
-23.99
11.32
38.42
-23.66
10.45
38.70
-23.37
9.61
38.91
-23.07
8.83
39.04
-22.80
8.32
39.14
-22.59
17.83
39.11
-24.12
17.41
38.55
-24.16
15.00
38.42
-24.79
17.58
39.20
-24.65
17.06
38.79
-24.85
16.26
38.48
-25.20
15.59
38.37
-25.16
16.08
38.17
-25.34
15.85
38.13
-25.33
18.67
38.74
-7.31
18.17
38.87
-7.13
17.45
38.92
-7.02
16.68
38.92
-7.08
16.05
38.80
-7.15
18.88
39.05
-7.85
18.21
39.33
-7.63
17.47
39.42
-7.58
16.64
39.42
-7.73
15.85
39.12
-7.71
19.30
39.19
-8.54
16.27
39.68
-8.30
15.50
39.47
-8.52
14.74
39.25
-8.77
19.89
39.38
-9.95
19.59
39.36
-9.26
15.16
39.80
-9.36
14.35
39.45
-9.40
13.46
39.27
-9.73
12.64
39.04
-9.90
11.98
38.83
-10.04
20.10
39.41
-10.73
14.97
40.07
-9.98
14.33
39.89
-10.16
13.46
39.73
-10.49
12.57
39.42
-10.57
11.70
39.07
-10.67
11.07
38.86
-10.97
20.23
39.45
-11.61
13.15
39.96
-11.08
12.49
39.78
-11.26
11.67
39.54
-11.56
10.92
39.12
-11.64
20.32
39.52
-12.55
11.32
39.69
-12.25
10.64
39.36
-12.56
10.02
38.99
-12.89
20.38
39.57
-13.51
10.40
39.58
-13.52
9.86
39.13
-13.57
20.40
39.60
-14.49
10.22
39.74
-14.34
9.69
39.29
-14.37
20.33
39.58
-15.42
10.04
39.84
-15.00
9.51
39.46
-15.21
9.07
39.28
-15.84
20.19
39.69
-16.30
9.25
39.79
-16.94
8.94
39.40
-16.65
19.93
39.67
-17.11
19.55
39.40
-17.82
19.18
38.93
-18.14
9.16
39.88
-17.55
8.72
39.40
-17.48
19.38
39.66
-18.70
19.01
39.02
-18.77
9.03
40.01
-18.25
8.55
39.51
-18.28
19.22
39.78
-19.59
18.83
39.10
-19.62
8.82
40.11
-18.81
8.31
39.72
-19.06
7.69
39.48
-19.75
7.46
39.59
-20.22
19.10
39.89
-20.50
18.72
39.23
-20.54
7.38
39.13
-20.11
7.31
39.29
-20.59
19.01
40.00
-21.40
18.65
39.36
-21.46
7.36
39.28
-21.29
18.90
40.09
-22.23
18.57
39.51
-22.38
7.89
39.47
-22.23
7.52
39.38
-21.82
18.80
40.19
-22.85
18.46
39.81
-23.29
14.55
38.73
-24.54
14.08
38.82
-24.45
13.34
38.89
-24.36
12.46
38.97
-24.23
11.52
39.08
-24.03
10.63
39.33
-23.77
9.77
39.65
-23.41
8.89
39.59
-22.95
8.29
39.53
-22.64
18.11
39.80
-24.17
14.81
38.89
-24.85
14.21
39.14
-24.82
13.42
39.29
-24.76
12.55
39.43
-24.66
11.68
39.62
-24.51
10.86
39.91
-24.23
10.22
39.95
-23.85
17.69
39.80
-24.80
17.05
39.70
-25.29
16.24
39.34
-25.45
15.31
39.22
-25.33
14.39
39.53
-25.30
13.52
39.70
-25.24
12.67
39.85
-25.17
11.89
40.09
-25.05
11.27
40.17
-24.72
16.72
40.11
-25.66
16.16
40.01
-25.76
15.36
39.98
-25.75
14.47
40.08
-25.72
13.60
40.17
-25.66
12.81
40.24
-25.56
12.27
40.31
-25.45
18.69
39.60
-8.17
18.20
39.77
-8.10
17.54
39.85
-8.09
16.95
39.82
-8.14
18.89
39.81
-8.68
18.26
40.11
-8.67
17.51
40.19
-8.68
16.67
40.05
-8.70
15.99
39.93
-8.91
19.68
40.12
-10.11
19.16
40.14
-9.47
18.36
40.47
-9.34
17.54
40.57
-9.37
16.63
40.51
-9.56
15.80
40.20
-9.56
19.93
40.20
-10.81
16.22
40.73
-10.20
15.42
40.52
-10.42
14.50
40.30
-10.74
13.82
40.13
-10.92
20.09
40.32
-11.65
15.14
40.81
-11.16
14.42
40.69
-11.47
13.49
40.34
-11.52
12.64
40.17
-11.85
11.99
39.96
-12.02
20.26
40.40
-12.57
14.12
40.89
-12.10
13.46
40.72
-12.28
12.62
40.54
-12.66
11.71
40.11
-12.68
11.08
39.85
-12.95
20.41
40.49
-13.54
12.30
40.75
-13.51
11.61
40.41
-13.57
10.95
40.02
-13.62
20.74
41.00
-15.02
20.57
40.59
-14.59
12.13
40.92
-14.17
11.53
40.69
-14.49
10.77
40.20
-14.47
20.75
40.98
-15.49
20.57
40.43
-15.47
11.21
40.81
-15.41
10.43
40.29
-15.44
9.72
39.89
-15.82
9.34
39.65
-16.02
20.70
41.02
-15.96
20.46
40.62
-16.35
11.08
40.97
-16.15
10.46
40.65
-16.50
9.67
40.09
-16.63
9.30
39.73
-16.43
20.11
40.53
-17.43
19.81
40.12
-17.97
10.24
40.77
-17.41
9.66
40.33
-17.49
19.98
40.81
-18.20
19.73
40.42
-18.67
10.09
40.88
-18.08
9.55
40.58
-18.34
19.55
40.48
-19.58
9.11
40.60
-19.08
8.51
40.42
-19.58
7.92
40.22
-20.13
7.56
39.93
-20.35
19.42
40.58
-20.46
7.82
40.39
-20.75
7.48
39.91
-20.75
19.29
40.71
-21.33
8.39
40.79
-21.75
7.93
40.44
-21.43
7.51
39.88
-21.32
19.11
40.75
-22.19
9.26
40.82
-22.70
8.65
40.61
-22.32
8.01
40.07
-22.10
7.60
39.80
-21.78
18.90
40.75
-22.92
18.60
40.64
-23.57
10.26
40.80
-23.67
9.67
40.48
-23.28
8.83
40.16
-22.82
8.32
39.93
-22.57
18.25
40.60
-24.28
10.65
40.54
-24.17
10.14
40.32
-23.81
17.82
40.58
-24.89
17.30
40.57
-25.39
11.73
40.61
-25.15
11.19
40.56
-24.74
16.80
40.65
-25.74
16.17
40.66
-25.92
15.38
40.66
-25.97
14.50
40.70
-25.96
13.63
40.72
-25.88
12.84
40.73
-25.72
12.23
40.66
-25.53
19.52
40.60
-10.31
19.08
40.74
-10.09
18.38
40.90
-9.99
17.61
40.94
-9.99
16.96
40.88
-10.05
19.63
40.81
-10.85
19.10
41.12
-10.72
18.38
41.27
-10.64
17.55
41.27
-10.64
16.63
41.10
-10.65
15.87
40.96
-10.88
19.74
41.14
-11.70
19.12
41.49
-11.41
18.38
41.64
-11.31
17.54
41.65
-11.35
16.59
41.55
-11.57
15.58
41.22
-11.60
14.83
41.06
-11.87
20.05
41.22
-12.62
16.24
41.79
-12.25
15.49
41.64
-12.54
14.50
41.26
-12.55
13.64
41.07
-12.86
13.04
40.92
-13.05
20.27
41.35
-13.55
15.16
41.88
-13.39
14.41
41.60
-13.43
13.61
41.37
-13.60
12.88
41.09
-13.66
20.73
41.45
-14.99
20.53
41.40
-14.44
14.97
42.05
-14.00
14.36
41.88
-14.18
13.54
41.68
-14.49
12.61
41.28
-14.52
11.98
41.08
-14.86
20.78
41.46
-15.50
13.23
41.81
-15.20
12.57
41.61
-15.48
11.82
41.24
-15.57
20.72
41.46
-16.01
20.51
41.44
-16.58
12.27
41.70
-16.21
11.58
41.41
-16.54
10.92
41.09
-16.87
20.26
41.44
-17.50
11.37
41.58
-17.55
10.74
41.19
-17.57
20.04
41.47
-18.51
19.87
41.01
-18.92
11.19
41.71
-18.45
10.46
41.29
-18.45
9.86
41.06
-18.79
19.91
41.71
-19.45
19.77
41.12
-19.59
11.07
41.87
-19.28
10.39
41.58
-19.33
9.57
41.27
-19.57
8.79
41.06
-20.07
8.25
40.76
-20.28
19.80
41.78
-20.23
19.65
41.26
-20.39
10.98
41.98
-19.89
10.45
41.82
-19.97
9.91
41.64
-20.04
8.68
41.22
-20.71
8.19
40.86
-20.72
19.71
41.84
-20.76
19.49
41.55
-21.20
9.33
41.47
-21.77
8.75
41.21
-21.45
8.23
40.89
-21.19
19.21
41.52
-22.16
10.24
41.57
-22.77
9.59
41.32
-22.43
8.96
41.08
-22.08
18.94
41.49
-22.95
18.62
41.45
-23.64
11.20
41.72
-23.77
10.56
41.37
-23.46
9.91
41.07
-23.08
18.25
41.41
-24.31
12.10
41.91
-24.67
11.56
41.61
-24.39
10.98
41.13
-24.22
17.83
41.38
-24.90
17.31
41.36
-25.38
12.39
41.68
-25.16
11.80
41.19
-25.04
11.28
40.96
-24.72
16.80
41.30
-25.74
16.17
41.31
-25.92
15.39
41.33
-26.00
14.53
41.34
-25.98
13.67
41.34
-25.87
12.83
41.34
-25.63
12.24
41.06
-25.47
19.57
41.67
-12.13
19.10
41.89
-12.01
18.40
42.01
-11.96
17.62
42.00
-11.98
16.96
41.92
-12.06
19.71
41.86
-12.75
19.14
42.22
-12.68
18.40
42.37
-12.64
17.57
42.33
-12.65
16.68
42.14
-12.69
15.98
42.01
-12.93
19.89
42.20
-13.70
19.20
42.63
-13.44
18.42
42.78
-13.37
17.58
42.72
-13.40
16.66
42.57
-13.64
15.79
42.22
-13.59
20.64
41.87
-15.05
20.33
42.17
-14.69
16.22
42.75
-14.48
15.38
42.39
-14.46
14.53
42.18
-14.80
13.89
42.00
-14.97
20.69
41.91
-15.52
20.43
42.35
-15.55
16.04
42.92
-15.15
15.38
42.74
-15.45
14.50
42.45
-15.60
13.62
42.12
-15.65
12.95
41.94
-15.91
20.67
41.88
-15.98
20.43
42.21
-16.42
15.14
42.87
-16.19
14.47
42.71
-16.54
13.56
42.37
-16.58
12.70
42.03
-16.63
12.08
41.81
-16.93
20.23
42.26
-17.46
14.22
42.82
-17.45
13.48
42.56
-17.53
12.69
42.25
-17.57
11.99
41.94
-17.64
20.06
42.31
-18.44
14.10
42.92
-18.17
13.49
42.74
-18.52
12.63
42.40
-18.52
11.88
42.07
-18.51
19.90
42.45
-19.41
19.72
42.89
-19.76
13.26
42.80
-19.52
12.48
42.49
-19.48
11.71
42.17
-19.42
9.44
41.53
-20.13
9.09
41.44
-20.27
19.79
42.30
-20.23
19.59
42.76
-20.42
13.14
42.89
-20.46
12.34
42.57
-20.44
11.40
42.22
-20.37
10.53
41.98
-20.60
9.73
41.73
-20.57
9.13
41.55
-20.67
19.69
42.20
-20.77
19.42
42.42
-21.21
13.08
42.99
-21.37
12.33
42.67
-21.44
11.45
42.32
-21.44
10.58
42.02
-21.47
9.73
41.74
-21.42
9.17
41.56
-21.17
19.12
42.30
-22.17
13.06
43.08
-22.11
12.44
42.76
-22.46
11.51
42.30
-22.42
10.62
41.92
-22.38
9.96
41.70
-22.09
18.85
42.22
-22.93
18.49
42.25
-23.58
12.34
42.60
-23.44
11.54
42.12
-23.37
10.89
41.83
-23.09
18.12
42.17
-24.26
12.45
42.37
-24.33
11.83
42.06
-24.06
17.71
42.11
-24.82
17.08
42.14
-25.28
16.30
42.45
-25.43
15.46
42.56
-25.50
14.60
42.55
-25.47
13.78
42.45
-25.34
12.98
42.25
-25.08
16.74
41.81
-25.66
16.19
41.91
-25.77
15.41
41.97
-25.83
14.57
41.97
-25.81
13.77
41.93
-25.71
13.16
41.86
-25.54
19.72
42.80
-14.19
19.21
43.18
-14.18
18.44
43.30
-14.13
17.65
43.11
-14.07
17.04
42.94
-14.11
19.94
42.88
-14.81
19.50
43.40
-14.88
18.16
43.63
-14.76
17.52
43.40
-14.76
16.82
43.10
-14.71
20.06
42.99
-15.62
19.63
43.57
-15.70
18.03
43.85
-15.37
17.43
43.68
-15.64
16.51
43.25
-15.57
15.83
43.05
-15.87
20.10
43.00
-16.51
19.72
43.63
-16.57
17.18
43.80
-16.58
16.41
43.45
-16.56
15.58
43.14
-16.61
14.96
42.98
-16.91
20.03
43.01
-17.45
19.72
43.64
-17.48
17.06
43.90
-17.50
16.34
43.60
-17.52
15.57
43.32
-17.56
14.84
43.08
-17.61
19.92
43.00
-18.35
19.64
43.58
-18.41
17.00
43.97
-18.38
16.31
43.72
-18.46
15.50
43.45
-18.51
14.62
43.16
-18.53
14.01
43.00
-18.88
19.82
42.98
-19.07
19.53
43.41
-19.39
16.96
44.02
-19.09
16.36
43.88
-19.45
15.49
43.59
-19.47
14.67
43.32
-19.52
13.95
43.08
-19.60
19.28
43.35
-20.38
16.14
43.97
-20.38
15.41
43.75
-20.40
14.63
43.47
-20.44
13.87
43.19
-20.49
19.00
43.26
-21.35
18.54
43.63
-21.75
15.99
44.10
-21.07
15.37
43.97
-21.29
14.58
43.66
-21.33
13.80
43.33
-21.43
18.81
43.00
-22.24
18.31
43.53
-22.47
17.78
43.86
-22.82
15.12
44.08
-21.90
14.53
43.87
-22.13
13.69
43.48
-22.48
13.03
43.11
-22.83
18.66
42.78
-22.87
18.19
43.05
-23.34
17.47
43.71
-23.50
16.86
43.94
-23.83
13.65
43.49
-23.42
13.01
43.05
-23.50
17.83
42.82
-24.16
17.25
43.29
-24.24
16.44
43.68
-24.33
15.53
43.70
-24.51
14.70
43.63
-24.45
13.88
43.41
-24.21
13.12
42.92
-24.24
17.60
42.62
-24.65
17.11
42.81
-24.82
16.36
43.06
-24.95
15.50
43.14
-25.04
14.65
43.11
-25.00
13.87
42.96
-24.88
13.29
42.74
-24.78
19.03
43.57
-14.49
18.72
43.62
-14.47
19.09
43.77
-15.00
18.62
43.83
-14.96
19.12
44.05
-15.85
18.46
44.13
-15.82
17.90
44.01
-16.02
19.33
44.14
-16.66
18.31
44.35
-16.68
17.77
44.12
-16.68
19.37
44.16
-17.50
18.24
44.44
-17.52
17.68
44.19
-17.53
19.28
44.13
-18.36
18.23
44.43
-18.37
17.61
44.22
-18.43
19.02
44.08
-19.23
18.35
44.31
-19.25
17.47
44.19
-19.43
16.88
44.09
-19.82
18.85
43.87
-20.27
18.25
44.14
-20.37
17.47
44.23
-20.49
16.74
44.17
-20.56
18.73
43.75
-21.02
18.21
43.99
-21.38
17.33
44.30
-21.58
16.43
44.33
-21.52
15.76
44.24
-21.70
18.03
43.96
-22.11
17.45
44.22
-22.44
16.08
44.47
-22.11
15.48
44.35
-22.26
14.79
44.21
-22.75
14.18
43.90
-22.90
17.10
44.23
-23.14
16.61
44.29
-23.56
14.70
44.25
-23.39
14.16
43.92
-23.42
16.15
44.22
-23.94
15.51
44.20
-24.07
14.83
44.14
-23.93
14.25
43.87
-23.89
18.98
44.38
-16.26
18.73
44.42
-16.25
19.03
44.45
-16.78
18.70
44.52
-16.78
19.04
44.48
-17.50
18.68
44.57
-17.51
19.00
44.47
-18.23
18.67
44.56
-18.24
18.92
44.42
-18.77
18.67
44.50
-18.78
16.97
44.51
-22.05
16.59
44.53
-22.04
16.90
44.52
-22.51
16.31
44.59
-22.55
15.64
44.58
-22.79
15.17
44.51
-22.99
16.78
44.50
-22.98
16.28
44.57
-23.23
15.65
44.62
-23.30
15.14
44.53
-23.37
16.00
44.50
-23.67
15.56
44.52
-23.72
15.15
44.47
-23.71