30.25
0.52
-15.20
29.96
0.54
-15.20
30.90
0.48
-16.04
30.47
0.44
-15.75
29.97
0.48
-15.75
30.92
0.40
-16.58
30.48
0.34
-16.53
29.99
0.46
-16.51
30.92
0.38
-17.14
30.54
0.35
-17.31
30.07
0.48
-17.27
30.43
0.43
-17.84
30.14
0.54
-17.81
32.06
0.64
-20.86
31.85
0.60
-20.84
32.07
0.62
-21.14
31.87
0.61
-21.12
29.36
1.60
-12.63
29.13
1.63
-12.65
29.47
1.40
-13.00
29.10
1.50
-13.02
30.17
1.09
-13.99
29.68
1.15
-13.72
29.12
1.36
-13.71
30.34
0.82
-14.71
29.71
0.84
-14.74
29.12
1.23
-14.58
31.67
1.19
-16.03
31.24
0.81
-15.83
30.77
0.71
-15.29
29.54
0.78
-15.59
29.10
1.19
-15.43
31.78
1.14
-16.69
31.33
0.69
-16.65
29.48
0.86
-16.49
29.12
1.20
-16.12
31.83
1.11
-17.55
31.26
0.62
-17.51
30.82
0.46
-17.74
29.69
0.86
-17.39
31.92
1.12
-18.50
31.33
0.74
-18.47
30.66
0.63
-18.36
30.00
0.93
-18.26
32.05
1.11
-19.51
31.43
0.82
-19.49
30.75
0.87
-19.39
30.18
1.18
-19.28
32.68
1.29
-20.94
32.22
0.97
-20.59
31.60
0.81
-20.54
30.81
1.10
-20.39
30.31
1.31
-20.00
32.78
1.27
-21.60
32.24
0.89
-21.43
31.69
0.88
-21.36
31.05
1.23
-21.27
32.96
1.32
-22.48
32.38
1.08
-22.43
31.71
1.23
-22.39
31.21
1.37
-21.93
33.63
1.53
-23.95
33.22
1.37
-23.48
32.58
1.18
-23.40
32.01
1.34
-23.41
33.69
1.52
-24.47
33.25
1.31
-24.30
32.70
1.25
-24.22
32.20
1.42
-24.21
33.73
1.58
-24.98
33.31
1.43
-24.95
32.77
1.41
-24.87
32.36
1.51
-24.77
30.04
2.19
-12.47
29.54
1.98
-12.47
29.04
2.00
-12.55
31.00
2.20
-13.14
30.43
1.99
-12.88
29.85
1.63
-12.87
28.80
1.88
-12.99
31.66
2.24
-14.03
31.23
1.96
-13.72
30.53
1.47
-13.64
30.01
1.36
-13.36
28.71
1.79
-13.68
31.79
2.05
-14.67
31.33
1.57
-14.49
30.81
1.18
-14.43
28.69
1.75
-14.54
31.89
1.74
-15.60
31.39
1.25
-15.20
31.01
1.00
-14.96
28.72
1.77
-15.46
32.13
1.75
-16.58
29.19
1.28
-16.81
28.87
1.72
-16.44
32.26
1.72
-17.51
29.29
1.41
-17.49
28.95
1.94
-17.31
32.38
1.71
-18.46
29.43
1.71
-18.37
29.06
2.09
-17.95
32.88
2.01
-19.97
32.57
1.71
-19.46
29.75
1.79
-19.37
32.94
1.80
-20.66
32.60
1.44
-20.23
30.45
1.53
-20.69
30.06
1.83
-20.27
33.16
1.83
-21.54
30.57
1.80
-21.34
30.18
2.06
-20.90
33.37
1.83
-22.39
31.30
1.77
-22.76
30.93
1.82
-22.11
33.86
1.94
-23.88
33.60
1.85
-23.21
31.58
1.79
-23.56
34.02
1.98
-24.60
31.83
1.85
-24.36
34.49
2.34
-25.97
34.08
2.04
-25.47
33.42
1.78
-25.57
32.77
1.75
-25.42
32.16
1.93
-25.12
34.53
2.43
-26.42
34.12
2.20
-26.28
33.48
2.19
-26.31
32.77
2.17
-25.99
32.29
2.23
-25.70
34.53
2.54
-26.81
34.23
2.43
-26.82
33.83
2.43
-26.82
30.16
2.76
-12.25
29.50
2.73
-12.18
28.82
2.75
-12.37
28.38
3.13
-12.47
31.68
3.05
-13.22
31.26
2.75
-12.94
30.68
2.65
-12.55
28.50
2.47
-12.93
28.18
3.04
-12.92
31.85
2.80
-13.78
31.49
2.47
-13.45
28.36
2.37
-13.65
28.06
3.00
-13.62
32.12
2.75
-14.64
28.32
2.39
-14.50
28.02
3.00
-14.41
32.32
2.63
-15.58
28.31
2.57
-15.46
28.05
3.05
-15.08
32.47
2.51
-16.54
28.48
2.57
-16.44
32.59
2.43
-17.47
28.64
2.68
-17.33
32.70
2.39
-18.35
29.17
2.53
-18.72
28.87
2.72
-18.10
33.07
2.61
-19.79
32.85
2.41
-19.15
29.44
2.58
-19.48
33.25
2.62
-20.61
29.74
2.61
-20.31
33.47
2.61
-21.50
30.34
2.54
-21.67
30.00
2.64
-21.04
33.65
2.51
-22.34
31.01
2.36
-22.98
30.68
2.48
-22.37
34.07
2.62
-23.75
33.85
2.48
-23.07
31.23
2.38
-23.68
34.28
2.68
-24.55
31.43
2.45
-24.44
34.68
2.76
-25.97
34.47
2.72
-25.37
31.69
2.56
-25.21
34.73
2.89
-26.51
33.18
2.68
-26.76
32.57
2.73
-26.39
32.01
2.74
-25.89
34.63
2.98
-27.08
34.25
2.82
-27.22
33.70
2.86
-27.19
34.55
3.27
-27.48
34.27
3.24
-27.58
33.89
3.25
-27.57
30.98
3.90
-12.17
30.39
3.59
-12.04
29.55
3.59
-11.91
28.82
3.60
-12.02
28.27
3.70
-12.30
31.79
3.68
-13.04
31.30
3.54
-12.54
30.82
3.23
-12.33
27.96
3.69
-12.86
32.12
3.64
-13.73
27.80
3.68
-13.61
32.40
3.61
-14.59
27.78
3.67
-14.46
32.91
4.09
-16.08
32.66
3.62
-15.61
28.10
3.19
-15.79
27.87
3.62
-15.38
32.99
3.99
-16.72
32.76
3.31
-16.58
28.15
3.41
-16.50
27.92
3.82
-16.10
33.08
3.89
-17.55
32.85
3.17
-17.47
28.33
3.55
-17.40
28.20
4.06
-17.59
33.16
3.75
-18.45
32.94
3.07
-18.31
28.99
3.20
-18.86
28.66
3.64
-18.36
28.34
4.11
-18.01
33.24
3.47
-19.43
33.01
2.98
-18.97
29.16
3.46
-19.47
28.88
3.77
-18.98
33.47
3.52
-20.48
29.50
3.44
-20.39
33.95
4.01
-22.02
33.73
3.57
-21.52
30.14
3.26
-21.92
29.81
3.40
-21.23
34.06
3.84
-22.64
33.87
3.23
-22.37
30.80
2.85
-23.13
30.44
3.21
-22.73
34.19
3.50
-23.48
33.98
3.05
-22.97
30.89
2.96
-23.71
30.50
3.50
-23.58
34.43
3.55
-24.49
31.00
3.09
-24.48
30.49
3.73
-24.43
30.18
4.16
-24.70
34.78
3.27
-25.99
34.66
3.57
-25.46
31.21
3.24
-25.28
30.67
3.81
-25.22
30.25
4.24
-25.23
34.84
3.58
-26.51
34.80
3.88
-26.06
32.93
3.14
-27.01
32.36
3.46
-26.81
31.55
3.58
-26.14
30.80
4.09
-25.86
30.37
4.36
-25.67
34.77
3.63
-27.16
33.26
3.37
-27.38
32.75
3.83
-27.39
34.59
3.74
-27.60
34.20
3.79
-27.81
33.61
3.78
-27.77
33.09
4.07
-27.76
31.64
4.94
-12.35
31.17
4.63
-12.08
30.39
4.56
-11.78
29.54
4.53
-11.61
28.74
4.45
-11.70
28.10
4.47
-12.07
31.91
4.58
-12.83
31.50
4.23
-12.44
27.72
4.43
-12.75
32.30
4.55
-13.62
27.55
4.41
-13.58
32.58
4.51
-14.45
27.52
4.42
-14.48
33.02
4.70
-15.95
32.81
4.54
-15.27
27.60
4.44
-15.42
33.16
4.72
-16.71
27.99
3.95
-16.70
27.76
4.45
-16.39
33.27
4.68
-17.57
28.09
4.01
-17.15
27.98
4.53
-17.32
33.37
4.60
-18.48
28.77
4.65
-19.21
28.58
4.53
-18.74
28.22
4.67
-18.06
33.48
4.49
-19.43
28.99
4.34
-19.62
28.83
4.22
-19.11
33.65
4.47
-20.36
29.30
4.29
-20.54
34.03
4.66
-21.92
33.84
4.50
-21.22
29.94
3.83
-22.06
29.59
4.24
-21.58
34.18
4.64
-22.68
30.05
3.92
-22.70
29.67
4.50
-22.56
34.33
4.54
-23.54
30.11
4.04
-23.46
29.73
4.60
-23.47
34.49
4.52
-24.48
30.15
4.11
-24.10
29.85
4.57
-24.39
34.65
4.52
-25.40
29.90
4.73
-25.19
34.85
4.33
-26.74
34.77
4.53
-26.18
32.03
4.14
-27.05
31.42
4.47
-26.78
30.70
4.71
-26.31
30.15
4.83
-25.83
34.79
4.32
-27.29
32.30
4.52
-27.53
31.74
4.83
-27.30
34.58
4.37
-27.74
34.17
4.54
-28.04
33.55
4.57
-28.14
32.88
4.65
-28.00
28.72
6.40
-10.34
28.30
6.33
-10.28
27.78
6.33
-10.32
27.40
6.44
-10.41
28.99
6.11
-10.68
28.41
5.87
-10.74
27.80
5.92
-10.86
27.31
6.26
-10.89
31.72
5.65
-12.28
31.16
5.57
-11.88
30.41
5.54
-11.53
29.48
5.58
-11.20
28.59
5.29
-11.29
27.80
5.36
-11.67
27.21
6.05
-11.65
32.13
5.56
-12.85
27.43
5.22
-12.60
27.06
5.96
-12.56
32.48
5.51
-13.60
27.28
5.18
-13.53
26.99
5.94
-13.50
32.73
5.39
-14.38
27.25
5.20
-14.46
26.99
5.95
-14.43
33.14
5.51
-15.79
32.93
5.35
-15.10
27.31
5.28
-15.40
27.05
5.99
-15.29
33.32
5.55
-16.64
27.41
5.53
-16.37
27.13
6.05
-15.94
33.45
5.52
-17.55
27.72
5.49
-17.32
33.56
5.47
-18.48
28.70
5.07
-19.31
28.43
5.48
-18.97
28.03
5.53
-18.13
33.67
5.42
-19.42
28.86
5.07
-19.81
28.64
5.75
-19.77
33.80
5.34
-20.30
29.05
5.09
-20.62
28.80
5.85
-20.62
34.12
5.50
-21.77
33.94
5.33
-21.07
29.21
5.11
-21.55
28.89
5.90
-21.54
34.27
5.53
-22.63
29.27
5.20
-22.52
28.91
5.93
-22.50
34.39
5.52
-23.54
29.31
5.25
-23.46
28.90
5.95
-23.46
34.49
5.50
-24.50
29.36
5.28
-24.38
28.91
5.96
-24.37
34.59
5.48
-25.48
29.47
5.38
-25.22
29.00
5.99
-25.18
34.79
4.90
-26.90
34.67
5.40
-26.51
31.14
5.16
-27.03
30.51
5.50
-26.73
29.74
5.63
-26.03
29.16
6.09
-25.78
34.72
4.94
-27.39
34.54
5.59
-27.44
32.12
5.18
-27.87
31.49
5.50
-27.59
30.87
5.78
-27.26
34.55
4.94
-27.85
34.19
5.51
-28.30
33.46
5.37
-28.60
32.57
5.53
-28.48
31.90
5.80
-28.20
33.94
6.14
-29.27
33.44
5.95
-29.34
32.85
6.07
-29.29
33.83
6.46
-29.97
33.44
6.39
-30.02
33.02
6.37
-29.82
33.80
6.61
-30.33
33.62
6.59
-30.37
28.83
6.89
-10.16
28.28
6.91
-9.91
27.71
6.86
-9.91
27.23
6.89
-10.16
29.32
6.74
-10.55
26.97
6.81
-10.79
31.79
6.55
-12.21
31.21
6.52
-11.74
30.54
6.48
-11.36
29.86
6.53
-10.98
26.82
6.75
-11.61
32.26
6.54
-12.82
26.74
6.73
-12.53
32.94
7.02
-14.09
32.67
6.56
-13.64
26.73
6.73
-13.49
33.09
6.82
-14.68
32.89
6.19
-14.41
26.77
6.74
-14.44
33.25
6.46
-15.52
33.03
6.00
-15.00
26.87
6.73
-15.33
33.49
6.47
-16.55
27.24
6.40
-16.71
27.01
6.67
-16.12
33.63
6.38
-17.52
27.50
6.39
-17.43
33.74
6.33
-18.46
28.15
6.50
-18.96
27.80
6.48
-18.19
34.06
6.91
-19.83
33.88
6.37
-19.43
28.40
6.61
-19.75
34.13
6.78
-20.53
33.95
6.12
-20.31
28.56
6.68
-20.61
34.20
6.46
-21.46
34.03
5.98
-20.95
28.62
6.71
-21.53
34.34
6.50
-22.53
28.60
6.72
-22.49
34.42
6.50
-23.52
28.53
6.71
-23.45
34.46
6.49
-24.50
28.47
6.73
-24.41
28.21
7.18
-24.78
34.49
6.47
-25.50
28.61
6.63
-25.26
28.27
7.16
-25.33
34.51
6.45
-26.50
30.14
6.24
-27.00
29.52
6.39
-26.54
28.85
6.73
-26.05
28.40
7.17
-25.85
34.44
6.51
-27.46
31.15
6.24
-27.92
30.62
6.31
-27.48
34.29
6.57
-28.39
32.18
6.14
-28.82
31.62
6.37
-28.54
34.15
6.77
-29.29
32.32
6.55
-29.41
31.78
6.73
-29.11
34.00
6.92
-29.98
33.19
6.81
-30.31
32.74
6.79
-30.00
33.81
6.98
-30.40
33.51
6.96
-30.51
27.70
8.46
-8.50
27.39
8.40
-8.47
27.04
8.42
-8.53
27.91
8.21
-8.84
27.47
8.00
-8.87
26.99
8.10
-8.96
28.96
7.66
-9.96
28.27
7.75
-9.45
27.60
7.51
-9.44
26.95
7.62
-9.73
29.55
7.54
-10.45
26.64
7.51
-10.63
31.83
7.51
-12.11
31.25
7.48
-11.61
30.63
7.37
-11.22
30.06
7.35
-10.87
26.50
7.50
-11.54
32.32
7.53
-12.71
26.46
7.56
-12.51
33.01
7.70
-14.03
32.71
7.58
-13.39
26.51
7.59
-13.50
33.25
7.64
-14.75
26.60
7.60
-14.47
33.48
7.52
-15.61
26.72
7.59
-15.44
33.92
8.01
-16.96
33.71
7.48
-16.58
27.13
7.04
-16.88
26.91
7.53
-16.43
34.01
7.93
-17.65
33.83
7.22
-17.53
27.30
7.20
-17.46
27.07
7.84
-17.25
34.10
7.81
-18.52
33.92
7.10
-18.40
27.95
7.42
-18.99
27.56
7.53
-18.22
27.25
8.01
-17.81
34.17
7.59
-19.49
33.99
7.02
-19.11
28.21
7.53
-19.74
34.29
7.62
-20.51
28.37
7.57
-20.60
34.37
7.53
-21.50
28.42
7.59
-21.52
34.43
7.50
-22.51
28.36
7.58
-22.48
34.43
7.49
-23.50
28.24
7.54
-23.43
28.04
7.95
-23.88
34.41
7.49
-24.50
28.21
7.31
-24.14
28.03
7.74
-24.56
34.37
7.47
-25.51
28.02
7.78
-25.39
34.35
7.41
-26.50
29.95
6.72
-27.28
29.42
6.98
-27.07
28.71
7.45
-26.76
28.22
7.70
-26.13
34.32
7.43
-27.47
30.84
6.70
-28.11
30.28
6.90
-27.81
29.56
7.36
-27.72
28.90
7.81
-27.59
34.26
7.51
-28.42
31.07
6.92
-28.63
30.40
7.32
-28.53
29.70
7.73
-28.43
29.06
8.13
-28.30
34.18
7.57
-29.31
32.03
7.11
-29.71
31.39
7.26
-29.35
30.57
7.72
-29.22
29.82
8.18
-29.13
29.24
8.36
-28.81
34.03
7.62
-30.02
32.97
7.30
-30.48
32.37
7.54
-30.28
31.48
7.87
-29.99
30.72
8.16
-29.78
30.18
8.38
-29.63
33.76
7.64
-30.47
33.29
7.63
-30.63
32.80
7.89
-30.62
27.74
8.93
-8.40
27.29
8.94
-8.27
26.76
8.93
-8.41
26.31
9.22
-8.51
28.12
8.83
-8.77
26.54
8.56
-8.94
26.12
9.07
-8.95
29.14
8.56
-9.86
28.54
8.66
-9.29
26.40
8.31
-9.68
25.96
8.94
-9.65
30.87
8.93
-11.11
30.45
8.76
-10.85
29.84
8.46
-10.46
26.24
8.23
-10.55
25.84
8.92
-10.50
31.85
8.51
-12.02
31.21
8.52
-11.44
30.63
8.16
-11.07
30.18
7.99
-10.80
26.16
8.27
-11.47
25.82
8.93
-11.36
32.35
8.52
-12.62
26.13
8.51
-12.47
25.85
9.04
-12.05
33.07
8.57
-13.98
32.74
8.54
-13.29
26.28
8.52
-13.51
33.36
8.56
-14.76
26.44
8.53
-14.50
33.86
8.82
-16.14
33.66
8.53
-15.66
26.58
8.54
-15.47
33.97
8.66
-16.72
33.80
8.21
-16.30
26.74
8.55
-16.40
34.15
8.70
-17.61
26.93
8.65
-17.22
34.28
8.66
-18.53
27.86
8.16
-19.09
27.57
8.55
-18.61
27.19
8.69
-17.92
34.39
8.59
-19.50
28.04
8.52
-19.67
27.79
8.88
-19.16
34.49
8.59
-20.51
28.24
8.53
-20.59
34.54
8.53
-21.52
28.28
8.54
-21.51
34.52
8.49
-22.50
28.18
8.55
-22.49
28.01
8.92
-23.04
34.45
8.49
-23.49
28.10
8.23
-23.19
27.93
8.64
-23.67
34.33
8.49
-24.51
27.79
8.62
-24.57
34.20
8.50
-25.54
34.02
9.05
-25.93
27.74
8.60
-25.51
34.17
8.29
-26.52
33.96
9.00
-26.60
28.29
8.08
-26.95
27.88
8.50
-26.50
34.14
8.29
-27.45
33.94
8.97
-27.37
28.37
8.33
-27.56
27.91
8.81
-27.37
34.10
8.49
-28.41
33.95
8.99
-27.99
28.49
8.71
-28.28
28.01
9.04
-27.97
34.10
8.41
-29.34
29.49
8.86
-29.41
28.91
8.86
-28.92
33.98
8.40
-30.05
32.13
8.41
-30.59
31.44
8.57
-30.39
30.72
8.79
-30.16
30.06
8.89
-29.85
33.70
8.41
-30.52
33.24
8.46
-30.73
32.66
8.54
-30.75
27.78
9.67
-8.31
27.25
9.69
-8.10
26.66
9.71
-8.14
26.12
9.79
-8.38
28.23
9.66
-8.73
28.31
9.88
-8.84
25.79
9.67
-8.90
29.22
9.51
-9.78
28.61
9.60
-9.18
28.43
9.86
-9.00
25.58
9.59
-9.61
30.90
9.49
-11.09
30.43
9.49
-10.77
29.85
9.48
-10.35
25.42
9.65
-10.48
25.15
10.11
-10.78
31.88
9.50
-11.98
31.33
9.49
-11.46
25.49
9.58
-11.39
25.18
10.11
-11.38
32.37
9.51
-12.58
25.93
9.24
-12.79
25.60
9.73
-12.32
25.27
10.15
-11.94
33.10
9.53
-13.95
32.76
9.52
-13.24
26.05
9.51
-13.56
25.76
9.92
-13.06
33.41
9.54
-14.72
26.28
9.49
-14.55
33.89
9.32
-16.11
33.72
9.56
-15.59
26.46
9.50
-15.50
34.05
9.60
-16.65
33.90
9.92
-16.10
26.63
9.52
-16.40
34.26
9.59
-17.60
26.84
9.56
-17.24
34.44
9.56
-18.53
27.45
9.53
-18.64
27.12
9.56
-17.98
34.58
9.54
-19.48
28.00
9.50
-19.83
27.75
9.57
-19.22
34.86
10.13
-20.87
34.71
9.64
-20.52
28.17
9.49
-20.61
34.87
10.10
-21.32
34.73
9.56
-21.55
28.20
9.50
-21.46
34.64
9.44
-22.51
28.11
9.53
-22.30
27.95
9.60
-22.99
34.49
9.49
-23.46
27.77
9.56
-23.71
34.26
9.52
-24.51
34.07
9.90
-25.07
27.57
9.56
-24.57
34.12
9.22
-25.24
33.94
9.68
-25.70
27.37
9.60
-25.57
27.08
10.08
-26.00
33.77
9.73
-26.59
27.43
9.38
-26.52
27.06
10.03
-26.61
33.72
9.63
-27.43
27.51
9.46
-27.37
27.11
10.05
-27.34
33.91
9.24
-28.77
33.77
9.51
-28.19
28.22
9.32
-28.55
27.71
9.68
-28.19
27.26
10.12
-27.92
33.94
9.16
-29.46
29.26
9.64
-29.60
28.54
9.64
-29.06
27.97
9.96
-28.74
33.85
9.12
-30.09
31.99
9.02
-30.73
31.45
9.25
-30.64
30.73
9.63
-30.45
29.95
9.65
-30.05
33.60
9.12
-30.52
33.13
9.24
-30.72
32.38
9.40
-30.79
31.65
9.79
-30.79
31.13
10.00
-30.72
27.84
10.51
-8.23
27.24
10.56
-7.96
26.55
10.59
-7.95
25.83
10.66
-8.24
25.34
11.09
-8.40
28.32
10.39
-8.69
28.33
10.13
-8.83
25.47
10.35
-8.84
25.11
10.96
-8.88
29.30
10.41
-9.74
28.70
10.35
-9.14
28.46
10.11
-8.99
25.26
10.21
-9.53
24.95
10.81
-9.60
30.88
10.05
-11.08
30.49
10.19
-10.81
29.95
10.46
-10.38
25.18
10.14
-10.15
24.93
10.62
-10.48
31.87
10.48
-11.95
31.23
10.45
-11.37
30.68
10.75
-10.98
30.29
10.87
-10.70
24.93
10.69
-11.35
32.37
10.50
-12.56
25.37
10.50
-12.65
25.08
10.68
-12.09
33.10
10.51
-13.92
32.77
10.50
-13.22
25.91
10.39
-13.87
25.61
10.55
-13.28
33.40
10.52
-14.67
26.14
10.44
-14.66
33.67
10.56
-15.43
26.35
10.46
-15.54
34.13
10.56
-16.81
33.91
10.64
-16.11
26.55
10.48
-16.43
34.37
10.53
-17.64
26.77
10.50
-17.28
34.59
10.50
-18.53
27.42
10.42
-18.72
27.07
10.49
-18.06
34.73
10.41
-19.39
27.94
10.40
-19.86
27.72
10.36
-19.26
34.96
10.68
-20.77
34.85
10.43
-20.17
28.10
10.44
-20.62
34.95
10.66
-21.55
34.83
10.14
-21.87
28.14
10.45
-21.45
34.89
10.85
-22.33
34.76
10.23
-22.51
28.06
10.45
-22.27
27.90
10.41
-22.96
34.79
10.91
-22.86
34.61
10.54
-23.33
27.68
10.48
-23.66
34.29
10.52
-24.33
34.04
10.53
-25.03
27.40
10.49
-24.47
33.81
10.57
-25.73
27.16
10.47
-25.23
26.88
10.68
-25.84
33.51
10.66
-26.67
33.19
11.12
-27.13
26.70
10.70
-26.56
33.43
10.36
-27.59
33.08
11.02
-27.75
26.75
10.68
-27.36
33.73
9.74
-28.96
33.47
10.16
-28.55
33.01
10.91
-28.56
27.47
10.32
-28.43
27.04
10.70
-28.12
33.71
9.74
-29.51
33.35
10.25
-29.41
32.90
10.85
-29.38
29.14
10.50
-29.74
28.45
10.55
-29.30
27.74
10.63
-28.84
27.28
10.87
-28.57
33.63
9.70
-30.09
33.24
10.16
-30.08
32.72
10.69
-30.08
30.49
10.52
-30.47
29.81
10.51
-30.13
33.51
9.61
-30.46
33.11
9.87
-30.54
32.39
10.35
-30.61
31.66
10.49
-30.77
31.05
10.58
-30.71
27.99
11.47
-8.12
27.28
11.54
-7.78
26.52
11.52
-7.71
25.78
11.60
-7.88
25.18
11.71
-8.24
28.51
11.31
-8.61
24.80
11.66
-8.84
29.41
11.29
-9.65
28.92
11.21
-9.11
24.61
11.52
-9.62
29.91
11.30
-10.24
24.57
11.41
-10.51
31.89
11.48
-11.92
31.31
11.46
-11.37
30.75
11.43
-10.97
30.30
11.38
-10.65
24.62
11.40
-11.43
32.38
11.49
-12.53
25.18
11.10
-12.86
24.83
11.42
-12.38
33.10
11.50
-13.91
32.77
11.50
-13.20
25.76
11.07
-14.02
25.37
11.39
-13.52
24.94
11.73
-13.06
33.38
11.51
-14.65
25.91
11.41
-14.67
25.55
11.78
-14.17
33.65
11.52
-15.39
26.22
11.41
-15.59
34.19
11.51
-16.85
33.91
11.54
-16.12
26.44
11.44
-16.48
34.48
11.50
-17.65
26.69
11.47
-17.37
35.05
11.97
-19.01
34.79
11.52
-18.57
27.65
11.50
-19.33
27.44
11.29
-18.92
27.02
11.44
-18.21
35.12
11.81
-19.62
34.91
11.19
-19.40
27.83
11.27
-19.76
27.69
10.99
-19.30
35.12
11.53
-20.47
34.97
11.04
-20.01
27.99
11.36
-20.61
35.10
11.59
-21.45
28.06
11.38
-21.48
34.97
11.66
-22.37
34.85
11.95
-22.92
27.98
11.40
-22.39
27.87
11.10
-22.95
34.82
11.37
-22.90
34.65
11.58
-23.45
27.84
11.74
-22.94
27.65
11.44
-23.49
34.27
11.53
-24.47
34.03
11.17
-25.02
27.22
11.47
-24.44
26.87
11.84
-24.94
34.04
11.86
-25.11
33.81
11.47
-25.58
27.00
11.15
-25.07
26.63
11.50
-25.55
25.23
12.25
-26.26
24.85
12.34
-26.38
24.57
12.40
-26.48
33.45
11.59
-26.37
33.06
11.74
-27.04
26.20
11.48
-26.40
25.48
11.93
-26.54
24.90
12.11
-26.71
24.55
12.31
-26.76
32.77
11.73
-27.77
26.25
11.38
-27.31
25.54
11.82
-27.22
24.95
12.05
-27.18
24.60
12.26
-27.16
32.60
11.60
-28.57
27.11
11.89
-28.64
26.58
11.63
-28.15
25.64
12.04
-27.74
24.99
12.17
-27.55
24.66
12.23
-27.44
32.44
11.47
-29.37
29.09
11.33
-29.80
28.45
11.44
-29.43
27.64
11.54
-28.95
27.14
11.33
-28.61
32.27
11.30
-30.05
30.43
11.35
-30.38
29.73
11.37
-30.10
32.00
11.14
-30.51
31.51
11.17
-30.68
30.99
11.24
-30.63
26.94
13.14
-7.24
26.42
13.09
-7.20
25.89
13.10
-7.25
28.87
13.03
-8.30
28.28
12.57
-8.03
27.34
12.65
-7.54
26.49
12.44
-7.45
25.66
12.57
-7.56
24.93
12.56
-8.02
29.76
13.16
-9.15
29.31
12.84
-8.81
28.81
12.14
-8.60
24.40
12.49
-8.75
23.96
12.92
-9.04
30.04
12.94
-9.63
29.58
12.20
-9.46
29.10
11.86
-9.05
24.24
12.23
-9.63
23.85
12.82
-9.69
31.07
12.94
-10.79
30.53
12.74
-10.33
30.08
12.03
-10.17
24.19
12.13
-10.53
23.80
12.78
-10.55
31.92
12.49
-11.82
31.33
12.44
-11.21
30.73
12.12
-10.79
30.35
11.86
-10.57
24.24
12.13
-11.46
23.82
12.81
-11.46
32.40
12.50
-12.48
24.39
12.20
-12.38
23.93
12.91
-12.35
33.10
12.50
-13.90
32.78
12.50
-13.18
25.11
12.10
-13.71
24.64
12.40
-13.25
24.13
13.04
-13.14
33.38
12.50
-14.64
25.76
12.29
-14.97
25.28
12.51
-14.34
24.70
12.94
-13.91
24.28
13.23
-13.65
33.65
12.50
-15.40
26.06
12.29
-15.71
34.25
12.46
-16.86
33.93
12.49
-16.14
26.29
12.36
-16.55
34.60
12.46
-17.58
26.54
12.46
-17.47
35.24
12.62
-18.87
34.92
12.43
-18.28
27.60
11.86
-19.39
27.36
12.04
-19.09
26.91
12.49
-18.52
35.39
12.58
-19.62
27.69
11.99
-19.82
27.42
12.46
-19.61
27.08
12.94
-19.34
35.41
12.56
-20.48
27.79
12.27
-20.62
27.47
12.83
-20.22
27.20
13.15
-19.90
35.28
12.56
-21.39
27.93
12.22
-21.50
35.09
12.59
-22.22
34.88
12.65
-22.92
27.91
12.23
-22.28
34.65
12.57
-23.63
27.79
12.32
-22.89
27.53
12.37
-23.46
34.35
12.55
-24.46
27.15
12.42
-24.18
26.73
12.52
-24.81
34.02
12.62
-25.26
33.76
12.21
-25.69
26.20
12.40
-25.51
25.48
12.57
-25.95
24.91
12.71
-26.19
24.56
12.67
-26.41
33.77
12.93
-25.77
33.45
12.56
-26.23
32.91
12.60
-26.97
26.01
12.00
-26.01
25.64
12.15
-26.15
24.46
12.63
-26.74
32.41
12.61
-27.76
31.96
13.01
-28.09
25.24
12.96
-27.66
24.86
12.83
-27.44
24.55
12.60
-27.18
32.18
12.28
-28.59
31.72
12.85
-28.64
27.17
12.52
-28.67
26.46
12.51
-28.27
25.60
12.65
-27.88
24.96
12.49
-27.63
24.64
12.41
-27.47
31.97
12.07
-29.37
31.35
12.63
-29.39
30.75
12.71
-29.67
29.11
11.98
-29.79
28.66
12.31
-29.50
27.85
12.39
-29.06
31.84
11.80
-30.03
31.29
12.12
-30.06
30.54
12.19
-30.11
29.62
12.20
-29.94
29.13
12.50
-29.74
31.76
11.59
-30.42
31.39
11.70
-30.48
30.97
11.75
-30.48
27.01
13.76
-7.14
26.35
13.77
-7.06
25.61
13.72
-7.15
24.99
13.94
-7.28
28.93
13.71
-8.16
28.33
13.60
-7.78
27.62
13.62
-7.40
25.26
13.25
-7.43
24.56
13.53
-7.73
23.83
13.95
-8.10
23.42
14.27
-8.32
29.87
13.73
-9.09
29.43
13.69
-8.63
24.20
13.16
-8.37
23.72
13.50
-8.77
23.29
14.13
-8.84
30.26
13.69
-9.61
23.50
13.43
-9.63
23.15
14.07
-9.63
31.71
13.94
-11.20
31.30
13.66
-10.81
30.73
13.65
-10.21
23.42
13.41
-10.52
23.08
14.05
-10.50
31.98
13.53
-11.67
31.56
13.21
-11.23
23.42
13.46
-11.44
23.07
14.06
-11.37
32.44
13.51
-12.43
23.46
13.65
-12.37
23.12
14.10
-12.06
33.10
13.50
-13.90
32.80
13.50
-13.16
23.74
13.67
-13.18
33.38
13.50
-14.66
25.65
12.93
-15.21
25.22
13.43
-14.93
24.59
13.64
-14.33
24.07
13.77
-13.81
33.65
13.49
-15.43
25.86
13.04
-15.78
25.56
13.71
-15.71
34.31
13.37
-16.85
33.96
13.45
-16.18
26.07
13.21
-16.54
25.79
13.89
-16.43
35.29
13.83
-17.97
34.79
13.44
-17.55
26.24
13.52
-17.47
25.95
14.01
-17.03
36.53
14.39
-19.00
36.18
14.05
-18.87
35.57
13.51
-18.60
35.09
13.12
-18.14
26.55
13.52
-18.49
36.58
14.38
-19.40
36.24
13.96
-19.46
35.77
13.39
-19.53
26.79
13.66
-19.37
36.56
14.43
-19.78
36.27
14.15
-20.01
35.79
13.61
-20.45
27.68
12.87
-21.00
27.38
13.39
-20.79
27.04
13.67
-20.15
35.47
13.53
-21.39
27.76
12.89
-21.60
27.48
13.48
-21.62
35.19
13.52
-22.19
34.93
13.52
-22.93
27.76
12.88
-22.29
27.49
13.44
-22.40
34.69
13.51
-23.68
27.70
12.83
-22.81
27.40
13.20
-23.20
34.42
13.52
-24.45
27.06
13.25
-23.97
26.65
13.40
-24.59
34.13
13.57
-25.19
26.15
13.39
-25.25
25.55
13.38
-25.75
25.00
13.34
-26.18
24.61
13.01
-26.38
33.77
13.64
-25.79
33.31
13.55
-26.31
32.73
13.51
-26.88
24.88
13.46
-26.62
24.55
13.02
-26.67
32.23
13.44
-27.44
31.73
13.56
-27.89
25.43
13.39
-27.52
24.95
13.31
-27.13
24.59
12.98
-27.00
31.35
13.42
-28.47
27.33
13.22
-28.55
26.58
13.22
-28.19
25.90
13.26
-27.87
30.96
13.27
-29.03
30.34
13.20
-29.39
29.56
13.28
-29.37
28.82
13.10
-29.30
28.01
13.12
-28.94
30.17
12.79
-29.80
29.62
12.83
-29.74
29.17
12.85
-29.64
27.06
14.60
-7.05
26.33
14.61
-6.94
25.56
14.60
-6.96
24.84
14.61
-7.12
29.00
14.56
-8.10
28.39
14.54
-7.67
27.73
14.55
-7.31
24.30
14.44
-7.41
23.75
14.60
-7.74
23.31
14.81
-8.14
29.93
14.42
-9.06
29.52
14.53
-8.60
23.04
14.81
-8.79
30.32
14.45
-9.55
22.88
14.79
-9.61
31.76
14.64
-11.16
31.30
14.58
-10.65
30.77
14.54
-10.09
22.80
14.77
-10.51
32.13
14.54
-11.73
22.80
14.75
-11.44
32.50
14.51
-12.42
23.24
14.19
-12.71
22.93
14.67
-12.38
33.11
14.50
-13.90
32.82
14.50
-13.15
23.41
14.31
-13.30
23.05
14.88
-13.20
33.38
14.50
-14.67
24.91
14.31
-15.14
24.37
14.44
-14.63
23.73
14.58
-14.01
23.25
15.02
-13.75
33.67
14.48
-15.46
25.25
14.45
-15.76
34.34
14.10
-16.79
34.04
14.46
-16.29
25.50
14.61
-16.48
36.53
15.16
-18.29
36.14
14.92
-18.05
35.50
14.54
-17.78
34.74
14.44
-17.20
34.35
14.77
-16.75
26.04
14.38
-17.83
25.76
14.61
-17.23
36.64
14.89
-18.75
36.23
14.48
-18.47
35.79
14.16
-18.27
26.25
14.39
-18.62
36.77
14.92
-19.36
26.47
14.50
-19.51
36.67
14.89
-19.89
36.37
14.72
-20.34
35.97
14.52
-20.85
27.12
14.00
-21.00
26.78
14.47
-20.55
35.61
14.46
-21.54
27.17
14.09
-21.66
26.84
14.72
-21.55
35.28
14.44
-22.26
35.00
14.41
-22.97
27.18
14.10
-22.45
26.86
14.78
-22.47
34.75
14.42
-23.70
27.10
13.99
-23.23
26.80
14.68
-23.37
34.51
14.46
-24.45
26.95
13.89
-23.85
26.64
14.36
-24.28
34.20
14.51
-25.17
26.23
14.34
-25.17
25.71
14.15
-25.70
25.33
14.05
-26.10
33.78
14.54
-25.77
33.20
14.51
-26.28
32.43
14.48
-26.80
31.75
14.78
-27.05
28.15
15.18
-27.13
27.43
15.04
-27.00
26.61
14.74
-26.86
25.88
14.41
-26.74
25.33
14.08
-26.54
32.01
14.09
-27.26
31.32
14.35
-27.57
30.37
14.63
-27.72
29.48
14.75
-27.73
28.52
14.79
-27.59
27.55
14.52
-27.57
26.66
14.28
-27.43
25.84
13.95
-27.30
25.31
13.82
-27.00
30.94
13.94
-28.30
30.26
14.18
-28.33
29.46
14.26
-28.33
28.58
14.20
-28.27
27.65
13.90
-28.23
26.73
13.81
-27.92
26.12
13.70
-27.73
30.73
13.69
-28.76
30.22
13.76
-28.87
29.50
13.80
-28.89
28.74
13.72
-28.83
28.12
13.63
-28.71
27.10
15.51
-6.99
26.32
15.53
-6.85
25.48
15.53
-6.85
24.57
15.51
-7.01
23.86
15.84
-7.20
23.44
16.01
-7.44
29.05
15.49
-8.10
28.43
15.49
-7.62
27.79
15.48
-7.25
24.16
15.06
-7.25
23.71
15.27
-7.47
23.24
15.64
-7.88
29.95
15.02
-9.07
29.65
15.45
-8.73
22.89
15.64
-8.70
30.25
15.18
-9.47
30.06
15.74
-9.28
22.68
15.62
-9.57
31.77
15.51
-11.13
31.28
15.50
-10.57
30.68
15.49
-9.98
30.34
15.88
-9.66
22.57
15.61
-10.51
32.17
15.50
-11.73
22.53
15.58
-11.48
32.52
15.50
-12.42
22.58
15.52
-12.42
33.11
15.50
-13.90
32.83
15.50
-13.15
22.73
15.59
-13.27
33.39
15.49
-14.67
24.72
14.90
-15.30
24.24
15.24
-15.04
23.60
15.38
-14.48
23.04
15.64
-13.98
33.68
15.48
-15.44
24.92
15.11
-15.80
24.50
15.59
-15.65
34.04
15.45
-16.17
25.11
15.46
-16.58
24.67
15.86
-16.17
36.62
15.75
-18.13
36.14
15.58
-17.75
35.50
15.40
-17.44
34.85
15.32
-17.07
34.38
15.39
-16.68
25.84
14.99
-18.03
25.50
15.43
-17.60
36.87
15.70
-18.72
25.94
15.16
-18.67
25.57
15.77
-18.52
25.45
16.00
-18.74
36.93
15.67
-19.40
26.06
15.44
-19.52
25.65
15.91
-19.04
25.48
16.03
-18.92
36.78
15.62
-20.07
36.46
15.43
-20.59
36.10
15.30
-21.08
26.37
15.41
-20.56
35.77
15.33
-21.69
26.51
15.49
-21.54
35.41
15.33
-22.40
35.10
15.23
-23.03
26.56
15.53
-22.49
34.87
15.27
-23.71
26.56
15.50
-23.43
34.63
15.36
-24.43
26.52
15.41
-24.39
34.31
15.48
-25.13
27.00
15.87
-25.89
26.46
15.34
-25.46
25.86
14.71
-25.86
25.52
14.47
-26.06
33.82
15.51
-25.73
33.18
15.50
-26.17
32.38
15.49
-26.50
31.45
15.50
-26.79
30.50
15.80
-26.83
29.53
15.85
-26.86
28.51
15.71
-26.83
27.44
15.67
-26.44
26.59
15.14
-26.25
25.92
14.73
-26.28
25.53
14.48
-26.28
31.06
15.01
-27.20
30.38
15.18
-27.25
29.57
15.26
-27.26
28.87
15.25
-27.22
27.17
16.47
-6.95
26.35
16.50
-6.79
25.49
16.51
-6.77
24.62
16.54
-6.88
23.88
16.62
-7.09
23.39
16.60
-7.40
29.06
16.48
-8.07
28.44
16.46
-7.56
27.83
16.39
-7.20
23.07
16.57
-7.90
29.63
16.46
-8.67
22.76
16.56
-8.66
30.04
16.42
-9.23
22.54
16.55
-9.55
31.76
16.38
-11.09
31.29
16.43
-10.54
30.76
16.34
-10.04
30.36
16.38
-9.67
22.37
16.54
-10.51
32.15
16.46
-11.69
22.23
16.54
-11.53
22.01
17.06
-11.94
32.51
16.49
-12.41
22.25
16.34
-12.50
21.95
17.01
-12.61
33.11
16.50
-13.89
32.82
16.49
-13.14
22.35
16.37
-13.40
21.88
17.01
-13.42
21.65
17.12
-13.67
33.40
16.49
-14.66
23.93
15.82
-15.17
23.43
16.09
-14.87
22.67
16.61
-14.34
21.97
17.05
-13.92
21.68
17.13
-13.84
33.74
16.48
-15.42
24.09
16.11
-15.64
23.56
16.54
-15.46
23.05
17.01
-15.25
36.53
17.08
-17.44
36.10
16.97
-17.19
35.48
16.87
-16.93
34.82
16.74
-16.63
34.21
16.43
-16.19
24.83
16.26
-16.94
24.33
16.47
-16.34
23.71
16.96
-16.05
23.28
17.23
-15.79
36.70
16.64
-17.89
36.15
16.33
-17.47
35.51
16.16
-17.17
34.88
16.05
-16.89
34.45
15.97
-16.62
25.13
16.25
-17.71
37.00
16.59
-18.66
25.32
16.33
-18.56
25.38
16.18
-18.76
37.05
16.57
-19.48
25.84
16.19
-19.85
25.51
16.35
-19.20
25.43
16.19
-18.96
36.87
16.55
-20.38
36.51
16.12
-20.89
36.20
15.88
-21.24
26.06
16.18
-20.66
36.76
16.93
-21.05
36.45
16.61
-21.38
36.02
16.19
-21.80
26.19
16.23
-21.56
35.57
16.24
-22.69
35.21
15.85
-23.12
26.26
16.27
-22.49
35.35
16.70
-23.51
35.05
16.02
-23.68
26.32
16.31
-23.43
35.07
16.90
-24.25
34.81
16.21
-24.38
26.40
16.35
-24.35
34.84
17.01
-24.75
34.49
16.55
-25.07
32.10
16.99
-26.16
31.58
16.99
-26.21
31.07
17.05
-26.27
27.09
16.59
-25.80
26.59
16.45
-25.21
33.88
16.51
-25.68
33.18
16.49
-26.05
32.38
16.50
-26.24
31.51
16.41
-26.41
30.61
16.68
-26.47
29.56
16.65
-26.57
28.59
16.61
-26.53
27.71
16.60
-26.26
27.90
17.86
-7.14
27.33
17.50
-6.95
26.41
17.50
-6.76
25.51
17.51
-6.72
24.64
17.53
-6.83
23.81
17.56
-7.11
23.38
17.22
-7.39
29.11
17.48
-8.02
28.38
17.49
-7.45
27.87
17.13
-7.17
23.39
17.90
-7.40
23.07
17.55
-7.81
30.66
18.14
-9.38
30.34
17.92
-9.12
29.80
17.48
-8.70
22.70
17.53
-8.63
30.89
17.91
-9.77
30.54
17.49
-9.52
30.18
17.07
-9.28
22.44
17.52
-9.52
31.73
17.12
-11.04
31.30
17.48
-10.46
30.74
17.05
-9.92
30.41
16.84
-9.64
22.19
17.54
-10.50
21.98
17.94
-11.03
32.04
17.48
-11.58
31.70
17.85
-11.05
22.10
17.24
-11.23
21.90
17.69
-11.68
32.46
17.48
-12.40
21.77
17.70
-12.57
33.10
17.49
-13.89
32.79
17.48
-13.15
21.72
17.59
-13.44
21.60
17.31
-13.68
33.40
17.49
-14.64
22.33
17.57
-14.57
21.87
17.52
-13.98
21.65
17.30
-13.86
33.74
17.49
-15.37
22.75
17.71
-15.34
36.59
17.64
-17.41
36.11
17.64
-17.07
35.47
17.63
-16.80
34.80
17.59
-16.49
34.21
17.50
-16.02
24.66
16.79
-17.21
24.26
17.13
-16.95
23.67
17.60
-16.61
23.16
17.77
-16.03
36.89
17.53
-17.93
24.81
16.94
-17.80
24.33
17.63
-17.70
23.86
17.92
-17.22
37.11
17.50
-18.67
25.03
17.03
-18.63
24.63
17.73
-18.64
37.17
17.50
-19.52
25.66
16.71
-20.04
25.30
17.06
-19.60
24.84
17.81
-19.58
37.06
17.53
-20.43
25.76
16.80
-20.70
25.38
17.33
-20.58
24.95
17.93
-20.53
36.85
17.63
-21.37
36.48
17.16
-21.81
36.15
16.81
-22.08
25.85
16.88
-21.56
25.45
17.45
-21.51
25.02
18.01
-21.47
36.72
18.01
-22.16
36.38
17.56
-22.40
35.96
17.06
-22.65
25.91
16.96
-22.48
25.49
17.56
-22.44
25.08
18.07
-22.36
36.60
18.23
-22.63
36.28
18.00
-22.93
35.73
17.60
-23.42
25.98
17.06
-23.42
25.51
17.76
-23.40
25.14
18.14
-23.06
35.25
17.66
-24.25
26.14
17.18
-24.32
25.73
17.82
-24.26
34.90
17.60
-24.81
34.48
17.54
-25.25
32.76
17.67
-26.06
32.30
17.48
-26.11
31.64
17.51
-26.16
31.05
17.51
-26.24
27.03
17.43
-25.86
26.39
17.49
-25.22
25.91
17.97
-24.89
33.88
17.49
-25.70
33.14
17.45
-26.01
32.63
17.15
-26.11
30.44
17.51
-26.41
29.53
17.51
-26.52
28.59
17.53
-26.51
27.69
17.53
-26.32
27.92
18.59
-7.13
27.24
18.52
-6.88
26.41
18.51
-6.73
25.54
18.50
-6.70
24.70
18.52
-6.81
23.95
18.55
-7.06
29.14
18.44
-7.97
28.52
18.49
-7.50
23.41
18.63
-7.42
23.00
18.55
-7.93
30.67
18.58
-9.35
30.27
18.58
-8.98
29.74
18.47
-8.51
22.65
18.51
-8.65
30.97
18.55
-9.82
22.36
18.50
-9.44
31.31
18.52
-10.46
22.11
18.51
-10.24
21.87
18.62
-10.93
32.05
18.46
-11.76
31.69
18.57
-11.13
21.70
18.57
-11.69
32.40
18.44
-12.47
21.60
18.56
-12.55
33.05
18.46
-13.91
32.73
18.45
-13.19
21.86
18.81
-14.04
21.69
18.52
-13.49
33.36
18.47
-14.64
22.12
18.50
-14.57
21.87
18.17
-14.02
33.72
18.48
-15.37
22.54
18.55
-15.46
36.58
18.30
-17.42
36.11
18.33
-17.09
35.47
18.39
-16.82
34.79
18.47
-16.50
34.18
18.48
-16.02
23.40
18.23
-16.78
22.98
18.58
-16.35
36.88
18.35
-17.95
24.01
18.36
-17.98
23.58
18.52
-17.37
23.18
18.90
-17.03
37.10
18.37
-18.69
24.26
18.41
-18.73
37.19
18.40
-19.55
24.43
18.48
-19.60
37.15
18.43
-20.45
24.54
18.54
-20.53
37.03
18.50
-21.34
24.61
18.58
-21.48
36.88
18.63
-22.11
24.69
18.61
-22.43
36.66
18.70
-22.68
36.29
18.66
-23.14
35.78
18.57
-23.68
25.24
18.23
-23.73
24.86
18.61
-23.38
35.24
18.56
-24.41
34.90
18.89
-24.84
25.37
18.37
-24.36
24.94
18.85
-24.23
34.92
18.22
-24.85
34.54
18.52
-25.22
32.73
18.07
-26.07
32.26
18.08
-26.14
31.62
18.06
-26.22
31.08
17.97
-26.29
26.91
18.14
-26.12
26.25
18.40
-25.82
25.60
18.61
-25.15
25.08
19.03
-24.84
33.86
18.47
-25.71
33.07
18.43
-26.04
32.30
18.69
-26.25
31.48
18.67
-26.44
30.60
18.34
-26.54
29.57
18.38
-26.70
28.56
18.50
-26.74
27.40
18.60
-26.70
26.46
18.87
-26.61
26.10
19.21
-26.85
26.96
19.17
-27.28
26.51
19.17
-27.23
26.15
19.37
-27.30
26.74
19.35
-27.59
26.47
19.43
-27.66
26.21
19.52
-27.66
27.92
19.48
-7.17
27.22
19.49
-6.89
26.41
19.49
-6.73
25.56
19.49
-6.70
24.74
19.49
-6.81
24.02
19.51
-7.06
29.12
19.31
-8.01
28.55
19.43
-7.58
23.44
19.53
-7.45
22.99
19.52
-7.99
30.63
19.04
-9.38
30.25
19.36
-9.09
29.66
19.34
-8.53
22.61
19.50
-8.66
30.87
19.20
-9.81
30.56
19.76
-9.65
22.27
19.48
-9.41
31.17
19.46
-10.49
30.85
19.95
-10.18
21.99
19.41
-10.13
21.70
19.50
-10.82
31.97
19.31
-11.89
31.59
19.45
-11.26
21.46
19.44
-11.62
32.29
19.33
-12.54
21.31
19.50
-12.48
21.04
19.99
-12.71
32.97
19.39
-13.96
32.62
19.40
-13.25
21.75
19.42
-14.10
21.43
19.51
-13.41
21.09
20.00
-13.16
33.28
19.42
-14.68
22.01
19.39
-14.75
33.64
19.46
-15.43
22.34
19.42
-15.57
36.51
18.82
-17.48
36.10
18.95
-17.25
35.48
19.12
-17.02
34.76
19.40
-16.74
34.11
19.46
-16.17
22.67
19.49
-16.44
36.66
19.12
-17.96
36.14
19.46
-17.62
35.54
19.67
-17.37
35.02
19.83
-17.17
23.80
18.86
-18.19
23.47
19.17
-17.88
23.01
19.60
-17.36
36.94
19.17
-18.72
23.91
19.02
-18.77
23.47
19.66
-18.63
23.11
19.94
-18.06
37.07
19.22
-19.57
24.05
19.11
-19.61
23.65
19.76
-19.60
37.09
19.25
-20.47
24.14
19.16
-20.54
23.75
19.80
-20.54
37.02
19.28
-21.34
24.20
19.20
-21.49
23.80
19.82
-21.50
36.87
19.30
-22.10
24.27
19.23
-22.45
23.86
19.85
-22.46
36.65
19.30
-22.67
36.28
19.38
-23.13
35.79
19.47
-23.64
24.38
19.28
-23.38
23.95
19.90
-23.37
35.28
19.49
-24.26
34.84
19.57
-24.79
24.52
19.43
-24.24
24.09
20.00
-24.19
34.38
19.47
-25.28
25.89
18.92
-26.01
25.39
19.32
-25.79
24.74
19.65
-25.10
24.26
20.08
-24.79
33.82
19.41
-25.73
33.12
19.42
-26.07
32.31
19.53
-26.39
31.34
19.59
-26.84
30.46
19.19
-27.00
29.59
19.19
-27.10
28.69
19.49
-27.16
27.79
19.49
-27.17
26.02
19.08
-26.41
25.70
19.47
-26.62
30.83
19.95
-27.52
30.31
19.70
-27.56
29.66
19.73
-27.60
29.06
19.98
-27.58
27.16
19.68
-27.54
26.83
19.96
-27.84
25.82
19.73
-27.32
30.58
20.12
-28.05
30.21
20.02
-28.08
29.66
20.14
-28.12
29.21
20.23
-27.98
26.78
19.60
-27.73
26.45
19.86
-27.97
26.05
19.90
-27.89
30.46
20.23
-28.34
30.19
20.28
-28.39
29.82
20.36
-28.41
26.21
20.00
-28.24
26.06
20.01
-28.21
27.89
20.37
-7.27
27.21
20.44
-6.96
26.41
20.45
-6.78
25.57
20.45
-6.74
24.76
20.45
-6.85
24.06
20.45
-7.09
29.06
20.00
-8.11
28.55
20.44
-7.78
23.49
20.48
-7.48
23.00
20.49
-8.01
29.99
20.05
-9.09
29.47
20.23
-8.62
28.99
20.87
-8.38
22.57
20.50
-8.67
30.20
20.55
-9.63
29.62
20.89
-9.11
29.24
21.16
-8.80
22.13
20.51
-9.47
21.78
20.90
-9.97
31.14
20.18
-10.82
30.74
20.62
-10.44
21.87
20.15
-10.07
21.47
20.56
-10.63
21.00
21.04
-11.08
31.86
19.97
-12.00
31.45
20.45
-11.56
31.02
20.88
-11.07
21.17
20.23
-11.52
20.74
20.92
-11.72
20.39
21.27
-12.10
32.11
20.13
-12.57
31.81
20.78
-12.42
21.07
20.07
-12.16
20.79
20.51
-12.52
20.36
21.17
-12.65
32.84
20.25
-14.04
32.43
20.39
-13.33
32.07
20.95
-13.03
21.63
19.93
-14.24
21.30
20.14
-13.85
20.85
20.54
-13.39
20.39
21.18
-13.34
33.14
20.32
-14.73
21.75
20.19
-14.83
21.28
20.59
-14.42
20.81
20.95
-14.09
20.44
21.29
-13.91
33.47
20.45
-15.54
22.08
20.23
-15.65
34.47
20.10
-16.89
33.95
20.50
-16.48
22.35
20.33
-16.50
36.53
19.68
-18.24
36.11
19.97
-18.08
35.48
20.20
-17.80
34.79
20.40
-17.44
34.22
20.94
-17.31
22.61
20.46
-17.39
36.66
19.85
-18.81
36.12
20.45
-18.78
35.45
20.70
-18.37
34.83
20.93
-18.08
34.39
21.21
-17.89
23.14
20.39
-18.88
22.85
20.53
-18.22
36.80
19.95
-19.62
36.38
20.61
-19.66
23.29
20.40
-19.68
36.87
20.00
-20.50
36.52
20.67
-20.53
23.36
20.43
-20.56
36.83
19.99
-21.36
36.50
20.66
-21.40
23.38
20.44
-21.51
36.71
19.93
-22.12
36.32
20.57
-22.28
35.92
20.81
-22.81
23.42
20.46
-22.46
36.60
19.78
-22.61
36.26
20.05
-22.89
35.71
20.41
-23.39
23.50
20.52
-23.40
35.20
20.35
-24.09
34.71
20.41
-24.65
23.67
20.60
-24.28
34.22
20.35
-25.22
25.04
19.94
-26.08
24.52
20.41
-25.76
24.01
20.59
-25.04
33.74
20.23
-25.68
33.13
20.28
-26.02
32.38
20.41
-26.36
31.52
20.63
-26.88
31.13
21.11
-27.18
28.55
20.59
-27.31
28.45
20.30
-27.34
27.91
20.17
-27.38
25.23
20.09
-26.67
24.76
20.66
-26.60
30.98
20.49
-27.54
30.80
21.02
-27.63
28.61
20.64
-27.41
28.68
20.48
-27.61
27.41
20.26
-27.66
26.91
20.38
-27.95
25.44
20.28
-27.35
25.00
20.82
-27.30
30.66
20.45
-28.07
30.46
20.90
-28.12
29.38
20.49
-28.32
28.92
20.65
-28.15
26.37
20.45
-28.17
25.78
20.52
-28.00
25.24
20.94
-27.79
30.47
20.41
-28.35
30.15
20.69
-28.43
29.55
20.78
-28.51
29.01
20.99
-28.48
26.17
20.21
-28.30
25.98
20.23
-28.25
27.79
21.10
-7.32
27.23
21.42
-7.09
26.39
21.39
-6.87
25.56
21.38
-6.82
24.77
21.37
-6.92
24.11
21.33
-7.13
28.16
21.50
-7.72
27.65
21.81
-7.39
23.57
21.42
-7.50
23.05
21.46
-8.01
28.70
21.65
-8.37
22.58
21.49
-8.62
30.04
21.46
-9.92
29.56
21.64
-9.42
29.11
21.74
-8.92
22.15
21.54
-9.27
21.73
21.64
-9.84
30.46
21.52
-10.55
21.30
21.60
-10.42
20.84
21.70
-10.95
31.23
21.44
-11.81
30.85
21.58
-11.23
20.51
21.65
-11.48
20.22
21.81
-11.99
31.56
21.59
-12.53
20.08
21.83
-12.66
32.74
20.86
-14.18
32.43
21.18
-13.81
31.97
21.65
-13.33
20.08
21.84
-13.44
32.91
21.13
-14.71
32.53
21.78
-14.42
32.16
22.02
-13.93
21.61
20.75
-15.16
21.24
21.08
-14.97
20.74
21.42
-14.64
20.26
21.84
-14.27
33.16
21.51
-15.53
32.80
21.97
-15.06
21.76
20.92
-15.75
21.26
21.54
-15.70
20.72
21.84
-15.25
20.33
22.11
-14.95
33.57
21.53
-16.51
21.98
21.09
-16.56
21.54
21.71
-16.53
33.87
21.68
-17.40
22.17
21.32
-17.52
21.75
21.79
-17.20
35.82
20.99
-19.12
35.35
21.19
-18.87
34.77
21.43
-18.60
34.21
21.79
-18.25
22.88
20.89
-19.05
22.50
21.25
-18.59
35.90
21.26
-19.78
35.32
21.57
-19.45
34.76
21.85
-19.19
34.33
22.09
-18.94
22.92
20.96
-19.70
22.49
21.47
-19.56
36.11
21.28
-20.58
22.93
21.01
-20.55
22.43
21.54
-20.47
36.13
21.28
-21.36
22.89
21.03
-21.49
22.25
21.61
-21.45
21.65
22.00
-21.79
21.20
22.27
-21.98
35.99
21.26
-22.08
35.64
21.36
-22.67
22.91
21.03
-22.47
22.30
21.52
-22.46
21.68
21.90
-22.55
21.12
22.26
-22.60
35.26
21.28
-23.38
34.78
21.64
-23.72
22.97
21.10
-23.43
22.33
21.55
-23.37
21.69
21.91
-23.34
21.11
22.25
-23.34
35.01
21.01
-23.97
34.50
21.31
-24.36
23.10
21.28
-24.45
22.36
21.71
-24.21
21.67
22.03
-24.07
21.13
22.29
-23.95
33.90
21.20
-25.13
33.26
21.53
-25.46
32.62
21.80
-25.72
32.10
22.04
-25.93
24.04
21.15
-25.95
23.59
21.22
-25.30
33.64
20.83
-25.59
33.16
20.98
-25.83
32.48
21.21
-26.10
31.70
21.62
-26.44
31.05
21.72
-27.02
28.50
20.70
-27.33
28.33
20.62
-27.42
27.98
20.56
-27.50
24.32
21.26
-26.66
30.56
21.68
-27.59
28.51
20.74
-27.43
28.32
20.77
-27.67
27.66
20.76
-27.83
27.05
20.84
-28.07
24.59
21.38
-27.37
30.12
21.56
-28.16
29.66
21.87
-28.39
28.34
21.08
-28.20
27.55
21.27
-28.30
26.62
21.31
-28.40
25.70
21.35
-28.29
24.99
21.48
-27.98
29.90
21.23
-28.46
29.36
21.52
-28.57
28.55
21.60
-28.58
27.62
21.86
-28.67
26.91
21.92
-28.73
27.00
22.27
-7.16
26.32
22.23
-6.99
25.55
22.23
-6.96
24.74
22.26
-7.07
24.18
22.01
-7.20
28.02
22.45
-7.92
27.49
22.49
-7.49
24.35
22.69
-7.31
23.78
22.38
-7.52
23.14
22.41
-8.04
28.51
22.50
-8.49
22.64
22.46
-8.59
29.91
22.13
-10.09
29.49
22.49
-9.74
28.97
22.54
-9.10
22.16
22.51
-9.19
21.69
22.55
-9.76
30.17
22.43
-10.65
29.77
22.78
-10.26
21.19
22.55
-10.32
20.65
22.57
-10.91
20.29
22.89
-11.28
31.05
22.12
-11.95
30.67
22.45
-11.49
20.38
22.25
-11.36
20.11
22.60
-11.79
31.23
22.45
-12.55
30.87
22.77
-12.10
19.88
22.63
-12.63
31.64
22.51
-13.36
19.82
22.64
-13.50
32.34
22.60
-14.62
31.97
22.63
-14.03
19.91
22.64
-14.40
33.02
22.47
-15.85
32.68
22.62
-15.23
20.99
22.07
-16.03
20.59
22.32
-15.73
20.12
22.69
-15.31
33.32
22.45
-16.64
21.09
22.32
-16.70
20.57
22.68
-16.33
20.18
22.97
-16.04
33.57
22.50
-17.50
21.90
21.87
-17.91
21.46
22.28
-17.60
33.82
22.57
-18.40
21.99
21.92
-18.63
21.48
22.45
-18.54
35.66
21.69
-20.14
35.24
21.95
-20.00
34.67
22.28
-19.78
34.10
22.65
-19.35
21.98
22.01
-19.50
21.39
22.56
-19.49
20.96
22.89
-19.85
35.73
21.76
-20.69
35.23
22.15
-20.69
34.58
22.63
-20.61
34.14
22.91
-20.15
21.96
22.00
-20.34
21.45
22.41
-20.40
20.93
22.81
-20.57
35.75
21.76
-21.37
35.27
22.16
-21.48
34.68
22.63
-21.53
21.91
21.96
-20.99
21.47
22.25
-21.18
20.88
22.64
-21.53
35.72
21.70
-21.94
35.30
21.95
-22.32
34.66
22.50
-22.42
20.56
22.74
-22.51
20.11
23.11
-22.82
35.05
21.86
-23.04
34.51
22.24
-23.35
20.58
22.66
-23.44
20.07
23.08
-23.46
34.00
22.17
-24.21
33.33
22.59
-24.55
32.71
22.94
-24.82
32.23
23.12
-25.13
22.87
21.70
-25.04
22.29
21.97
-24.93
21.53
22.27
-24.76
20.65
22.66
-24.42
20.05
23.06
-24.11
33.75
21.85
-24.83
33.26
22.11
-25.06
32.64
22.39
-25.32
31.97
22.73
-25.63
23.70
21.59
-26.13
23.16
21.77
-25.75
22.35
22.14
-25.71
21.50
22.43
-25.62
20.63
22.72
-25.47
31.38
22.56
-26.25
30.79
22.54
-26.87
23.84
21.74
-26.72
23.18
22.05
-26.63
22.36
22.33
-26.58
21.43
22.56
-26.52
20.36
22.80
-26.44
19.38
22.96
-26.75
18.47
23.05
-26.87
17.50
23.10
-26.93
16.52
23.12
-26.97
15.56
23.16
-27.01
14.69
23.24
-27.06
13.96
23.39
-27.14
13.53
23.52
-27.28
30.25
22.47
-27.51
29.81
22.86
-27.78
24.06
21.91
-27.49
23.29
22.26
-27.49
22.40
22.49
-27.47
21.44
22.66
-27.44
20.42
22.80
-27.44
19.39
22.89
-27.60
18.57
22.93
-27.65
17.53
22.95
-27.63
16.53
22.95
-27.64
15.56
22.98
-27.64
14.69
23.05
-27.66
13.96
23.20
-27.68
13.46
23.46
-27.71
29.95
22.19
-28.01
29.44
22.58
-28.27
28.87
22.91
-28.54
26.19
22.00
-28.71
25.46
22.09
-28.64
24.48
22.20
-28.35
23.43
22.53
-28.35
22.46
22.74
-28.35
21.46
22.85
-28.29
20.45
22.93
-28.25
19.41
22.97
-28.25
18.58
22.98
-28.26
17.53
22.99
-28.31
16.52
22.99
-28.30
15.56
23.00
-28.29
14.69
23.06
-28.28
13.96
23.20
-28.26
13.47
23.46
-28.26
29.09
22.21
-28.59
28.43
22.57
-28.74
27.48
22.64
-28.91
26.51
22.59
-28.97
25.50
22.82
-29.08
24.45
23.00
-29.18
23.46
22.98
-29.12
22.49
23.15
-29.20
21.45
23.16
-29.04
20.47
23.19
-28.98
19.48
23.23
-28.98
18.52
23.22
-28.98
17.51
23.23
-28.99
16.51
23.21
-28.95
15.55
23.22
-28.91
14.68
23.27
-28.86
13.97
23.37
-28.78
13.55
23.51
-28.68
24.01
23.37
-29.59
23.46
23.37
-29.62
22.90
23.41
-29.63
26.84
22.88
-7.27
26.29
22.95
-7.17
25.57
22.95
-7.14
24.96
22.88
-7.18
27.83
23.28
-8.08
27.17
23.34
-7.64
26.34
23.62
-7.47
25.50
23.64
-7.43
24.63
23.37
-7.46
23.84
23.29
-7.75
23.23
23.27
-8.13
28.31
23.35
-8.63
22.75
23.42
-8.61
29.24
23.34
-9.85
28.76
23.43
-9.27
22.22
23.48
-9.18
21.69
23.50
-9.73
30.00
23.25
-10.92
29.61
23.40
-10.41
21.17
23.50
-10.27
20.66
23.49
-10.79
20.26
23.54
-11.26
30.36
23.28
-11.58
19.98
23.50
-11.86
31.04
23.24
-12.82
30.68
23.37
-12.26
19.75
23.53
-12.65
31.37
23.28
-13.49
19.60
23.54
-13.56
32.13
23.35
-14.80
31.72
23.38
-14.19
19.60
23.48
-14.49
32.84
23.26
-16.03
32.49
23.40
-15.44
19.71
23.48
-15.44
33.10
23.26
-16.74
20.84
22.77
-17.08
20.45
23.08
-16.87
19.92
23.53
-16.47
33.29
23.29
-17.58
20.95
22.84
-17.69
20.46
23.29
-17.65
19.91
23.82
-17.53
33.46
23.34
-18.49
20.99
22.92
-18.47
20.50
23.36
-18.53
19.95
23.90
-18.52
33.63
23.39
-19.45
21.00
22.94
-19.15
20.57
23.28
-19.50
19.97
23.87
-19.51
34.17
23.07
-20.90
33.77
23.43
-20.49
20.43
23.28
-20.49
19.91
23.83
-20.48
34.16
23.11
-21.59
33.66
23.61
-21.48
20.32
23.19
-21.40
19.83
23.74
-21.45
34.08
23.07
-22.43
33.49
23.67
-22.42
33.08
24.07
-22.77
20.20
23.15
-22.13
19.77
23.57
-22.46
33.97
22.89
-23.25
33.43
23.41
-23.29
32.94
23.93
-23.42
19.59
23.56
-23.43
33.78
22.75
-23.85
33.31
23.11
-24.01
32.65
23.64
-24.26
32.05
23.71
-24.92
20.02
23.04
-24.75
19.44
23.47
-24.40
18.72
23.85
-24.70
31.56
23.57
-25.52
19.96
23.02
-25.39
19.27
23.33
-25.31
18.39
23.69
-25.36
17.43
23.83
-25.63
16.49
23.96
-25.78
15.56
24.03
-25.93
14.73
24.10
-26.07
14.12
24.19
-26.22
31.07
23.39
-26.10
30.49
23.43
-26.69
30.02
23.86
-26.96
19.87
22.98
-25.97
19.25
23.14
-26.05
18.41
23.30
-26.14
17.47
23.40
-26.26
16.51
23.46
-26.35
15.56
23.53
-26.43
14.69
23.63
-26.52
13.90
23.86
-26.65
13.39
23.95
-27.07
30.15
23.15
-27.24
29.71
23.55
-27.51
19.13
22.89
-27.85
18.85
22.90
-27.87
13.19
23.95
-27.67
29.23
23.46
-28.07
28.71
23.59
-28.46
19.14
22.91
-28.07
18.86
22.91
-28.08
13.21
23.93
-28.34
28.12
23.51
-28.80
27.35
23.53
-29.04
26.48
23.55
-29.22
25.60
23.64
-29.40
24.76
23.72
-29.59
22.14
23.62
-29.74
21.35
23.57
-29.62
20.47
23.58
-29.60
19.49
23.64
-29.68
18.50
23.58
-29.62
17.49
23.63
-29.67
16.48
23.57
-29.54
15.54
23.58
-29.47
14.67
23.64
-29.39
13.94
23.75
-29.23
13.43
23.91
-28.93
24.11
23.85
-29.84
23.43
23.87
-29.96
22.72
23.83
-29.97
19.16
23.94
-30.09
18.50
23.93
-30.09
17.82
23.93
-30.09
27.73
23.94
-8.27
27.20
24.35
-8.10
26.36
24.46
-7.82
25.43
24.56
-7.79
24.56
24.24
-7.81
23.83
24.06
-8.00
23.32
23.93
-8.23
28.07
24.13
-8.75
27.68
24.72
-8.65
25.01
25.04
-8.01
24.42
24.92
-8.10
23.72
24.75
-8.30
23.00
24.42
-8.63
29.05
24.00
-10.01
28.50
24.47
-9.55
27.99
24.93
-9.14
22.31
24.46
-9.22
21.74
24.47
-9.78
29.83
23.83
-11.08
29.40
24.18
-10.68
28.90
24.85
-10.42
21.18
24.46
-10.34
20.66
24.34
-10.83
20.27
24.28
-11.28
30.05
24.02
-11.68
29.56
24.79
-11.52
29.12
25.12
-11.01
19.98
24.35
-11.86
30.84
23.79
-12.99
30.42
24.14
-12.56
29.94
24.94
-12.47
19.70
24.49
-12.65
31.05
23.97
-13.59
30.60
24.55
-13.42
30.18
25.14
-13.26
19.41
24.58
-13.66
19.19
25.05
-14.14
31.93
23.98
-14.98
31.41
24.23
-14.42
30.79
25.00
-14.21
30.36
25.31
-13.82
19.33
24.31
-14.59
19.11
24.99
-14.74
32.66
23.87
-16.16
32.20
24.33
-15.73
31.55
24.81
-15.13
31.10
25.17
-14.82
19.35
24.26
-15.51
19.07
24.98
-15.55
32.85
23.96
-16.78
32.51
24.61
-16.70
19.40
24.33
-16.47
19.06
25.00
-16.41
33.01
24.03
-17.60
32.69
24.73
-17.60
19.35
24.55
-17.51
19.05
25.05
-17.13
33.12
24.07
-18.52
32.79
24.78
-18.53
19.44
24.51
-18.54
33.21
24.11
-19.48
32.84
24.80
-19.50
19.45
24.46
-19.52
33.27
24.13
-20.46
32.86
24.80
-20.47
19.41
24.41
-20.48
33.24
24.17
-21.37
32.85
24.75
-21.44
19.33
24.35
-21.44
33.18
24.15
-22.08
32.82
24.59
-22.41
19.15
24.32
-22.43
18.72
24.70
-22.78
32.56
24.59
-23.31
19.08
24.13
-23.35
18.57
24.58
-23.44
32.24
24.51
-24.08
31.76
24.52
-24.75
18.95
24.00
-24.03
18.29
24.38
-24.28
17.45
24.74
-24.57
16.81
24.93
-24.79
31.16
24.48
-25.45
30.54
24.83
-25.89
30.10
25.03
-26.22
18.03
24.13
-24.94
17.36
24.32
-25.11
16.46
24.60
-25.23
15.51
24.67
-25.49
14.65
24.71
-25.73
13.88
24.73
-26.05
13.41
25.00
-26.29
30.89
24.02
-25.95
30.44
24.22
-26.30
29.87
24.61
-26.71
13.61
24.38
-26.46
13.23
24.69
-26.81
29.33
24.46
-27.43
28.88
24.83
-27.75
13.02
24.67
-27.63
29.05
24.13
-27.94
28.55
24.48
-28.26
13.05
24.64
-28.47
27.95
24.37
-28.74
27.26
24.42
-29.05
26.46
24.46
-29.33
25.63
24.50
-29.59
24.89
24.46
-29.82
21.95
24.04
-30.09
21.31
24.01
-30.07
20.53
23.98
-30.07
19.84
23.96
-30.08
17.12
23.94
-30.07
16.39
23.97
-30.04
15.51
24.01
-30.00
14.65
24.09
-29.91
13.90
24.27
-29.74
13.31
24.62
-29.38
24.20
24.55
-30.07
23.39
24.56
-30.27
22.37
24.55
-30.42
21.37
24.50
-30.50
20.46
24.43
-30.52
19.49
24.30
-30.46
18.49
24.32
-30.54
17.48
24.27
-30.47
16.47
24.38
-30.54
15.54
24.45
-30.53
14.67
24.54
-30.47
13.94
24.70
-30.36
13.44
25.01
-30.22
21.95
25.06
-30.83
21.28
25.04
-30.93
20.42
24.99
-31.02
19.47
24.89
-31.04
18.48
24.85
-31.07
17.49
24.83
-31.06
16.50
24.87
-31.07
15.55
24.92
-31.06
14.69
24.99
-31.00
13.98
25.09
-30.89
13.56
25.24
-30.75
26.96
25.20
-8.30
26.37
25.24
-8.08
25.72
25.33
-8.05
27.37
25.40
-8.73
25.16
25.60
-8.20
24.45
25.64
-8.33
23.71
25.59
-8.55
23.01
25.48
-8.88
28.20
25.45
-9.80
27.76
25.56
-9.29
22.37
25.46
-9.36
21.80
25.46
-9.90
28.56
25.63
-10.46
21.19
25.50
-10.55
20.65
25.12
-11.03
20.32
24.85
-11.33
29.29
25.69
-11.77
28.92
25.74
-11.12
20.91
25.98
-11.03
20.48
25.78
-11.49
20.12
25.13
-11.77
29.62
25.74
-12.54
20.16
25.99
-12.06
19.82
25.54
-12.53
29.90
25.82
-13.28
19.42
25.55
-13.45
19.16
25.62
-14.09
30.58
25.78
-14.51
30.19
25.86
-13.93
19.01
25.70
-14.76
31.93
25.25
-16.06
31.47
25.49
-15.56
31.00
25.75
-15.11
18.90
25.71
-15.59
32.19
25.33
-16.78
18.84
25.71
-16.49
32.36
25.42
-17.62
19.04
25.09
-17.88
18.79
25.64
-17.49
32.45
25.47
-18.54
19.00
25.12
-18.64
18.56
25.85
-18.61
18.21
26.26
-19.08
32.49
25.48
-19.51
18.98
25.04
-19.55
18.52
25.63
-19.60
18.10
26.18
-19.73
32.50
25.48
-20.48
18.94
24.97
-20.48
18.46
25.51
-20.53
17.95
26.09
-20.59
32.48
25.44
-21.45
18.89
24.88
-21.37
18.40
25.36
-21.46
17.84
25.90
-21.51
32.41
25.37
-22.39
18.82
24.80
-22.08
18.38
25.14
-22.41
17.74
25.70
-22.41
32.24
25.32
-23.23
18.13
25.07
-23.27
17.56
25.53
-23.25
31.98
25.29
-23.93
31.56
25.40
-24.51
17.92
24.94
-23.88
17.27
25.30
-24.02
16.48
25.45
-24.50
15.79
25.80
-24.63
31.04
25.45
-25.12
30.47
25.60
-25.62
29.92
25.67
-26.10
16.13
25.15
-24.95
15.42
25.41
-25.06
14.58
25.43
-25.39
13.85
25.52
-25.72
13.32
25.67
-26.13
29.46
25.51
-26.67
29.03
25.89
-26.97
13.03
25.61
-26.77
29.17
25.18
-27.20
28.73
25.57
-27.52
12.91
25.57
-27.62
28.13
25.44
-28.24
27.58
25.74
-28.60
12.94
25.47
-28.52
27.79
25.05
-28.68
27.24
25.32
-28.94
26.44
25.36
-29.31
25.55
25.47
-29.71
24.95
25.11
-29.95
13.07
25.45
-29.43
24.96
25.81
-30.07
24.39
25.40
-30.25
23.54
25.34
-30.54
22.76
25.37
-30.77
13.23
25.57
-30.27
22.14
25.64
-31.08
21.35
25.64
-31.31
20.43
25.66
-31.53
19.44
25.48
-31.54
18.47
25.41
-31.56
17.49
25.39
-31.57
16.51
25.41
-31.56
15.56
25.43
-31.53
14.69
25.47
-31.44
13.98
25.54
-31.28
13.48
25.69
-30.99
20.08
26.09
-31.87
19.36
26.04
-31.93
18.45
26.01
-31.96
17.49
26.00
-31.97
16.52
26.01
-31.96
15.58
26.03
-31.90
14.71
26.04
-31.78
14.00
26.03
-31.58
13.61
25.97
-31.40
26.80
25.72
-8.45
26.36
25.86
-8.35
25.86
25.87
-8.26
27.00
26.03
-8.85
26.35
26.50
-8.79
25.46
26.35
-8.50
24.54
26.43
-8.58
23.76
26.43
-8.76
23.06
26.41
-9.07
27.95
26.13
-9.96
27.42
26.44
-9.56
26.81
26.85
-9.31
22.46
26.41
-9.52
21.94
26.36
-9.99
28.21
26.50
-10.54
27.72
26.84
-10.19
21.48
26.49
-10.53
29.08
26.53
-11.90
28.68
26.54
-11.25
21.08
26.66
-11.08
20.64
26.65
-11.63
29.41
26.57
-12.61
20.23
26.66
-12.22
19.84
26.52
-12.82
29.71
26.61
-13.35
19.43
26.51
-13.62
19.17
26.21
-14.11
30.41
26.60
-14.74
30.03
26.63
-14.05
19.22
26.84
-14.19
19.03
26.51
-14.70
31.75
25.81
-16.27
31.40
26.14
-15.99
30.88
26.58
-15.51
18.84
26.52
-15.59
31.87
25.99
-16.82
31.44
26.65
-16.68
31.06
26.93
-16.15
18.70
26.54
-16.48
32.02
26.09
-17.63
31.65
26.76
-17.62
18.54
26.57
-17.39
32.11
26.15
-18.55
31.76
26.83
-18.55
18.31
26.66
-18.25
18.02
26.82
-18.94
32.15
26.17
-19.51
31.82
26.88
-19.52
17.75
26.84
-19.70
32.17
26.17
-20.49
31.84
26.88
-20.50
17.40
26.83
-20.63
16.94
27.18
-21.07
32.15
26.15
-21.46
31.83
26.86
-21.47
17.27
26.48
-21.57
16.70
27.05
-21.74
16.30
27.32
-22.11
32.08
26.09
-22.39
31.75
26.81
-22.42
17.16
26.21
-22.44
16.61
26.69
-22.54
16.15
27.17
-22.67
31.95
26.00
-23.21
31.60
26.68
-23.32
17.03
25.99
-23.21
16.47
26.42
-23.30
15.90
26.95
-23.40
31.80
25.87
-23.80
31.41
26.29
-24.16
16.89
25.79
-23.76
16.33
26.05
-23.98
15.46
26.54
-24.28
14.54
26.82
-24.74
13.84
26.97
-25.09
13.38
27.10
-25.39
30.91
26.30
-24.85
30.35
26.47
-25.36
29.70
26.55
-25.94
29.24
26.92
-26.24
15.11
26.02
-24.82
14.49
26.13
-25.08
13.80
26.30
-25.41
13.19
26.65
-25.86
29.35
26.22
-26.43
28.93
26.61
-26.74
12.90
26.61
-26.65
28.42
26.50
-27.43
12.97
27.11
-28.10
12.88
26.63
-27.63
27.93
26.35
-28.03
27.33
26.43
-28.53
26.69
26.82
-28.85
26.16
27.01
-29.16
13.05
27.01
-28.73
12.94
26.31
-28.58
27.03
25.98
-28.90
26.48
26.18
-29.17
25.71
26.55
-29.58
13.17
26.94
-29.53
13.05
26.21
-29.48
24.88
26.55
-30.19
24.26
26.18
-30.51
23.56
26.04
-30.78
22.94
25.98
-30.98
13.31
26.89
-30.35
13.19
26.21
-30.31
24.55
26.81
-30.51
24.12
26.72
-30.72
23.43
26.65
-30.98
22.46
26.51
-31.32
21.49
26.28
-31.61
20.79
26.17
-31.76
13.55
26.83
-31.06
13.38
26.23
-31.00
21.92
26.98
-31.74
21.28
26.84
-31.93
20.41
26.62
-32.06
19.43
26.66
-32.21
18.47
26.67
-32.27
17.50
26.68
-32.29
16.54
26.70
-32.26
15.61
26.73
-32.16
14.73
26.73
-31.96
13.95
26.66
-31.60
13.57
26.26
-31.41
26.04
27.33
-9.12
25.32
27.24
-8.86
24.54
27.25
-8.84
23.79
27.24
-8.97
23.14
27.24
-9.25
27.20
27.20
-9.89
26.62
27.57
-9.65
22.54
27.38
-9.75
22.06
27.06
-10.07
28.08
27.34
-10.90
27.52
27.58
-10.49
26.98
28.01
-10.28
22.19
27.77
-10.22
21.76
27.40
-10.53
28.90
27.34
-12.02
28.50
27.38
-11.45
27.42
28.11
-10.76
27.15
28.27
-10.62
21.29
27.51
-11.16
20.80
27.52
-11.78
29.22
27.43
-12.68
20.34
27.49
-12.40
19.95
27.37
-12.97
29.54
27.48
-13.42
19.62
27.42
-13.64
30.22
27.46
-14.86
29.87
27.49
-14.16
19.32
27.48
-14.33
19.07
27.31
-14.92
30.57
27.47
-15.59
18.88
27.32
-15.65
31.15
27.40
-16.92
30.85
27.53
-16.31
18.68
27.39
-16.48
31.32
27.45
-17.68
18.44
27.50
-17.33
31.43
27.53
-18.56
18.18
27.48
-18.09
17.87
27.61
-18.77
31.48
27.61
-19.52
17.54
27.65
-19.53
31.53
27.62
-20.50
17.17
27.68
-20.29
16.77
27.76
-20.90
31.52
27.60
-21.47
16.46
27.70
-21.46
16.14
27.83
-21.97
31.44
27.58
-22.42
15.87
27.81
-22.62
31.22
27.55
-23.39
30.89
27.95
-23.83
15.55
27.72
-23.34
31.04
27.15
-24.18
30.67
27.76
-24.35
15.09
27.61
-24.02
14.43
27.66
-24.52
13.78
27.71
-24.92
13.25
27.73
-25.33
30.77
26.96
-24.70
30.31
27.40
-24.99
29.67
27.48
-25.60
29.13
27.61
-26.10
12.84
27.65
-25.86
12.55
27.89
-25.97
28.66
27.54
-26.69
12.70
27.62
-26.45
12.51
27.88
-26.17
28.08
27.47
-27.41
27.49
27.81
-27.88
27.11
27.94
-28.16
13.02
27.74
-28.00
12.84
27.61
-27.30
27.80
27.02
-27.89
27.35
27.22
-28.21
26.77
27.65
-28.53
26.07
27.68
-29.05
13.18
27.74
-28.74
25.44
27.52
-29.59
13.34
27.71
-29.55
24.79
27.40
-30.19
24.23
27.71
-30.52
23.63
27.90
-30.84
23.18
27.93
-31.10
13.50
27.64
-30.37
24.53
27.15
-30.51
24.13
27.23
-30.72
23.51
27.34
-31.00
22.76
27.57
-31.36
13.74
27.58
-31.10
21.95
27.61
-31.88
21.22
27.50
-32.18
20.38
27.39
-32.36
19.45
27.36
-32.47
18.49
27.36
-32.52
17.53
27.39
-32.52
16.59
27.45
-32.47
15.69
27.54
-32.33
14.83
27.55
-32.06
14.16
27.52
-31.66
25.79
27.92
-9.30
25.23
27.96
-9.16
24.52
27.98
-9.12
23.81
27.94
-9.20
23.28
27.86
-9.38
26.04
28.40
-9.76
25.26
28.61
-9.52
24.50
28.65
-9.45
23.75
28.57
-9.54
22.98
28.32
-9.81
28.04
27.88
-11.16
27.72
27.99
-10.93
26.61
28.63
-10.34
22.32
28.48
-10.45
21.86
28.12
-10.74
28.74
28.00
-12.12
28.27
28.29
-11.68
27.59
28.49
-11.14
27.05
28.72
-10.80
22.00
28.82
-10.95
21.54
28.44
-11.28
20.97
28.39
-11.96
28.98
28.33
-12.70
28.61
28.69
-12.31
20.46
28.38
-12.70
20.07
28.03
-13.10
29.35
28.40
-13.50
20.23
28.69
-13.31
19.87
28.29
-13.71
30.04
28.27
-14.99
29.71
28.39
-14.31
19.49
28.31
-14.63
19.16
27.90
-15.06
30.33
28.27
-15.72
19.31
28.70
-15.51
19.02
28.04
-15.66
30.94
27.93
-17.07
30.61
28.30
-16.63
19.06
28.90
-16.28
18.79
28.23
-16.45
31.02
28.06
-17.70
30.68
28.61
-17.55
18.81
29.05
-16.87
18.42
28.58
-17.35
18.00
28.95
-17.96
31.09
28.21
-18.54
30.75
28.80
-18.40
18.12
28.20
-17.99
17.78
28.58
-18.54
31.10
28.43
-19.51
30.79
28.94
-19.12
17.40
28.58
-19.38
31.22
28.36
-20.52
17.02
28.57
-20.14
16.57
28.59
-20.85
16.26
28.89
-21.25
31.23
28.34
-21.45
16.33
28.27
-21.33
16.06
28.61
-21.76
31.17
28.31
-22.33
15.72
28.62
-22.54
31.00
28.33
-23.10
30.70
28.51
-23.65
15.37
28.59
-23.27
30.37
28.46
-24.29
14.92
28.56
-23.92
14.35
28.55
-24.43
13.75
28.52
-24.86
13.22
28.48
-25.30
30.03
28.29
-24.87
29.54
28.35
-25.37
29.02
28.48
-25.89
12.80
28.40
-25.84
12.54
28.14
-25.97
28.51
28.49
-26.53
12.70
28.40
-26.39
12.50
28.14
-26.16
27.99
28.49
-27.17
27.41
28.62
-27.74
27.05
28.38
-28.09
13.11
28.56
-27.92
12.88
28.49
-27.17
27.02
28.94
-28.04
26.64
28.61
-28.40
25.90
28.56
-28.95
13.33
28.58
-28.71
25.15
28.48
-29.55
24.47
28.86
-29.91
23.95
29.05
-30.20
13.53
28.54
-29.55
24.76
28.06
-30.01
24.26
28.31
-30.28
23.53
28.65
-30.66
23.12
28.34
-31.07
13.70
28.43
-30.38
23.00
28.76
-31.03
22.60
28.46
-31.40
13.94
28.34
-31.11
21.82
28.38
-32.06
21.14
28.15
-32.39
20.35
28.05
-32.56
19.45
28.02
-32.65
18.51
28.03
-32.69
17.57
28.07
-32.68
16.68
28.18
-32.62
15.85
28.47
-32.43
14.93
28.42
-32.04
14.31
28.31
-31.66
21.50
28.64
-32.39
21.05
28.61
-32.54
20.32
28.60
-32.65
19.45
28.60
-32.71
18.52
28.62
-32.74
17.61
28.66
-32.74
16.81
28.71
-32.71
16.27
28.78
-32.63
25.85
29.23
-10.10
25.22
29.30
-9.88
24.50
29.33
-9.81
23.78
29.26
-9.88
23.16
29.17
-10.12
26.35
29.37
-10.55
22.65
29.30
-10.61
28.04
29.23
-11.98
27.48
29.34
-11.51
26.87
29.49
-11.07
22.20
29.48
-11.18
21.64
29.29
-11.64
21.15
29.17
-12.16
28.88
29.04
-12.96
28.49
29.40
-12.61
20.77
29.21
-12.80
29.10
29.37
-13.62
28.71
29.79
-13.21
20.43
29.34
-13.60
20.03
28.94
-13.96
29.89
28.90
-15.11
29.53
29.38
-14.64
20.27
29.70
-14.43
19.87
29.13
-14.61
30.05
29.01
-15.75
29.74
29.71
-15.62
20.14
29.95
-15.08
19.72
29.52
-15.45
30.23
29.12
-16.59
29.90
29.86
-16.54
19.36
29.65
-16.28
30.33
29.28
-17.50
30.01
29.96
-17.45
18.93
29.69
-16.94
18.41
29.58
-17.48
17.87
29.70
-18.01
17.59
30.03
-18.14
30.42
29.42
-18.42
30.10
30.04
-18.30
17.56
29.65
-18.59
17.49
30.02
-18.34
30.86
29.02
-19.85
30.51
29.59
-19.45
30.19
30.09
-18.98
17.31
29.55
-19.36
30.92
29.03
-20.60
30.57
29.69
-20.54
16.97
29.53
-20.07
16.57
29.52
-20.72
16.23
29.52
-21.23
30.93
29.02
-21.46
30.56
29.69
-21.49
15.97
29.54
-21.79
30.89
28.95
-22.29
30.52
29.54
-22.39
15.66
29.54
-22.52
30.80
28.86
-22.92
30.42
29.24
-23.30
15.31
29.53
-23.26
30.01
29.22
-24.18
29.50
29.61
-24.59
29.09
29.89
-24.92
14.88
29.51
-23.92
14.32
29.48
-24.48
13.75
29.35
-24.90
13.30
29.27
-25.31
29.84
28.89
-24.73
29.45
29.09
-25.08
28.89
29.46
-25.55
13.01
29.31
-25.81
28.37
29.42
-26.35
12.90
29.33
-26.42
27.94
29.37
-26.99
27.47
29.50
-27.49
13.24
29.45
-27.84
13.01
29.38
-27.12
26.97
29.60
-27.95
26.42
29.54
-28.38
25.75
29.50
-28.84
13.51
29.49
-28.66
25.11
29.43
-29.28
24.48
29.61
-29.64
23.83
29.68
-30.04
14.03
30.00
-29.90
13.77
29.49
-29.56
23.14
29.56
-30.57
22.42
29.87
-30.91
21.85
30.11
-31.11
14.20
29.88
-30.50
13.94
29.21
-30.41
22.80
29.19
-31.00
22.20
29.27
-31.40
21.37
29.84
-31.54
20.41
29.98
-31.80
19.50
30.07
-31.93
18.62
30.14
-32.01
17.91
30.18
-32.07
14.47
29.69
-31.17
14.15
29.05
-31.11
21.70
28.97
-32.03
21.16
29.33
-32.11
20.37
29.49
-32.23
19.48
29.58
-32.31
18.55
29.66
-32.35
17.57
29.78
-32.34
16.67
29.65
-32.37
15.87
29.39
-32.27
14.92
29.34
-31.79
14.41
28.91
-31.58
21.47
28.89
-32.36
21.04
28.99
-32.45
20.33
29.06
-32.54
19.46
29.10
-32.60
18.53
29.15
-32.63
17.62
29.20
-32.63
16.81
29.18
-32.62
16.27
29.13
-32.57
25.71
29.77
-10.33
25.21
29.94
-10.26
24.48
29.98
-10.22
23.79
29.86
-10.25
23.30
29.70
-10.34
26.01
30.08
-10.74
25.36
30.60
-10.77
24.44
30.69
-10.73
23.66
30.37
-10.70
23.03
29.98
-10.78
27.85
29.85
-12.16
27.37
30.13
-11.88
26.58
30.51
-11.42
25.89
30.88
-11.17
24.02
31.05
-11.04
23.45
30.87
-11.20
22.57
30.45
-11.58
21.77
29.98
-12.03
21.33
29.70
-12.31
28.11
30.16
-12.65
27.55
30.77
-12.44
26.98
30.96
-12.02
22.14
30.91
-12.46
21.61
30.41
-12.68
21.13
29.87
-12.82
28.93
30.15
-13.87
28.47
30.58
-13.42
27.95
30.99
-13.02
21.91
31.15
-13.05
21.46
30.84
-13.49
20.91
30.11
-13.57
29.15
30.47
-14.62
28.77
30.87
-14.11
21.12
30.97
-14.37
20.68
30.35
-14.43
29.44
30.57
-15.60
20.87
31.08
-15.02
20.41
30.62
-15.35
19.95
30.20
-15.75
29.62
30.65
-16.54
20.17
30.90
-16.05
19.69
30.49
-16.40
29.74
30.70
-17.46
19.11
30.52
-17.11
18.48
30.36
-17.61
17.93
30.30
-17.96
17.60
30.34
-18.14
29.84
30.71
-18.35
17.52
30.37
-18.73
17.49
30.37
-18.37
30.17
30.40
-19.80
29.97
30.64
-19.16
17.37
30.47
-19.40
30.21
30.39
-20.61
17.01
30.48
-20.11
16.56
30.48
-20.81
16.25
30.17
-21.23
30.12
30.46
-21.52
29.77
30.94
-21.87
16.32
30.85
-21.26
16.05
30.51
-21.72
30.09
30.21
-22.44
29.67
30.78
-22.54
15.70
30.51
-22.53
29.97
29.98
-23.27
29.46
30.61
-23.39
29.02
30.91
-23.84
15.36
30.50
-23.29
29.82
29.81
-23.88
29.42
30.16
-24.12
28.88
30.57
-24.58
14.93
30.50
-24.00
14.34
30.49
-24.69
13.76
30.11
-25.08
13.39
29.87
-25.36
28.51
30.38
-25.47
14.06
30.89
-25.16
13.68
30.63
-25.46
13.27
30.18
-25.80
28.10
30.31
-26.30
27.74
30.70
-26.66
13.11
30.15
-26.43
27.86
30.04
-26.86
27.46
30.40
-27.22
13.41
30.32
-27.70
13.17
30.18
-27.05
26.90
30.42
-27.82
26.28
30.44
-28.28
25.52
30.48
-28.75
24.94
30.85
-28.99
14.01
30.85
-28.99
13.73
30.43
-28.55
25.04
30.14
-29.13
24.48
30.50
-29.35
23.70
30.51
-29.81
14.15
30.62
-29.63
13.88
30.18
-29.25
23.05
30.43
-30.24
22.38
30.57
-30.55
21.69
30.63
-30.86
14.45
30.58
-30.42
21.10
30.49
-31.20
20.33
30.54
-31.40
19.46
30.63
-31.53
18.53
30.71
-31.64
17.56
30.65
-31.81
16.68
30.77
-31.79
16.07
30.78
-31.75
14.77
30.43
-31.12
17.21
30.22
-32.10
16.56
30.25
-32.08
15.81
30.31
-31.93
15.14
30.23
-31.64
25.22
31.32
-11.10
24.66
31.36
-11.07
26.28
31.44
-11.74
25.69
31.46
-11.39
24.19
31.54
-11.30
23.57
31.54
-11.59
22.95
31.42
-11.97
27.31
31.56
-12.68
26.79
31.57
-12.21
22.53
31.60
-12.59
28.25
31.49
-13.72
27.78
31.59
-13.21
22.15
31.69
-13.24
21.76
31.58
-13.80
28.97
31.36
-14.91
28.63
31.51
-14.34
21.44
31.65
-14.52
29.20
31.41
-15.69
21.06
31.68
-15.31
20.63
31.30
-15.68
29.37
31.45
-16.57
20.86
31.96
-15.91
20.36
31.63
-16.35
19.81
31.21
-16.75
29.49
31.47
-17.51
19.98
31.93
-17.01
19.35
31.54
-17.47
18.52
31.04
-17.92
17.93
30.74
-18.15
17.64
30.61
-18.19
29.59
31.46
-18.47
18.93
31.99
-18.25
18.38
31.49
-18.44
17.79
30.96
-18.61
17.58
30.67
-18.37
29.94
30.93
-19.96
29.70
31.38
-19.51
18.71
32.23
-18.72
18.30
31.96
-18.98
17.69
31.47
-19.40
29.92
30.99
-20.56
29.60
31.56
-20.49
17.18
31.45
-20.19
16.75
31.40
-20.78
29.85
31.01
-21.20
29.46
31.54
-21.53
29.05
32.00
-21.98
16.43
31.54
-21.30
16.12
31.49
-21.88
29.30
31.34
-22.46
28.88
31.87
-22.64
15.83
31.49
-22.60
29.16
31.16
-23.13
28.73
31.54
-23.52
15.52
31.46
-23.36
28.33
31.46
-24.52
27.88
31.93
-24.89
15.14
31.48
-24.10
14.65
31.45
-24.78
28.14
31.13
-25.41
27.75
31.70
-25.57
14.22
31.48
-25.38
13.76
31.24
-25.90
13.39
30.77
-26.05
27.95
30.94
-26.05
27.57
31.36
-26.38
13.62
31.30
-26.60
13.31
30.78
-26.50
27.20
31.25
-27.14
13.61
31.13
-27.36
13.31
30.74
-26.97
26.77
31.20
-27.70
26.21
31.30
-28.10
25.51
31.46
-28.48
24.79
31.56
-28.85
14.18
31.45
-28.79
13.88
31.23
-28.18
24.18
31.40
-29.23
23.39
31.44
-29.64
22.71
31.77
-29.83
14.46
31.42
-29.54
22.93
31.08
-30.03
22.30
31.35
-30.20
21.35
31.33
-30.58
20.43
31.62
-30.67
19.58
31.78
-30.76
18.86
31.90
-30.81
14.79
31.34
-30.33
20.94
30.97
-30.95
20.31
31.09
-31.04
19.47
31.23
-31.13
18.50
31.44
-31.17
17.52
31.36
-31.36
16.64
31.34
-31.41
15.83
31.21
-31.41
15.16
31.12
-31.07
15.58
30.79
-31.67
15.25
30.75
-31.51
25.12
31.77
-11.31
24.77
31.78
-11.30
26.03
32.14
-12.01
25.34
32.09
-11.67
24.53
32.12
-11.65
23.74
32.24
-12.01
23.19
32.02
-12.21
27.09
32.24
-12.92
26.55
32.25
-12.47
23.46
32.62
-12.49
22.94
32.34
-12.75
28.03
32.22
-13.98
27.55
32.29
-13.45
22.43
32.44
-13.56
22.00
32.14
-13.98
28.81
31.97
-15.08
28.44
32.27
-14.67
22.23
32.73
-14.22
21.83
32.39
-14.59
28.91
32.21
-15.71
28.58
32.56
-15.31
21.46
32.45
-15.35
29.10
32.22
-16.61
21.12
32.60
-16.02
20.65
32.55
-16.58
29.22
32.24
-17.54
20.20
32.63
-17.16
19.69
32.59
-17.72
29.30
32.25
-18.49
19.25
32.71
-18.34
29.33
32.24
-19.45
18.86
32.78
-18.87
18.39
32.65
-19.32
17.85
32.46
-19.82
29.27
32.29
-20.35
17.30
32.41
-20.49
16.88
32.08
-20.86
29.11
32.33
-21.15
28.78
32.56
-21.77
17.03
32.73
-20.99
16.65
32.39
-21.32
16.29
32.38
-21.95
28.43
32.62
-22.62
28.03
33.02
-23.01
16.22
33.02
-22.98
16.07
32.50
-22.67
28.26
32.28
-23.49
27.84
32.87
-23.65
16.09
33.02
-23.48
15.78
32.37
-23.44
28.05
32.12
-24.20
27.58
32.64
-24.59
27.13
33.08
-25.03
15.90
33.02
-23.99
15.48
32.50
-24.27
14.94
32.28
-24.99
27.36
32.36
-25.56
26.96
32.95
-25.66
14.50
32.23
-25.76
14.05
31.83
-26.09
27.14
32.13
-26.39
26.71
32.80
-26.42
14.41
32.46
-26.62
13.98
31.90
-26.66
26.86
31.96
-27.12
26.34
32.63
-27.23
25.81
32.88
-27.65
14.40
32.45
-27.47
13.99
31.86
-27.37
26.64
31.76
-27.58
26.19
32.06
-27.80
25.44
32.46
-28.14
24.51
32.49
-28.68
23.83
32.83
-28.92
14.46
32.21
-28.41
14.08
31.81
-27.99
24.03
32.11
-29.07
23.37
32.41
-29.28
22.40
32.50
-29.65
21.43
32.79
-29.83
20.50
32.93
-29.96
19.61
33.01
-30.06
18.88
33.04
-30.14
14.80
32.19
-29.36
22.03
31.99
-30.01
21.33
32.09
-30.18
20.46
32.25
-30.30
19.54
32.38
-30.40
18.51
32.49
-30.50
17.48
32.55
-30.56
16.62
32.54
-30.54
15.86
32.41
-30.43
15.20
32.11
-30.17
18.14
31.98
-30.89
17.43
31.98
-30.97
16.62
31.96
-30.99
15.88
31.86
-30.94
15.37
31.74
-30.77
25.88
32.66
-12.31
25.32
32.77
-12.19
24.60
32.79
-12.16
24.02
32.78
-12.28
26.87
32.76
-13.14
26.24
32.95
-12.83
25.41
33.35
-12.80
24.58
33.32
-12.69
23.76
33.18
-12.81
23.18
32.95
-13.05
27.77
32.75
-14.14
27.21
33.00
-13.77
26.41
33.54
-13.61
25.75
33.69
-13.33
23.46
33.49
-13.39
22.93
33.22
-13.69
27.99
32.95
-14.74
27.34
33.54
-14.63
26.70
33.85
-14.29
22.48
33.33
-14.55
22.03
32.96
-14.86
28.70
32.78
-15.97
28.29
33.13
-15.60
27.70
33.72
-15.49
22.25
33.67
-15.34
21.80
33.14
-15.44
28.78
32.89
-16.67
28.30
33.53
-16.57
27.86
33.89
-16.18
22.02
33.91
-15.92
21.49
33.45
-16.16
20.92
33.37
-16.75
28.89
32.95
-17.56
28.48
33.58
-17.56
20.45
33.47
-17.30
19.94
33.49
-17.87
28.96
32.97
-18.50
28.57
33.61
-18.51
19.47
33.53
-18.47
28.99
32.96
-19.43
28.60
33.59
-19.45
19.02
33.52
-19.06
18.53
33.42
-19.60
18.03
33.25
-20.06
28.95
32.93
-20.28
28.58
33.51
-20.37
17.59
33.24
-20.62
28.88
32.87
-20.93
28.52
33.27
-21.31
17.19
33.30
-21.17
16.75
33.13
-21.57
16.45
33.07
-21.97
28.19
33.35
-22.17
27.82
33.56
-22.77
16.90
33.94
-22.88
16.53
33.52
-22.82
16.36
33.17
-22.41
27.51
33.57
-23.50
16.90
34.04
-23.30
16.49
33.66
-23.53
27.23
33.50
-24.25
26.87
33.67
-24.86
16.14
33.56
-24.23
15.65
33.32
-24.89
15.17
32.88
-25.21
26.61
33.59
-25.60
15.46
33.63
-25.74
14.98
32.99
-25.81
26.35
33.47
-26.35
15.32
33.79
-26.60
14.86
33.12
-26.62
26.04
33.40
-27.01
25.58
33.50
-27.48
15.29
33.82
-27.48
14.84
33.13
-27.49
25.10
33.37
-27.96
24.40
33.45
-28.37
23.59
33.57
-28.77
22.98
33.90
-28.95
15.45
33.75
-28.35
14.95
33.03
-28.38
23.14
33.18
-29.11
22.44
33.55
-29.27
21.43
33.64
-29.53
20.48
33.70
-29.68
19.53
33.71
-29.77
18.52
33.62
-29.87
17.54
33.75
-29.77
16.67
33.73
-29.60
15.84
33.57
-29.22
15.21
32.90
-29.21
18.14
33.09
-30.18
17.43
33.14
-30.16
16.63
33.12
-30.08
15.89
32.98
-29.91
15.39
32.70
-29.80
25.12
33.78
-13.17
24.56
33.78
-13.15
24.01
33.68
-13.20
26.04
34.03
-13.97
25.38
34.07
-13.69
24.57
34.14
-13.72
23.78
33.94
-13.76
23.22
33.75
-14.01
26.97
34.07
-14.97
26.29
34.38
-14.71
25.40
34.54
-14.42
24.58
34.58
-14.41
23.74
34.48
-14.65
23.02
33.98
-14.64
27.22
34.24
-15.63
26.63
34.72
-15.61
23.32
34.78
-15.43
22.72
34.27
-15.41
27.97
34.04
-16.89
27.51
34.38
-16.51
26.92
34.92
-16.41
22.98
34.97
-16.00
22.34
34.61
-16.23
21.60
34.21
-16.61
21.09
33.99
-16.93
28.04
34.17
-17.62
27.49
34.79
-17.51
27.05
35.10
-17.05
22.07
35.00
-16.80
21.50
34.77
-17.08
20.80
34.38
-17.42
20.18
34.36
-18.01
28.14
34.22
-18.54
27.68
34.83
-18.54
19.70
34.39
-18.63
28.18
34.21
-19.48
27.74
34.83
-19.50
19.23
34.35
-19.31
18.66
34.21
-19.99
18.19
33.82
-20.26
28.16
34.14
-20.41
27.71
34.78
-20.46
18.39
34.50
-20.74
17.89
33.91
-20.78
28.09
33.99
-21.28
27.66
34.60
-21.40
18.13
34.68
-21.56
17.45
33.97
-21.57
16.85
33.61
-21.86
16.56
33.44
-22.01
27.95
33.90
-21.95
27.55
34.30
-22.37
17.96
34.86
-22.43
17.27
34.23
-22.54
16.77
33.74
-22.35
16.52
33.50
-22.24
27.16
34.35
-23.35
26.75
34.76
-23.76
17.84
34.96
-23.14
17.28
34.53
-23.51
16.77
34.14
-23.86
26.97
34.13
-24.06
26.52
34.53
-24.57
26.04
35.00
-25.00
17.11
34.74
-24.38
16.53
34.22
-24.54
16.05
33.98
-25.04
26.24
34.27
-25.53
25.81
34.88
-25.63
17.00
34.96
-24.97
16.55
34.69
-25.23
16.00
34.36
-25.72
26.00
34.09
-26.30
25.57
34.64
-26.39
15.78
34.50
-26.61
25.79
33.94
-26.86
25.26
34.31
-27.18
24.68
34.69
-27.51
15.71
34.53
-27.45
24.92
34.02
-27.75
24.35
34.34
-28.00
23.58
34.47
-28.42
22.88
34.58
-28.76
15.86
34.49
-28.23
22.19
34.51
-29.08
21.35
34.52
-29.31
20.45
34.54
-29.44
19.50
34.54
-29.49
18.53
34.52
-29.48
17.60
34.48
-29.40
16.80
34.42
-29.21
16.18
34.37
-28.86
25.90
34.91
-15.13
25.33
35.01
-14.99
24.65
35.03
-14.98
24.08
34.97
-15.08
26.02
35.26
-15.78
25.32
35.42
-15.57
24.63
35.43
-15.55
23.88
35.31
-15.68
26.42
35.44
-16.53
23.29
35.49
-16.32
22.67
35.24
-16.55
27.07
35.44
-17.86
26.70
35.57
-17.26
23.05
35.86
-16.85
22.38
35.60
-17.06
21.59
35.47
-17.48
20.88
35.22
-17.80
20.35
35.12
-18.19
27.26
35.43
-18.64
20.22
35.73
-19.00
20.01
35.25
-18.78
27.32
35.45
-19.52
20.07
35.85
-19.53
19.56
35.23
-19.63
19.03
34.87
-20.09
27.24
35.49
-20.49
26.90
35.91
-20.85
20.00
36.07
-20.10
19.52
35.75
-20.55
18.91
35.12
-20.72
27.22
35.26
-21.45
26.82
35.83
-21.56
19.23
35.87
-21.47
18.71
35.31
-21.55
27.11
35.06
-22.33
26.68
35.68
-22.43
19.05
35.95
-22.17
18.57
35.53
-22.50
26.95
34.94
-23.02
26.55
35.38
-23.35
18.22
35.47
-23.50
17.71
35.08
-23.84
26.21
35.36
-24.17
25.78
35.57
-24.78
18.13
35.71
-24.41
17.59
35.24
-24.48
25.33
35.60
-25.59
24.83
35.95
-25.96
17.98
35.91
-25.19
17.34
35.44
-25.27
16.73
35.19
-25.71
16.29
34.95
-26.03
25.14
35.24
-26.38
24.65
35.71
-26.54
17.89
36.12
-25.75
17.39
35.90
-25.96
16.80
35.64
-26.31
16.25
35.24
-26.68
24.94
34.98
-26.97
24.37
35.36
-27.26
23.77
35.69
-27.58
16.11
35.22
-27.45
24.08
35.03
-27.81
23.48
35.33
-28.07
22.75
35.38
-28.52
18.16
35.84
-28.82
17.55
35.74
-28.70
16.88
35.56
-28.47
16.29
35.21
-28.17
22.05
35.36
-28.89
21.28
35.36
-29.11
20.43
35.37
-29.21
19.51
35.39
-29.21
18.52
35.40
-29.12
17.61
35.18
-29.05
16.88
35.04
-28.88
16.40
34.90
-28.67
25.77
35.70
-16.17
25.27
35.82
-16.09
24.66
35.84
-16.05
24.13
35.75
-16.07
25.94
35.92
-16.74
25.29
36.17
-16.67
24.57
36.20
-16.60
23.87
35.99
-16.53
26.74
35.90
-18.06
26.18
36.24
-17.68
25.30
36.60
-17.38
24.45
36.65
-17.22
23.50
36.43
-17.19
22.56
36.37
-17.59
21.66
36.23
-18.04
20.89
35.79
-18.19
20.49
35.56
-18.28
26.87
35.96
-18.69
26.42
36.44
-18.65
21.30
36.54
-18.74
20.64
36.03
-18.77
20.34
35.65
-18.57
26.94
35.99
-19.47
26.53
36.49
-19.54
21.10
36.77
-19.42
20.55
36.32
-19.48
26.95
35.97
-20.15
26.59
36.38
-20.50
20.95
36.93
-20.00
20.42
36.58
-20.25
19.94
36.41
-20.89
26.40
36.41
-21.48
19.65
36.44
-21.66
26.18
36.38
-22.44
25.77
36.75
-22.81
19.35
36.43
-22.56
18.91
36.02
-22.88
26.10
36.08
-23.32
25.66
36.58
-23.48
19.28
36.62
-23.53
18.78
36.09
-23.59
25.95
35.92
-23.95
25.50
36.28
-24.33
19.19
36.73
-24.43
18.67
36.23
-24.43
25.04
36.32
-25.14
24.47
36.52
-25.74
23.90
36.93
-25.96
19.08
36.81
-25.26
18.52
36.37
-25.25
24.22
36.24
-26.48
23.68
36.68
-26.56
18.94
36.84
-25.90
18.29
36.52
-26.03
17.58
36.34
-26.46
16.96
36.13
-26.88
16.48
35.76
-27.01
24.01
35.99
-27.04
23.41
36.31
-27.32
22.77
36.54
-27.67
16.85
36.20
-27.47
16.42
35.78
-27.47
23.16
35.97
-27.90
22.53
36.17
-28.21
19.18
36.47
-28.59
18.47
36.29
-28.57
17.67
36.23
-28.33
16.99
36.09
-28.02
16.50
35.74
-27.91
21.91
36.08
-28.67
21.23
36.08
-28.89
20.45
36.10
-28.96
19.57
36.15
-28.89
18.85
35.98
-28.90
25.81
36.83
-18.14
25.18
37.16
-18.07
24.39
37.19
-17.82
23.57
37.13
-17.84
22.75
37.10
-18.16
22.07
36.83
-18.31
25.96
36.96
-18.77
25.42
37.39
-18.80
22.46
37.44
-18.83
21.85
37.04
-18.82
26.04
37.02
-19.58
25.51
37.49
-19.60
22.24
37.68
-19.57
21.63
37.25
-19.52
26.04
37.00
-20.48
25.49
37.51
-20.49
22.01
37.89
-20.33
21.32
37.42
-20.35
20.66
37.13
-20.84
20.22
36.86
-21.15
25.94
36.98
-21.39
25.36
37.51
-21.47
24.89
37.83
-21.86
21.83
38.07
-20.86
21.35
37.88
-21.10
20.71
37.61
-21.66
20.10
37.01
-21.76
25.87
36.88
-22.11
25.42
37.22
-22.48
24.83
37.74
-22.57
20.41
37.71
-22.62
19.90
37.10
-22.61
25.20
37.12
-23.42
24.66
37.64
-23.43
20.28
37.77
-23.53
19.78
37.20
-23.53
24.98
36.95
-24.24
24.38
37.52
-24.32
23.82
37.80
-24.73
20.27
37.78
-24.43
19.72
37.26
-24.45
24.79
36.81
-24.85
24.31
37.11
-25.12
23.52
37.52
-25.53
22.77
37.80
-25.84
20.36
37.74
-25.35
19.65
37.26
-25.37
23.15
37.18
-26.42
22.38
37.56
-26.46
21.48
37.64
-26.57
20.56
37.59
-26.32
19.43
37.15
-26.35
18.51
36.85
-26.70
17.77
36.66
-26.94
17.28
36.51
-27.11
22.97
36.87
-27.06
22.32
37.03
-27.36
21.40
37.27
-27.37
20.48
37.28
-27.32
19.50
37.09
-27.35
18.59
36.90
-27.41
17.83
36.74
-27.46
17.27
36.55
-27.48
21.99
36.71
-28.09
21.28
36.94
-28.09
20.46
36.97
-28.10
19.52
36.82
-28.18
18.58
36.71
-28.06
17.81
36.61
-27.94
17.30
36.49
-27.83
21.73
36.52
-28.51
21.21
36.60
-28.59
20.51
36.62
-28.62
19.87
36.59
-28.62
24.82
37.57
-18.37
24.31
37.63
-18.31
23.66
37.62
-18.32
23.13
37.56
-18.42
24.90
37.73
-18.89
24.30
37.90
-18.90
23.64
37.92
-18.92
23.02
37.78
-18.92
24.94
37.85
-19.62
24.30
38.07
-19.67
23.58
38.15
-19.71
22.87
38.02
-19.67
24.94
37.90
-20.44
24.31
38.17
-20.57
23.47
38.39
-20.71
22.65
38.29
-20.59
24.93
37.89
-21.14
24.44
38.14
-21.53
23.67
38.48
-21.62
22.12
38.38
-21.18
21.57
38.32
-21.58
21.09
38.23
-22.05
24.29
38.15
-22.49
23.67
38.51
-22.52
20.85
38.26
-22.74
24.16
38.09
-23.34
23.60
38.45
-23.40
20.75
38.29
-23.53
24.03
37.99
-24.00
23.50
38.26
-24.28
20.79
38.28
-24.36
23.06
38.18
-25.02
22.39
38.22
-25.44
21.67
38.32
-25.39
21.01
38.22
-25.18
22.12
37.97
-26.00
21.57
38.02
-25.99
21.04
37.98
-25.86
23.10
38.61
-21.18
22.73
38.59
-21.15
23.07
38.70
-21.76
22.41
38.69
-21.73
21.76
38.66
-22.06
21.34
38.57
-22.28
23.04
38.77
-22.57
22.40
38.87
-22.61
21.77
38.83
-22.72
21.26
38.64
-22.80
22.99
38.76
-23.40
22.37
38.91
-23.42
21.76
38.88
-23.47
21.22
38.68
-23.51
22.92
38.66
-24.17
22.34
38.82
-24.18
21.75
38.82
-24.21
21.24
38.65
-24.24
22.78
38.55
-24.70
22.32
38.62
-24.83
21.75
38.65
-24.84
21.31
38.56
-24.78