24.55
-22.56
-15.13
24.28
-22.44
-15.12
25.29
-22.73
-15.89
24.76
-22.65
-15.66
24.31
-22.47
-15.56
26.18
-22.83
-16.88
25.55
-22.79
-16.59
24.79
-22.59
-16.51
24.36
-22.45
-16.06
26.99
-22.86
-17.92
26.41
-22.89
-17.61
25.67
-22.83
-17.52
25.05
-22.60
-17.47
27.06
-22.88
-18.59
26.41
-22.92
-18.50
25.75
-22.81
-18.42
25.22
-22.57
-18.29
27.10
-22.84
-19.39
26.45
-22.85
-19.34
25.79
-22.63
-19.29
25.34
-22.50
-18.89
27.11
-22.71
-20.11
26.55
-22.72
-20.06
26.08
-22.54
-20.06
27.07
-22.52
-20.59
26.64
-22.51
-20.57
26.28
-22.44
-20.49
25.85
-21.58
-13.38
25.31
-21.64
-13.24
24.67
-21.70
-13.21
24.16
-21.64
-13.25
26.02
-21.82
-13.86
25.38
-22.00
-13.85
24.70
-22.03
-13.86
24.08
-21.83
-13.84
26.24
-22.07
-14.56
25.49
-22.30
-14.62
24.75
-22.37
-14.69
24.09
-22.10
-14.72
28.77
-21.65
-16.16
28.24
-21.88
-16.00
27.49
-22.11
-15.79
26.60
-22.30
-15.44
25.65
-22.57
-15.46
25.02
-22.59
-15.25
23.99
-22.10
-15.45
29.64
-21.60
-17.22
29.10
-21.77
-16.83
28.33
-22.14
-16.75
27.49
-22.42
-16.63
26.60
-22.64
-16.46
25.92
-22.72
-16.16
24.36
-22.16
-16.77
24.09
-22.11
-16.13
29.81
-21.71
-17.82
29.18
-22.05
-17.69
28.40
-22.37
-17.62
27.50
-22.66
-17.58
26.84
-22.77
-17.21
24.61
-22.15
-17.56
29.95
-21.86
-18.64
29.26
-22.19
-18.58
28.50
-22.47
-18.54
27.72
-22.71
-18.53
24.84
-22.12
-18.33
30.04
-21.94
-19.53
29.32
-22.23
-19.50
28.55
-22.46
-19.47
27.78
-22.67
-19.42
25.44
-22.13
-19.61
25.09
-22.09
-19.02
30.11
-21.95
-20.45
29.36
-22.16
-20.43
28.55
-22.31
-20.38
27.73
-22.51
-20.24
25.79
-22.09
-20.22
30.20
-21.88
-21.32
29.43
-21.97
-21.33
28.51
-21.96
-21.30
27.49
-22.16
-20.95
26.74
-22.08
-20.91
26.19
-22.05
-20.68
30.85
-21.60
-22.40
30.40
-21.72
-22.13
29.61
-21.69
-22.15
28.94
-21.71
-21.93
30.84
-21.50
-22.72
30.44
-21.54
-22.69
29.96
-21.52
-22.65
24.90
-20.76
-12.21
24.38
-20.81
-12.11
23.77
-20.79
-12.15
23.29
-20.62
-12.19
26.75
-20.91
-13.40
26.17
-21.13
-13.20
25.31
-21.07
-12.72
24.54
-21.25
-12.67
23.80
-21.21
-12.85
23.15
-20.81
-12.71
27.10
-21.05
-13.83
26.55
-21.46
-13.79
23.47
-21.34
-13.68
23.05
-20.94
-13.30
28.62
-20.94
-15.12
28.20
-21.12
-14.84
27.53
-21.31
-14.47
26.85
-21.72
-14.43
23.52
-21.53
-14.60
28.86
-21.19
-15.73
28.25
-21.51
-15.41
27.59
-21.74
-15.15
27.02
-21.94
-14.99
23.58
-21.55
-15.45
29.87
-21.18
-17.12
29.37
-21.20
-16.49
24.04
-21.62
-16.92
23.76
-21.55
-16.25
30.78
-20.92
-18.27
30.32
-21.19
-17.88
24.26
-21.56
-17.64
31.01
-20.99
-18.83
30.53
-21.43
-18.70
24.50
-21.47
-18.42
31.72
-20.75
-20.02
31.30
-21.07
-19.65
30.69
-21.56
-19.57
25.19
-21.51
-19.79
24.83
-21.45
-19.19
31.86
-20.82
-20.68
31.36
-21.26
-20.54
30.77
-21.65
-20.47
25.55
-21.43
-20.38
31.92
-20.94
-21.49
31.36
-21.36
-21.40
30.81
-21.68
-21.29
28.15
-21.49
-21.82
27.43
-21.50
-21.53
26.69
-21.41
-21.29
26.05
-21.39
-20.90
31.88
-20.99
-22.28
31.25
-21.40
-22.21
30.84
-21.66
-21.91
29.30
-21.31
-22.59
28.69
-21.35
-22.26
31.80
-20.94
-22.89
31.17
-21.18
-22.94
30.49
-21.19
-23.09
29.82
-21.18
-22.98
33.78
-20.26
-24.93
33.63
-20.31
-24.84
33.79
-20.24
-25.11
33.64
-20.29
-25.07
24.03
-19.90
-11.22
23.63
-19.92
-11.20
23.24
-19.84
-11.29
24.94
-20.26
-11.98
24.31
-20.24
-11.62
23.67
-20.31
-11.65
23.02
-20.12
-11.84
26.87
-20.47
-13.33
26.27
-20.46
-12.97
25.56
-20.35
-12.51
22.56
-20.29
-12.65
21.99
-20.00
-12.96
28.46
-20.21
-14.49
28.10
-20.26
-14.23
27.46
-20.47
-13.83
23.01
-20.99
-13.95
22.60
-20.58
-13.59
21.95
-20.08
-13.63
28.65
-20.46
-14.90
28.23
-20.67
-14.51
27.78
-20.82
-14.23
23.03
-21.00
-14.64
22.50
-20.49
-14.53
21.94
-20.05
-14.44
29.04
-20.53
-15.64
23.11
-20.93
-15.52
22.49
-20.30
-15.49
21.97
-19.96
-15.14
29.95
-20.61
-17.04
29.49
-20.55
-16.41
23.77
-21.14
-17.03
23.36
-20.86
-16.53
22.76
-20.26
-16.42
30.85
-20.50
-18.21
30.39
-20.56
-17.68
23.89
-20.95
-17.66
23.39
-20.43
-17.46
22.91
-20.11
-17.11
31.62
-20.19
-19.25
31.27
-20.42
-18.86
24.09
-20.70
-18.52
23.62
-20.30
-18.17
31.84
-20.27
-19.80
31.52
-20.61
-19.40
24.99
-20.94
-19.93
24.55
-20.66
-19.47
32.66
-19.85
-21.18
32.27
-20.19
-20.74
25.23
-20.64
-20.49
24.74
-20.30
-20.14
32.82
-19.92
-21.76
32.40
-20.42
-21.60
27.97
-21.05
-22.15
27.38
-20.86
-21.99
26.59
-20.58
-21.71
25.83
-20.57
-21.16
32.97
-19.98
-22.58
32.41
-20.52
-22.46
29.06
-20.90
-22.91
28.38
-20.78
-22.63
27.55
-20.28
-22.57
26.87
-20.13
-22.23
33.07
-20.08
-23.49
32.24
-20.52
-23.39
31.36
-20.68
-23.62
30.49
-20.69
-23.62
29.50
-20.56
-23.46
28.60
-20.30
-23.25
27.96
-20.02
-23.12
33.79
-19.96
-24.81
33.36
-20.11
-24.50
32.43
-20.21
-24.41
31.46
-20.18
-24.43
30.56
-20.22
-24.21
29.87
-20.17
-24.05
33.86
-19.89
-25.27
33.41
-20.04
-25.20
32.56
-19.87
-25.26
31.80
-19.87
-25.03
33.93
-19.62
-25.81
33.49
-19.70
-25.83
32.96
-19.63
-25.83
23.87
-19.25
-10.72
23.60
-19.25
-10.65
23.34
-19.23
-10.69
24.53
-19.37
-11.32
24.12
-19.46
-11.04
23.62
-19.52
-10.90
23.14
-19.40
-11.03
14.07
-18.68
-11.23
13.41
-18.69
-11.16
12.64
-18.70
-11.19
11.97
-18.62
-11.29
11.55
-18.57
-11.46
24.89
-19.57
-11.77
24.47
-19.77
-11.42
22.46
-19.40
-11.66
21.50
-19.07
-11.94
20.68
-18.90
-12.07
20.08
-18.80
-12.16
14.92
-18.81
-11.97
14.30
-18.85
-11.76
13.44
-18.95
-11.80
12.63
-18.97
-11.83
11.92
-18.88
-11.88
11.42
-18.67
-11.94
26.87
-20.01
-13.31
26.36
-19.84
-13.02
25.62
-19.51
-12.56
22.16
-19.77
-12.29
21.52
-19.55
-12.67
20.68
-19.18
-12.72
20.02
-18.95
-12.67
14.94
-18.88
-12.51
14.26
-18.98
-12.50
13.45
-19.06
-12.58
12.61
-19.08
-12.60
11.86
-18.98
-12.62
11.29
-18.72
-12.66
28.45
-19.94
-14.53
28.03
-19.71
-14.31
27.27
-19.72
-13.75
26.57
-19.37
-13.40
26.01
-19.12
-13.11
21.34
-19.63
-13.57
20.55
-19.23
-13.56
20.00
-19.01
-13.24
14.91
-18.88
-13.06
14.33
-18.96
-13.21
13.51
-19.01
-13.49
12.59
-19.06
-13.42
11.83
-18.97
-13.40
11.23
-18.72
-13.40
28.65
-19.92
-14.95
28.34
-19.45
-14.90
21.37
-19.62
-14.48
20.72
-19.27
-14.44
13.21
-18.87
-14.28
12.49
-18.92
-14.18
11.81
-18.85
-14.12
11.26
-18.62
-14.08
28.96
-19.88
-15.67
28.59
-19.25
-15.65
22.08
-19.87
-15.85
21.49
-19.54
-15.50
20.85
-19.24
-15.16
13.04
-18.68
-14.82
12.45
-18.68
-14.78
11.82
-18.62
-14.69
11.38
-18.51
-14.57
29.91
-20.10
-17.09
29.41
-19.81
-16.58
28.90
-19.11
-16.48
22.27
-19.79
-16.56
21.66
-19.40
-16.51
30.78
-20.04
-18.21
30.26
-19.86
-17.73
29.66
-19.37
-17.37
29.15
-18.88
-17.21
23.10
-19.96
-17.82
22.54
-19.68
-17.46
21.84
-19.27
-17.39
31.57
-19.83
-19.22
31.12
-19.74
-18.77
30.46
-19.18
-18.43
29.77
-18.91
-17.96
29.33
-18.69
-17.70
23.85
-20.14
-18.88
23.32
-19.82
-18.55
22.56
-19.34
-18.41
21.96
-19.12
-18.08
31.83
-19.52
-19.75
31.33
-19.16
-19.29
30.86
-18.91
-18.97
24.07
-19.95
-19.56
23.42
-19.42
-19.45
22.80
-19.17
-19.13
32.73
-19.37
-21.13
32.32
-19.43
-20.54
25.04
-19.96
-20.81
24.42
-19.63
-20.44
23.76
-19.26
-20.14
33.02
-19.29
-21.77
26.17
-19.92
-21.87
25.46
-19.66
-21.50
24.77
-19.34
-21.14
33.75
-18.88
-23.12
33.38
-19.25
-22.66
27.15
-19.61
-22.91
26.46
-19.56
-22.41
25.79
-19.25
-22.15
33.91
-19.05
-23.70
33.55
-19.56
-23.50
29.19
-20.03
-23.90
28.55
-19.80
-23.77
27.75
-19.48
-23.54
34.04
-19.32
-24.52
33.69
-19.71
-24.17
31.08
-19.82
-24.84
30.41
-19.77
-24.68
29.54
-19.70
-24.42
28.69
-19.38
-24.36
27.98
-19.06
-24.25
34.25
-19.25
-25.36
32.15
-19.39
-25.77
31.35
-19.47
-25.36
30.44
-19.28
-25.22
29.57
-19.12
-25.06
28.75
-18.89
-24.92
28.14
-18.74
-24.75
35.39
-18.54
-27.04
35.06
-18.69
-26.78
34.38
-19.07
-26.25
33.60
-19.25
-26.37
32.80
-19.16
-26.31
35.39
-18.50
-27.27
35.04
-18.64
-27.21
34.41
-18.80
-27.04
33.71
-18.87
-26.97
33.12
-18.81
-26.88
23.85
-19.07
-10.73
23.58
-19.03
-10.67
23.34
-19.06
-10.68
13.26
-17.83
-10.21
12.72
-17.80
-10.24
12.27
-17.74
-10.38
24.47
-19.08
-11.35
24.06
-18.97
-11.09
23.55
-18.82
-10.97
23.14
-18.95
-10.95
20.86
-17.97
-11.28
20.25
-17.97
-11.24
19.39
-17.96
-11.19
18.44
-17.97
-11.11
17.48
-18.01
-11.06
16.50
-18.08
-11.02
15.51
-18.20
-10.97
14.50
-18.34
-10.88
13.54
-18.23
-10.59
12.69
-18.26
-10.66
12.00
-18.09
-10.85
11.48
-18.24
-11.33
24.70
-18.94
-11.81
24.17
-18.50
-11.70
23.41
-18.39
-11.47
22.57
-18.57
-11.41
21.39
-18.35
-11.51
20.48
-18.44
-11.62
19.56
-18.48
-11.85
18.49
-18.36
-11.80
17.50
-18.34
-11.77
16.51
-18.41
-11.75
15.47
-18.58
-11.71
14.76
-18.63
-11.42
11.20
-18.29
-11.93
25.13
-18.66
-12.58
24.57
-18.31
-12.28
19.37
-18.72
-12.65
18.45
-18.57
-12.63
17.49
-18.52
-12.61
16.53
-18.57
-12.59
15.60
-18.71
-12.56
10.90
-18.28
-12.75
10.60
-18.12
-13.10
27.76
-19.24
-14.39
27.25
-19.10
-14.12
26.58
-18.82
-13.84
25.78
-18.49
-13.46
20.04
-19.01
-13.89
19.44
-18.83
-13.56
18.46
-18.63
-13.54
17.48
-18.56
-13.52
16.49
-18.60
-13.50
15.43
-18.73
-13.47
14.59
-18.82
-13.79
13.97
-18.88
-13.95
10.80
-18.36
-13.44
10.54
-18.11
-13.47
27.89
-18.97
-14.87
27.30
-18.66
-14.66
26.64
-18.37
-14.45
25.99
-18.03
-14.28
20.12
-18.99
-14.60
19.35
-18.76
-14.54
18.44
-18.58
-14.50
17.48
-18.50
-14.46
16.50
-18.50
-14.43
15.52
-18.56
-14.44
14.62
-18.63
-14.53
13.82
-18.71
-14.54
10.84
-18.16
-14.11
10.55
-18.05
-13.84
28.02
-18.60
-15.66
27.33
-18.25
-15.30
26.68
-17.96
-15.05
26.17
-17.79
-14.82
20.96
-19.17
-15.88
20.34
-18.95
-15.53
19.40
-18.66
-15.52
18.43
-18.46
-15.49
17.46
-18.37
-15.39
16.49
-18.34
-15.32
15.53
-18.34
-15.30
14.56
-18.36
-15.31
13.48
-18.35
-15.33
12.53
-18.31
-15.30
11.79
-18.22
-15.13
11.22
-18.11
-14.79
28.41
-18.48
-16.50
21.04
-19.05
-16.60
20.31
-18.77
-16.53
19.43
-18.50
-16.52
18.40
-18.26
-16.57
17.41
-18.17
-16.27
16.47
-18.12
-16.15
15.53
-18.08
-16.09
14.63
-18.05
-16.05
13.86
-18.00
-16.00
28.73
-18.32
-17.26
21.19
-18.92
-17.48
20.40
-18.62
-17.48
19.56
-18.36
-17.46
18.74
-18.12
-17.51
30.22
-18.46
-18.74
29.64
-18.33
-18.34
29.11
-18.25
-17.88
22.15
-18.96
-18.80
21.46
-18.77
-18.44
20.52
-18.43
-18.41
19.67
-18.18
-18.33
18.92
-17.96
-18.33
31.86
-18.86
-20.03
31.38
-18.47
-19.75
30.73
-18.38
-19.22
23.08
-18.98
-19.84
22.40
-18.77
-19.52
21.50
-18.45
-19.38
20.55
-18.12
-19.36
19.69
-17.93
-19.10
19.05
-17.78
-18.97
32.70
-18.84
-21.12
32.26
-18.58
-20.67
31.77
-18.22
-20.32
24.09
-19.05
-20.82
23.39
-18.77
-20.53
22.46
-18.33
-20.45
21.57
-18.12
-20.15
20.89
-17.94
-19.99
32.96
-18.53
-21.65
32.58
-18.22
-21.23
25.11
-18.99
-21.84
24.41
-18.78
-21.47
23.53
-18.28
-21.38
22.81
-18.09
-21.11
33.82
-18.27
-23.05
33.40
-18.40
-22.40
26.85
-19.13
-23.16
26.29
-18.91
-22.92
25.43
-18.58
-22.55
24.53
-18.26
-22.18
23.86
-17.99
-22.00
34.14
-18.31
-23.74
27.09
-18.90
-23.65
26.39
-18.39
-23.60
25.73
-18.17
-23.25
34.42
-18.42
-24.54
27.39
-18.58
-24.31
26.79
-18.13
-24.28
34.65
-18.52
-25.34
31.86
-18.96
-26.11
31.24
-18.89
-25.91
30.43
-18.73
-25.75
29.56
-18.55
-25.59
28.65
-18.26
-25.45
27.75
-18.19
-24.99
27.07
-17.89
-24.78
35.53
-18.25
-27.06
35.29
-18.29
-26.61
34.88
-18.50
-26.05
32.14
-18.56
-26.62
31.28
-18.34
-26.41
30.45
-18.15
-26.24
29.63
-18.01
-26.06
28.97
-17.89
-25.91
35.57
-18.14
-27.55
35.10
-18.35
-27.68
34.45
-18.41
-27.64
33.69
-18.40
-27.50
32.86
-18.26
-27.27
35.73
-17.73
-28.16
35.21
-17.94
-28.22
34.51
-17.88
-28.25
33.72
-17.90
-27.99
33.14
-17.85
-27.77
35.76
-17.48
-28.57
35.36
-17.58
-28.63
34.90
-17.59
-28.62
18.75
-16.99
-10.34
18.17
-17.02
-10.15
17.40
-17.08
-10.04
16.52
-17.09
-10.02
15.54
-17.13
-10.02
14.55
-17.20
-9.97
13.61
-17.34
-9.95
12.82
-17.22
-9.94
12.26
-17.21
-10.21
20.88
-17.57
-11.26
20.18
-17.47
-11.07
19.23
-17.33
-10.76
18.34
-17.49
-10.57
17.45
-17.57
-10.48
16.51
-17.63
-10.44
15.54
-17.70
-10.41
14.62
-17.79
-10.34
13.91
-17.82
-10.25
11.86
-17.38
-10.86
11.47
-17.84
-11.30
23.95
-18.00
-12.08
23.29
-17.76
-12.00
22.43
-17.78
-11.72
21.52
-17.68
-11.53
12.64
-16.57
-12.10
12.28
-16.75
-11.93
11.80
-17.14
-11.63
11.30
-17.78
-11.86
24.88
-18.10
-12.91
24.32
-17.83
-12.66
23.65
-17.43
-12.63
12.64
-16.62
-12.47
12.18
-16.86
-12.46
11.60
-17.20
-12.48
11.00
-17.72
-12.73
10.64
-17.90
-13.10
25.12
-17.86
-13.55
24.43
-17.40
-13.46
23.85
-17.19
-13.20
12.58
-16.60
-12.83
12.15
-16.74
-12.96
11.53
-16.97
-13.16
10.88
-17.34
-13.54
10.57
-17.80
-13.50
25.35
-17.49
-14.38
24.72
-17.22
-14.11
10.73
-17.51
-14.27
10.53
-17.80
-13.88
27.77
-18.09
-16.05
27.27
-17.80
-15.89
26.56
-17.45
-15.66
25.86
-17.36
-15.12
13.13
-17.94
-15.93
12.46
-17.85
-15.83
11.74
-17.69
-15.62
11.09
-17.40
-15.21
27.96
-17.90
-16.63
27.37
-17.42
-16.58
26.80
-17.20
-16.28
17.92
-18.04
-17.08
17.27
-17.96
-16.99
16.43
-17.88
-16.92
15.51
-17.80
-16.85
14.56
-17.71
-16.75
13.48
-17.58
-16.60
12.51
-17.42
-16.40
11.77
-17.24
-16.20
11.25
-17.04
-15.96
28.24
-17.64
-17.43
27.67
-17.28
-17.20
18.05
-17.90
-17.70
17.29
-17.75
-17.72
16.43
-17.63
-17.69
15.52
-17.50
-17.64
14.63
-17.39
-17.51
13.83
-17.23
-17.44
30.03
-17.94
-18.99
29.47
-17.69
-18.75
28.80
-17.63
-18.17
18.23
-17.70
-18.50
17.37
-17.50
-18.54
16.47
-17.36
-18.52
15.50
-17.18
-18.53
14.64
-17.11
-18.21
14.02
-17.01
-18.01
31.06
-17.76
-19.99
30.38
-17.71
-19.48
29.78
-17.41
-19.27
20.20
-17.77
-19.85
19.51
-17.58
-19.72
18.56
-17.40
-19.45
17.48
-17.17
-19.42
16.58
-17.09
-19.30
15.82
-16.97
-19.30
32.12
-17.92
-20.88
31.59
-17.63
-20.58
22.11
-17.91
-20.90
21.43
-17.72
-20.75
20.55
-17.55
-20.45
19.61
-17.17
-20.44
18.86
-17.10
-20.12
17.17
-16.88
-19.91
16.56
-16.82
-19.91
15.99
-16.77
-19.83
32.91
-17.86
-21.79
32.40
-17.55
-21.43
31.84
-17.28
-21.11
23.15
-17.80
-21.77
22.43
-17.66
-21.49
21.51
-17.26
-21.46
20.65
-17.11
-21.16
20.00
-16.93
-21.02
33.83
-17.44
-23.04
33.25
-17.48
-22.34
32.72
-17.15
-21.95
25.07
-17.94
-22.95
24.40
-17.72
-22.71
23.49
-17.45
-22.41
22.56
-17.20
-22.15
21.86
-16.98
-22.03
34.29
-17.43
-23.75
26.02
-17.85
-23.87
25.35
-17.54
-23.61
24.48
-17.23
-23.28
23.81
-17.07
-23.01
35.16
-16.99
-25.08
34.75
-17.43
-24.61
26.32
-17.62
-24.39
25.76
-17.18
-24.34
35.34
-17.26
-25.67
34.98
-17.81
-25.40
28.29
-17.68
-25.74
27.59
-17.40
-25.54
26.71
-17.30
-25.02
26.10
-16.97
-24.82
35.70
-17.86
-27.04
35.56
-17.59
-26.51
35.15
-17.99
-25.99
31.88
-17.96
-26.99
31.26
-17.76
-26.85
30.44
-17.47
-26.73
29.55
-17.41
-26.46
28.67
-17.34
-26.17
28.01
-17.10
-26.01
35.89
-17.64
-27.51
35.95
-17.30
-27.25
32.21
-17.54
-27.48
31.41
-17.25
-27.30
30.77
-17.09
-27.13
36.64
-16.65
-28.58
36.21
-17.12
-28.14
36.16
-17.09
-27.71
34.24
-17.31
-28.60
33.55
-17.30
-28.34
32.85
-17.32
-27.98
36.59
-16.61
-28.88
36.08
-16.95
-28.80
35.44
-17.06
-28.93
34.79
-17.14
-28.85
17.78
-16.31
-9.63
17.43
-16.30
-9.57
17.04
-16.28
-9.57
12.67
-15.99
-9.28
12.42
-16.00
-9.44
18.72
-16.62
-10.31
18.05
-16.53
-9.91
17.40
-16.59
-9.75
16.63
-16.49
-9.77
15.53
-16.51
-9.83
14.48
-16.49
-9.72
13.61
-16.55
-9.58
12.86
-16.43
-9.53
12.32
-16.39
-9.86
20.84
-17.19
-11.39
20.24
-17.00
-11.22
19.35
-16.70
-10.89
12.07
-16.52
-10.52
22.90
-17.31
-12.25
22.26
-17.21
-12.10
21.32
-17.05
-11.83
20.44
-16.69
-11.74
19.61
-16.39
-11.59
12.93
-16.23
-11.90
12.51
-16.32
-11.53
12.13
-16.46
-11.12
23.08
-17.06
-12.77
22.30
-16.80
-12.73
21.40
-16.61
-12.56
20.50
-16.38
-12.44
19.59
-16.14
-12.36
19.08
-15.96
-12.62
13.04
-16.29
-12.48
24.08
-16.99
-13.82
23.40
-16.82
-13.54
22.38
-16.43
-13.60
21.41
-16.28
-13.31
20.53
-16.14
-13.18
19.71
-16.00
-13.09
19.14
-15.92
-13.05
12.84
-16.34
-13.05
12.26
-16.44
-13.40
11.55
-16.55
-13.68
10.88
-16.64
-14.08
10.61
-16.39
-14.35
25.03
-16.99
-14.83
24.36
-16.82
-14.48
23.55
-16.50
-14.38
22.77
-16.23
-14.40
10.66
-16.77
-14.57
10.53
-16.39
-14.63
26.13
-16.96
-15.97
25.35
-16.71
-15.63
24.41
-16.43
-15.28
23.61
-16.21
-15.10
22.97
-16.07
-14.99
17.88
-15.89
-16.03
17.28
-15.92
-15.96
16.50
-15.93
-15.92
15.73
-15.92
-15.94
15.13
-15.88
-16.00
10.80
-16.62
-15.33
10.56
-16.36
-14.99
27.08
-16.98
-16.93
26.46
-16.76
-16.63
25.71
-16.37
-16.53
17.93
-15.89
-16.57
17.27
-15.95
-16.62
16.50
-15.97
-16.62
15.74
-15.95
-16.57
15.09
-15.90
-16.53
13.03
-17.17
-17.06
12.42
-17.02
-16.95
11.72
-16.80
-16.75
11.08
-16.49
-16.41
10.81
-16.23
-16.74
28.01
-17.12
-17.87
27.37
-16.81
-17.60
26.55
-16.32
-17.49
25.89
-16.09
-17.20
17.93
-15.85
-17.11
17.34
-15.88
-17.34
16.48
-15.90
-17.38
15.69
-15.90
-17.19
15.12
-15.87
-17.06
13.23
-16.95
-17.61
12.52
-16.71
-17.54
11.82
-16.48
-17.37
11.22
-16.25
-17.13
10.86
-16.17
-16.98
29.11
-17.16
-18.98
28.41
-16.95
-18.59
27.51
-16.38
-18.52
26.84
-16.13
-18.19
17.19
-15.79
-17.84
16.72
-15.80
-17.87
15.05
-16.93
-18.94
14.45
-16.82
-18.75
13.62
-16.69
-18.37
12.73
-16.44
-18.16
12.04
-16.22
-17.93
11.51
-16.15
-17.60
30.81
-17.28
-20.19
30.26
-17.11
-19.96
29.45
-16.88
-19.61
28.59
-16.51
-19.41
27.85
-16.13
-19.34
18.23
-17.02
-19.94
17.73
-16.95
-19.91
15.24
-16.74
-19.50
14.55
-16.51
-19.44
13.81
-16.22
-19.20
12.92
-16.17
-18.64
12.39
-16.11
-18.38
31.07
-17.04
-20.66
30.36
-16.63
-20.57
29.48
-16.27
-20.42
28.65
-16.09
-20.09
28.06
-15.91
-19.92
19.16
-16.67
-20.89
18.41
-16.73
-20.48
17.47
-16.64
-20.38
16.53
-16.45
-20.54
15.61
-16.47
-20.24
14.82
-16.24
-20.22
14.33
-15.95
-20.17
32.12
-16.89
-21.62
31.46
-16.68
-21.31
30.57
-16.12
-21.26
29.82
-15.96
-21.00
21.19
-16.81
-21.87
20.55
-16.68
-21.68
19.76
-16.51
-21.46
16.20
-16.14
-21.05
15.58
-16.09
-20.99
14.94
-15.94
-20.92
14.55
-15.79
-20.80
33.82
-16.54
-23.10
33.20
-16.53
-22.57
32.44
-16.44
-22.10
31.63
-16.10
-21.85
31.01
-15.86
-21.72
23.13
-16.90
-22.81
22.44
-16.70
-22.65
21.51
-16.48
-22.44
20.61
-16.30
-22.20
19.95
-16.19
-22.02
34.33
-16.49
-23.69
24.99
-16.90
-23.97
24.33
-16.62
-23.80
23.44
-16.55
-23.35
22.54
-16.24
-23.21
21.83
-16.11
-23.01
35.70
-15.84
-25.34
35.35
-16.26
-25.03
34.84
-16.42
-24.36
25.26
-16.56
-24.51
24.66
-16.33
-24.30
35.91
-15.95
-25.84
35.63
-16.57
-25.74
27.23
-16.65
-25.86
26.54
-16.57
-25.47
25.83
-16.42
-25.08
36.14
-16.06
-26.53
35.87
-16.77
-26.49
30.12
-16.94
-26.98
29.46
-16.80
-26.84
28.60
-16.54
-26.67
27.81
-16.53
-26.29
36.39
-16.16
-27.27
36.13
-16.77
-27.18
32.02
-16.89
-27.83
31.35
-16.60
-27.73
30.45
-16.56
-27.38
29.59
-16.29
-27.26
28.91
-16.10
-27.13
37.32
-15.68
-28.95
36.96
-16.06
-28.61
36.56
-16.40
-27.93
36.29
-16.78
-27.64
34.07
-16.80
-28.82
33.42
-16.57
-28.69
32.49
-16.55
-28.29
31.76
-16.26
-28.15
37.30
-15.67
-29.24
36.87
-16.05
-29.17
36.20
-16.26
-29.30
35.42
-16.38
-29.27
34.53
-16.45
-29.11
33.84
-16.21
-29.04
13.58
-15.22
-8.72
13.37
-15.26
-8.69
13.12
-15.31
-8.74
17.77
-16.16
-9.70
17.42
-16.12
-9.65
17.04
-16.12
-9.65
13.73
-15.38
-9.01
13.40
-15.51
-8.94
12.92
-15.59
-9.05
12.49
-15.66
-9.35
18.55
-16.31
-10.34
18.01
-16.17
-10.08
17.38
-16.01
-10.04
16.61
-16.05
-9.97
15.47
-15.97
-9.99
14.24
-15.74
-9.65
13.58
-15.93
-9.30
13.08
-15.97
-9.23
12.30
-15.80
-9.79
18.79
-16.25
-10.82
18.15
-16.00
-10.75
17.38
-15.84
-10.72
16.50
-15.78
-10.69
15.47
-15.69
-10.67
14.37
-15.52
-10.53
13.74
-15.45
-10.77
12.22
-15.88
-10.33
18.95
-16.11
-11.49
18.28
-15.90
-11.54
17.42
-15.74
-11.55
16.49
-15.66
-11.56
15.49
-15.62
-11.55
14.47
-15.61
-11.51
13.45
-15.71
-11.45
12.74
-15.81
-11.15
12.34
-15.89
-10.82
19.03
-16.01
-12.09
18.51
-15.86
-12.43
17.50
-15.71
-12.48
16.51
-15.64
-12.49
15.52
-15.63
-12.50
14.54
-15.70
-12.50
13.62
-15.91
-12.49
21.96
-16.13
-14.07
21.31
-16.03
-13.99
20.47
-15.94
-13.90
19.59
-15.87
-13.76
18.66
-15.81
-13.44
17.54
-15.72
-13.44
16.52
-15.67
-13.44
15.52
-15.67
-13.45
14.50
-15.75
-13.49
13.39
-15.97
-13.50
12.45
-16.10
-13.93
11.64
-16.19
-14.16
10.98
-16.25
-14.34
10.66
-16.23
-14.43
22.16
-15.99
-14.66
21.35
-15.86
-14.72
20.46
-15.79
-14.70
19.51
-15.77
-14.63
18.51
-15.77
-14.51
17.50
-15.75
-14.40
16.51
-15.73
-14.36
15.53
-15.73
-14.39
14.54
-15.75
-14.50
13.50
-15.81
-14.55
12.53
-15.88
-14.69
11.68
-15.97
-14.78
11.00
-16.09
-14.79
10.62
-16.18
-14.69
24.92
-16.23
-16.08
24.29
-16.06
-15.93
23.48
-15.91
-15.76
22.52
-15.83
-15.50
21.47
-15.71
-15.57
20.48
-15.68
-15.58
19.48
-15.71
-15.57
18.39
-15.79
-15.58
17.42
-15.83
-15.28
16.50
-15.83
-15.20
15.59
-15.82
-15.27
14.64
-15.80
-15.56
13.54
-15.76
-15.54
12.56
-15.78
-15.56
11.70
-15.90
-15.55
10.98
-16.14
-15.42
10.63
-16.19
-15.02
25.09
-15.98
-16.70
24.32
-15.75
-16.63
23.46
-15.61
-16.56
22.50
-15.55
-16.52
21.49
-15.54
-16.50
20.50
-15.57
-16.50
19.53
-15.65
-16.50
18.59
-15.77
-16.51
14.45
-15.80
-16.50
13.52
-15.74
-16.48
12.59
-15.75
-16.46
11.76
-15.87
-16.44
11.09
-16.10
-16.44
10.82
-16.11
-16.75
26.13
-15.88
-17.89
25.37
-15.65
-17.62
24.39
-15.44
-17.40
23.50
-15.33
-17.37
22.53
-15.27
-17.55
21.47
-15.36
-17.44
20.48
-15.44
-17.41
19.50
-15.54
-17.41
18.47
-15.69
-17.41
17.78
-15.75
-17.69
16.14
-15.79
-17.84
15.48
-15.78
-17.75
14.62
-15.76
-17.43
13.59
-15.73
-17.41
12.66
-15.77
-17.32
11.86
-15.88
-17.23
11.23
-16.04
-17.11
10.86
-16.08
-16.98
27.08
-15.94
-18.87
26.46
-15.72
-18.59
25.71
-15.38
-18.51
22.17
-15.09
-18.36
21.35
-15.19
-18.28
20.44
-15.28
-18.27
19.49
-15.36
-18.27
18.49
-15.47
-18.28
17.50
-15.60
-18.27
16.48
-15.63
-18.35
15.52
-15.59
-18.49
14.59
-15.64
-18.40
13.66
-15.72
-18.30
12.78
-15.82
-18.08
12.06
-15.97
-17.89
11.51
-16.03
-17.59
27.28
-15.72
-19.50
26.50
-15.31
-19.49
25.87
-15.16
-19.17
21.98
-14.97
-18.95
21.30
-15.02
-19.01
20.43
-15.07
-19.05
19.48
-15.13
-19.08
18.50
-15.20
-19.10
17.52
-15.26
-19.13
16.54
-15.30
-19.21
15.57
-15.31
-19.42
14.66
-15.49
-19.31
13.84
-15.77
-19.19
12.93
-15.92
-18.62
12.39
-15.98
-18.37
29.13
-15.82
-20.78
28.49
-15.67
-20.59
27.68
-15.50
-20.27
26.88
-15.08
-20.32
18.86
-16.33
-21.21
18.29
-16.28
-21.10
17.53
-16.22
-21.05
16.86
-16.17
-21.06
15.30
-15.16
-20.06
14.77
-15.30
-20.14
14.36
-15.53
-20.34
30.20
-15.50
-21.63
29.41
-15.50
-21.28
28.54
-15.26
-21.15
27.76
-15.07
-20.97
27.15
-14.88
-20.89
19.12
-16.12
-21.68
18.34
-15.94
-21.71
17.48
-15.87
-21.70
16.55
-15.87
-21.59
15.69
-15.74
-21.66
15.03
-15.58
-21.54
14.59
-15.45
-21.20
33.77
-15.70
-23.18
33.17
-15.66
-22.81
32.41
-15.54
-22.50
31.59
-15.42
-22.24
30.81
-15.36
-21.99
21.12
-15.98
-22.83
20.42
-15.86
-22.67
19.49
-15.79
-22.39
18.47
-15.59
-22.42
17.52
-15.51
-22.45
16.59
-15.46
-22.47
15.77
-15.36
-22.44
15.14
-15.16
-22.29
14.74
-15.22
-21.81
34.27
-15.58
-23.65
24.03
-16.12
-24.10
23.37
-15.94
-23.94
22.43
-15.63
-23.81
21.43
-15.63
-23.38
20.45
-15.41
-23.28
19.49
-15.29
-23.15
18.51
-15.19
-23.15
17.56
-15.14
-23.22
16.63
-15.07
-23.37
15.86
-15.03
-23.25
15.39
-14.82
-23.21
35.75
-15.26
-25.26
35.33
-15.39
-24.77
34.82
-15.49
-24.21
25.02
-15.99
-24.87
24.35
-15.84
-24.60
23.54
-15.50
-24.51
22.79
-15.21
-24.45
16.33
-14.82
-23.94
15.84
-14.76
-23.91
15.49
-14.63
-23.85
36.06
-15.26
-25.84
27.01
-16.11
-26.12
26.39
-15.88
-25.89
25.43
-15.60
-25.51
24.46
-15.29
-25.22
23.63
-15.03
-25.05
22.98
-14.90
-24.90
36.35
-15.30
-26.56
28.20
-15.94
-26.91
27.44
-15.81
-26.60
26.56
-15.26
-26.48
25.80
-15.11
-26.12
37.01
-15.07
-27.86
36.69
-15.36
-27.38
31.06
-16.05
-27.99
30.39
-15.92
-27.83
29.54
-15.71
-27.68
28.57
-15.47
-27.46
27.63
-15.20
-27.18
26.99
-14.98
-26.98
37.46
-15.17
-28.97
37.17
-15.32
-28.35
36.84
-15.72
-27.90
33.13
-15.96
-28.92
32.40
-15.72
-28.78
31.42
-15.67
-28.43
30.48
-15.39
-28.30
29.63
-15.19
-28.15
28.93
-15.03
-28.01
37.49
-15.12
-29.56
37.01
-15.45
-29.72
36.28
-15.49
-29.84
35.39
-15.65
-29.67
34.49
-15.67
-29.49
33.57
-15.61
-29.27
32.83
-15.35
-29.19
37.56
-14.77
-30.13
37.18
-14.99
-30.22
36.66
-14.94
-30.31
37.52
-14.56
-30.46
37.25
-14.63
-30.55
36.91
-14.64
-30.58
13.54
-15.13
-8.73
13.35
-15.13
-8.72
13.12
-15.18
-8.77
13.61
-15.19
-9.02
13.31
-15.13
-9.05
12.93
-15.25
-9.11
12.57
-15.39
-9.34
13.78
-15.30
-9.57
13.33
-15.16
-9.61
12.85
-15.21
-9.64
12.48
-15.41
-9.73
13.86
-15.30
-10.12
13.38
-15.26
-10.32
12.82
-15.28
-10.24
12.43
-15.46
-10.23
13.19
-15.42
-10.85
12.77
-15.45
-10.73
12.46
-15.54
-10.61
24.95
-15.26
-18.11
24.34
-15.15
-18.06
23.60
-15.09
-18.04
22.98
-15.09
-18.07
25.11
-15.07
-18.71
24.37
-14.92
-18.76
23.57
-14.89
-18.74
22.79
-14.95
-18.65
26.03
-14.92
-19.88
25.37
-14.84
-19.55
24.43
-14.68
-19.60
23.48
-14.68
-19.56
22.43
-14.78
-19.46
21.42
-14.80
-19.71
20.46
-14.84
-19.80
19.49
-14.87
-19.84
18.51
-14.91
-19.86
17.55
-14.95
-19.89
16.64
-15.00
-19.93
15.94
-15.06
-19.99
26.22
-14.64
-20.61
25.38
-14.49
-20.44
24.46
-14.36
-20.58
23.44
-14.43
-20.46
22.45
-14.51
-20.43
21.46
-14.56
-20.51
20.48
-14.58
-20.57
19.50
-14.60
-20.59
18.51
-14.62
-20.61
17.54
-14.66
-20.63
16.59
-14.74
-20.64
15.67
-14.91
-20.60
14.96
-15.06
-20.79
14.58
-15.23
-20.86
30.00
-15.04
-21.93
29.34
-14.93
-21.80
28.53
-14.78
-21.68
27.70
-14.63
-21.52
26.85
-14.47
-21.31
24.14
-14.10
-21.33
23.34
-14.19
-21.25
22.43
-14.25
-21.25
21.47
-14.28
-21.28
20.49
-14.29
-21.31
19.50
-14.29
-21.32
18.51
-14.30
-21.33
17.54
-14.34
-21.36
16.60
-14.43
-21.42
15.73
-14.61
-21.49
15.05
-14.88
-21.50
14.66
-15.14
-21.38
33.69
-15.07
-23.27
33.17
-14.92
-23.05
32.39
-14.67
-22.87
31.45
-14.69
-22.59
30.44
-14.69
-22.33
29.45
-14.44
-22.28
28.55
-14.29
-22.19
27.70
-14.20
-22.06
27.03
-14.14
-21.91
23.96
-13.90
-21.86
23.30
-13.92
-21.91
22.43
-13.94
-21.95
21.48
-13.95
-21.98
20.50
-13.93
-22.00
19.51
-13.91
-22.02
18.52
-13.93
-22.01
17.56
-13.97
-22.06
16.64
-14.07
-22.20
15.78
-14.28
-22.42
15.14
-14.74
-22.30
14.75
-15.03
-21.86
34.02
-14.65
-23.65
33.32
-14.34
-23.36
32.73
-14.20
-23.19
21.98
-15.17
-24.12
21.31
-15.07
-23.99
20.43
-14.91
-23.91
19.49
-14.83
-23.83
18.54
-14.79
-23.83
17.65
-14.78
-23.89
16.94
-14.81
-23.92
15.57
-14.12
-23.12
15.33
-14.36
-23.38
35.75
-14.50
-25.23
35.29
-14.53
-24.72
34.71
-14.58
-24.20
22.18
-14.86
-24.57
21.38
-14.63
-24.56
20.46
-14.40
-24.59
19.48
-14.39
-24.46
18.55
-14.38
-24.47
17.59
-14.37
-24.62
16.63
-14.52
-24.48
15.90
-14.42
-24.52
15.46
-14.19
-24.33
36.11
-14.47
-25.83
25.08
-14.93
-25.87
24.39
-14.72
-25.71
23.51
-14.45
-25.58
22.53
-14.46
-25.18
21.56
-14.24
-25.11
20.84
-14.12
-25.05
17.24
-14.10
-25.21
16.56
-14.09
-25.35
15.88
-14.07
-25.27
15.46
-13.84
-25.25
36.43
-14.45
-26.54
26.18
-14.56
-26.82
25.38
-14.50
-26.40
24.51
-14.22
-26.19
23.83
-14.08
-26.04
16.29
-13.82
-25.90
15.82
-13.76
-25.89
15.47
-13.63
-25.83
37.09
-14.47
-27.85
36.78
-14.46
-27.29
28.23
-14.82
-27.85
27.53
-14.56
-27.69
26.79
-14.48
-27.28
37.62
-14.44
-29.02
37.35
-14.46
-28.40
32.10
-15.14
-29.08
31.37
-14.98
-28.96
30.49
-14.80
-28.80
29.59
-14.62
-28.62
28.61
-14.43
-28.38
27.87
-14.24
-28.18
37.79
-14.35
-29.66
37.94
-14.13
-29.87
35.93
-15.02
-30.13
35.28
-15.02
-30.02
34.44
-14.97
-29.88
33.51
-14.89
-29.71
32.51
-14.77
-29.52
31.48
-14.34
-29.54
30.51
-14.22
-29.32
29.63
-14.05
-29.13
28.91
-13.96
-28.92
37.79
-14.24
-30.13
37.94
-14.10
-30.04
36.13
-14.53
-30.49
35.30
-14.43
-30.39
34.43
-14.35
-30.29
33.52
-14.25
-30.18
32.62
-14.13
-30.06
31.88
-13.96
-30.00
37.58
-14.18
-30.53
37.21
-14.16
-30.72
36.68
-14.24
-30.73
25.95
-14.29
-21.08
25.43
-14.20
-21.05
24.88
-14.15
-21.07
26.21
-14.10
-21.59
25.47
-13.96
-21.64
24.74
-13.95
-21.58
32.06
-14.10
-23.06
31.36
-14.04
-22.95
30.44
-13.98
-22.84
29.48
-13.87
-22.77
28.52
-13.78
-22.69
27.57
-13.74
-22.56
26.56
-13.76
-22.30
25.49
-13.63
-22.32
24.43
-13.65
-22.27
23.43
-13.58
-22.49
22.47
-13.55
-22.57
21.51
-13.53
-22.60
20.53
-13.50
-22.63
19.51
-13.41
-22.71
18.51
-13.50
-22.63
17.60
-13.55
-22.69
16.72
-13.61
-22.92
16.05
-13.86
-22.96
33.96
-13.79
-23.92
33.26
-13.69
-23.65
32.39
-13.67
-23.41
31.43
-13.47
-23.36
30.47
-13.38
-23.31
29.49
-13.31
-23.26
28.51
-13.27
-23.22
27.52
-13.24
-23.14
26.52
-13.23
-23.05
25.50
-13.18
-23.03
24.49
-13.16
-23.03
23.49
-13.11
-23.11
22.51
-13.06
-23.16
21.53
-13.04
-23.15
20.61
-13.02
-23.15
19.87
-13.04
-23.14
16.37
-13.35
-23.55
15.79
-13.70
-23.54
15.45
-13.88
-23.84
35.70
-13.74
-25.28
35.21
-13.69
-24.83
34.57
-13.71
-24.35
20.13
-14.04
-25.01
19.43
-14.01
-25.00
18.62
-14.02
-25.03
17.93
-14.05
-25.09
16.20
-13.12
-24.06
15.77
-13.31
-24.23
15.43
-13.56
-24.58
36.05
-13.67
-25.84
23.13
-13.97
-25.90
22.41
-13.89
-25.75
21.49
-13.78
-25.64
20.49
-13.75
-25.48
19.51
-13.65
-25.56
18.58
-13.66
-25.62
17.64
-13.79
-25.64
16.91
-13.82
-25.80
15.32
-13.33
-25.46
36.38
-13.57
-26.57
25.98
-14.02
-27.16
25.28
-13.69
-27.02
24.39
-13.61
-26.65
23.45
-13.58
-26.36
22.46
-13.37
-26.29
21.49
-13.27
-26.21
20.51
-13.22
-26.14
19.54
-13.20
-26.18
18.59
-13.23
-26.29
17.60
-13.28
-26.49
16.60
-13.50
-26.37
15.84
-13.37
-26.44
15.34
-13.15
-26.26
37.11
-13.86
-27.88
36.82
-13.54
-27.40
27.16
-14.04
-27.93
26.47
-13.83
-27.67
25.73
-13.27
-27.68
17.21
-12.90
-27.15
16.50
-13.03
-27.10
15.80
-12.91
-27.11
15.36
-12.82
-26.88
37.67
-13.73
-29.06
37.37
-13.60
-28.40
37.10
-13.24
-27.94
28.20
-13.85
-28.69
27.49
-13.73
-28.43
26.71
-13.35
-28.30
26.08
-12.93
-28.26
17.01
-12.61
-27.53
16.50
-12.65
-27.55
16.01
-12.63
-27.52
37.85
-13.77
-29.69
37.95
-13.93
-29.88
31.15
-13.80
-29.91
30.44
-13.65
-29.78
29.53
-13.37
-29.64
28.52
-13.38
-29.21
27.59
-13.11
-28.99
26.83
-12.87
-28.80
26.32
-12.69
-28.65
37.83
-13.73
-30.16
37.95
-13.92
-30.04
35.94
-13.98
-30.76
35.29
-13.86
-30.74
34.44
-13.75
-30.69
33.52
-13.66
-30.62
32.58
-13.54
-30.51
31.55
-13.37
-30.37
30.60
-13.16
-30.22
29.91
-12.97
-30.09
37.58
-13.64
-30.58
37.13
-13.51
-30.84
36.33
-13.54
-30.97
35.40
-13.28
-31.07
34.47
-13.15
-31.08
33.54
-13.05
-31.03
32.64
-12.97
-30.94
31.92
-12.91
-30.82
19.15
-13.05
-23.13
18.45
-13.09
-23.15
17.68
-13.16
-23.19
17.08
-13.25
-23.26
33.85
-13.22
-24.15
33.24
-13.09
-24.01
32.40
-13.00
-23.89
31.46
-12.89
-23.83
30.48
-12.83
-23.80
29.49
-12.79
-23.77
28.50
-12.76
-23.74
27.51
-12.74
-23.71
26.51
-12.73
-23.67
25.51
-12.71
-23.65
24.52
-12.67
-23.65
23.54
-12.60
-23.69
22.52
-12.44
-23.76
21.52
-12.49
-23.66
20.52
-12.45
-23.69
19.49
-12.66
-23.55
18.50
-12.65
-23.70
17.63
-12.79
-23.74
16.89
-13.01
-23.73
35.59
-13.17
-25.37
35.10
-12.88
-25.13
34.25
-12.89
-24.61
33.35
-12.59
-24.47
32.43
-12.45
-24.39
31.48
-12.37
-24.34
30.49
-12.32
-24.32
29.50
-12.28
-24.30
28.50
-12.26
-24.28
27.50
-12.25
-24.25
26.51
-12.24
-24.22
25.52
-12.22
-24.21
24.55
-12.18
-24.19
23.63
-12.12
-24.18
22.89
-12.04
-24.17
20.16
-12.04
-24.07
19.43
-12.08
-24.15
18.45
-12.08
-24.41
17.49
-12.39
-24.39
16.58
-12.72
-24.41
15.87
-12.87
-24.76
15.48
-13.04
-25.02
35.84
-12.97
-25.84
35.44
-12.48
-25.71
17.99
-11.80
-24.95
17.34
-11.99
-25.02
16.56
-12.22
-25.15
15.86
-12.44
-25.39
15.36
-12.70
-25.71
36.14
-12.63
-26.56
35.67
-12.19
-26.24
24.89
-13.10
-27.28
24.27
-13.00
-27.10
23.43
-12.88
-26.95
22.47
-12.76
-26.86
21.49
-12.71
-26.76
20.52
-12.69
-26.71
19.57
-12.70
-26.75
18.68
-12.76
-26.84
18.01
-12.88
-26.91
15.09
-12.48
-26.53
14.81
-12.23
-26.83
36.66
-12.59
-27.38
25.08
-12.65
-27.79
24.30
-12.45
-27.58
23.47
-12.21
-27.53
22.49
-12.06
-27.45
21.47
-12.11
-27.27
20.51
-12.12
-27.21
19.57
-12.14
-27.25
18.58
-12.20
-27.39
17.78
-12.56
-27.33
15.54
-12.50
-27.36
15.17
-12.30
-27.13
14.83
-12.16
-27.03
37.68
-13.17
-29.15
37.48
-12.71
-28.76
37.08
-12.62
-28.03
25.59
-12.38
-28.37
23.29
-11.81
-27.83
22.85
-11.74
-27.79
18.05
-11.93
-27.71
17.36
-12.17
-27.72
16.56
-12.16
-27.79
15.85
-12.21
-27.67
15.43
-12.06
-27.54
37.78
-13.12
-29.66
37.68
-12.50
-29.57
29.19
-12.75
-29.93
28.43
-12.53
-29.75
27.55
-12.42
-29.44
26.77
-12.25
-29.19
26.11
-12.22
-28.84
37.75
-13.10
-30.20
37.62
-12.49
-30.28
31.21
-12.79
-30.69
30.53
-12.60
-30.58
29.63
-12.31
-30.38
28.83
-12.11
-30.16
37.57
-13.13
-30.60
37.23
-12.69
-30.88
36.38
-12.66
-31.25
35.45
-12.58
-31.41
34.50
-12.50
-31.45
33.54
-12.41
-31.42
32.57
-12.32
-31.32
31.58
-12.33
-31.08
30.71
-12.07
-30.95
30.08
-11.92
-30.80
22.18
-11.99
-24.13
21.51
-12.00
-24.07
20.85
-12.01
-24.04
34.80
-12.33
-25.30
34.20
-12.21
-25.10
33.37
-12.05
-24.99
32.45
-11.95
-24.92
31.49
-11.88
-24.89
30.51
-11.83
-24.87
29.50
-11.77
-24.86
28.49
-11.76
-24.81
27.49
-11.75
-24.77
26.50
-11.74
-24.75
25.52
-11.72
-24.73
24.55
-11.69
-24.70
23.58
-11.62
-24.65
22.52
-11.54
-24.58
21.49
-11.52
-24.49
20.53
-11.61
-24.42
19.63
-11.55
-24.61
18.85
-11.50
-24.90
35.00
-11.99
-25.76
34.27
-11.72
-25.64
33.40
-11.56
-25.53
32.47
-11.47
-25.46
31.51
-11.41
-25.43
30.53
-11.35
-25.42
29.50
-11.22
-25.47
28.46
-11.26
-25.34
27.48
-11.26
-25.28
26.50
-11.25
-25.25
25.52
-11.23
-25.23
24.56
-11.19
-25.19
23.65
-11.13
-25.14
22.89
-11.06
-25.08
18.19
-11.31
-25.41
17.34
-11.54
-25.60
16.54
-11.75
-25.79
15.84
-12.00
-25.96
15.38
-12.23
-26.11
36.04
-11.91
-26.87
35.36
-11.53
-26.51
34.37
-11.19
-26.24
33.43
-11.04
-26.07
32.48
-10.97
-25.99
31.53
-10.93
-25.94
30.62
-10.90
-25.91
29.87
-10.87
-25.87
17.91
-10.99
-25.94
17.31
-11.09
-26.16
16.52
-11.26
-26.45
15.77
-11.63
-26.54
15.19
-12.01
-26.66
14.84
-12.06
-26.86
37.48
-11.01
-28.48
37.18
-11.27
-28.20
36.56
-11.59
-27.57
35.86
-11.16
-27.15
24.85
-12.10
-28.10
24.33
-11.98
-27.97
23.79
-11.88
-27.88
22.15
-11.48
-27.83
21.36
-11.53
-27.69
20.51
-11.53
-27.62
19.65
-11.55
-27.64
18.87
-11.54
-27.74
16.26
-11.07
-26.92
15.77
-11.32
-27.06
15.26
-11.74
-27.21
14.86
-11.97
-27.06
37.66
-11.03
-28.88
37.44
-11.75
-28.68
37.04
-11.98
-28.08
25.10
-11.72
-28.57
24.33
-11.52
-28.37
23.54
-11.47
-28.17
22.75
-11.33
-28.08
18.24
-11.39
-27.91
17.44
-11.47
-27.96
16.65
-11.53
-27.95
15.96
-11.60
-27.83
15.49
-11.65
-27.63
37.86
-11.02
-29.62
37.70
-11.75
-29.56
28.11
-11.93
-29.96
27.48
-11.75
-29.79
26.65
-11.45
-29.59
25.80
-11.53
-29.11
37.90
-10.99
-30.44
37.66
-11.72
-30.40
29.26
-11.46
-30.68
28.43
-11.48
-30.33
27.62
-11.20
-30.14
27.02
-11.03
-29.98
37.75
-10.92
-31.24
37.27
-11.65
-31.24
36.40
-11.86
-31.63
35.47
-11.89
-31.80
34.52
-11.85
-31.84
33.56
-11.74
-31.83
32.55
-11.51
-31.79
31.56
-11.49
-31.53
30.68
-11.40
-31.29
29.94
-11.35
-31.03
37.60
-10.74
-31.81
37.13
-11.05
-31.94
36.36
-11.22
-32.13
35.47
-11.27
-32.24
34.55
-11.25
-32.26
33.65
-11.18
-32.23
32.93
-11.06
-32.18
22.14
-11.00
-25.01
21.41
-10.98
-24.96
20.55
-11.01
-24.95
19.75
-11.03
-25.05
19.14
-11.07
-25.19
29.13
-10.83
-25.84
28.38
-10.80
-25.80
27.46
-10.77
-25.77
26.49
-10.74
-25.75
25.52
-10.72
-25.72
24.55
-10.68
-25.68
23.58
-10.62
-25.62
22.52
-10.52
-25.54
21.46
-10.46
-25.47
20.56
-10.48
-25.47
19.71
-10.56
-25.54
18.86
-10.74
-25.69
35.13
-10.79
-26.88
34.36
-10.50
-26.76
33.41
-10.46
-26.55
32.46
-10.42
-26.45
31.50
-10.41
-26.40
30.53
-10.41
-26.34
29.50
-10.46
-26.22
28.46
-10.32
-26.25
27.48
-10.26
-26.24
26.50
-10.22
-26.22
25.52
-10.20
-26.20
24.56
-10.16
-26.16
23.65
-10.11
-26.11
22.89
-10.05
-26.05
18.23
-10.58
-26.23
17.50
-10.62
-26.64
16.85
-10.84
-26.77
37.47
-10.69
-28.46
37.12
-10.70
-28.18
36.50
-10.68
-27.78
35.64
-10.35
-27.38
34.82
-10.10
-27.15
21.97
-11.02
-28.14
21.31
-10.99
-28.05
20.50
-10.96
-27.99
19.69
-10.98
-27.96
19.05
-11.04
-27.95
17.23
-10.45
-27.10
16.60
-10.71
-27.19
16.02
-10.95
-27.49
15.55
-11.29
-27.51
37.66
-10.32
-28.84
37.19
-10.12
-28.36
36.61
-10.03
-28.00
36.10
-9.94
-27.76
24.92
-11.12
-28.93
24.29
-10.95
-28.81
23.47
-10.81
-28.67
22.43
-10.62
-28.55
21.40
-10.47
-28.45
20.50
-10.40
-28.36
19.60
-10.42
-28.26
18.63
-10.63
-28.11
17.60
-10.79
-28.04
16.76
-10.93
-27.98
16.09
-11.04
-27.82
15.63
-11.29
-27.71
38.00
-10.26
-29.65
26.20
-10.67
-29.83
25.33
-10.73
-29.41
24.42
-10.42
-29.28
23.57
-10.24
-29.15
22.83
-10.12
-29.05
38.13
-10.24
-30.50
29.07
-10.72
-30.98
28.35
-10.68
-30.69
27.57
-10.54
-30.46
26.81
-10.46
-30.22
38.06
-10.23
-31.36
32.19
-10.90
-32.09
31.44
-10.71
-31.96
30.56
-10.68
-31.65
29.74
-10.62
-31.34
37.78
-10.18
-32.18
37.13
-10.50
-32.46
36.36
-10.66
-32.62
35.47
-10.71
-32.70
34.54
-10.70
-32.70
33.61
-10.63
-32.64
32.61
-10.50
-32.51
31.83
-10.34
-32.36
37.64
-9.86
-32.79
37.12
-10.02
-32.98
36.35
-10.13
-33.11
35.47
-10.18
-33.16
34.55
-10.17
-33.15
33.66
-10.13
-33.08
32.95
-10.07
-32.97
22.14
-9.98
-26.01
21.40
-9.93
-26.00
20.54
-9.98
-26.00
19.72
-10.10
-26.05
19.08
-10.26
-26.12
34.05
-9.93
-26.99
33.33
-9.86
-26.91
32.43
-9.82
-26.86
31.48
-9.82
-26.83
30.50
-9.82
-26.79
29.50
-9.81
-26.75
28.49
-9.74
-26.73
27.49
-9.70
-26.71
26.50
-9.67
-26.68
25.52
-9.64
-26.65
24.55
-9.61
-26.62
23.59
-9.57
-26.57
22.54
-9.50
-26.51
21.45
-9.38
-26.59
20.50
-9.50
-26.55
19.62
-9.68
-26.62
18.71
-10.03
-26.68
17.94
-10.23
-26.92
35.40
-9.42
-27.57
34.43
-9.42
-27.30
33.41
-9.20
-27.23
32.41
-9.14
-27.23
31.44
-9.19
-27.22
30.48
-9.21
-27.21
29.50
-9.18
-27.20
28.50
-9.12
-27.19
27.49
-9.09
-27.14
26.50
-9.06
-27.10
25.52
-9.03
-27.07
24.55
-9.02
-27.04
23.64
-9.01
-26.99
22.90
-9.03
-26.92
21.12
-8.99
-26.98
20.44
-9.04
-27.07
19.61
-9.18
-27.25
18.75
-9.53
-27.52
17.66
-10.14
-27.43
16.83
-10.44
-27.57
16.35
-10.62
-27.67
37.76
-9.41
-28.97
37.24
-9.37
-28.47
36.63
-9.35
-28.11
36.04
-9.39
-27.85
22.10
-10.01
-28.96
21.36
-9.90
-28.87
20.50
-9.81
-28.76
19.64
-9.72
-28.60
18.78
-9.58
-28.28
17.69
-10.21
-27.93
16.87
-10.51
-27.87
16.38
-10.66
-27.84
38.15
-9.40
-29.70
25.99
-10.08
-30.11
25.30
-9.98
-29.91
24.44
-9.80
-29.74
23.53
-9.66
-29.60
22.49
-9.52
-29.45
21.45
-9.37
-29.33
20.56
-9.25
-29.21
19.76
-9.12
-29.05
19.18
-9.00
-28.86
38.37
-9.40
-30.56
28.92
-10.15
-31.24
28.29
-10.03
-31.05
27.48
-9.87
-30.84
26.46
-9.63
-30.60
25.40
-9.34
-30.40
24.47
-9.19
-30.20
23.59
-9.10
-30.04
22.86
-9.05
-29.91
38.38
-9.45
-31.45
31.10
-10.17
-32.19
30.40
-10.02
-32.02
29.38
-9.76
-31.75
28.40
-9.49
-31.49
27.57
-9.31
-31.28
26.88
-9.17
-31.10
38.22
-9.43
-32.31
32.21
-9.96
-32.82
31.45
-9.82
-32.63
30.58
-9.50
-32.52
29.79
-9.21
-32.40
37.89
-9.27
-33.11
37.18
-9.48
-33.41
36.37
-9.58
-33.56
35.47
-9.62
-33.60
34.53
-9.61
-33.58
33.58
-9.58
-33.49
32.60
-9.54
-33.29
31.58
-9.13
-33.27
30.66
-8.98
-33.02
30.02
-8.85
-32.84
37.78
-8.86
-33.67
37.20
-8.94
-33.86
36.39
-8.99
-33.98
35.47
-9.01
-34.01
34.52
-9.00
-33.98
33.59
-8.97
-33.91
32.71
-8.91
-33.78
32.03
-8.79
-33.70
22.26
-9.02
-26.90
21.73
-8.99
-26.92
36.18
-8.17
-27.92
35.51
-8.47
-27.73
34.46
-8.43
-27.53
33.41
-8.35
-27.48
32.30
-8.29
-27.56
31.38
-8.53
-27.56
30.46
-8.58
-27.58
29.52
-8.55
-27.60
28.50
-8.40
-27.64
27.47
-8.44
-27.54
26.50
-8.41
-27.49
25.51
-8.36
-27.47
24.53
-8.36
-27.43
23.54
-8.40
-27.39
22.53
-8.58
-27.26
21.49
-8.60
-27.30
20.56
-8.53
-27.52
19.72
-8.55
-27.82
19.11
-8.84
-27.98
37.84
-8.48
-28.96
37.27
-8.56
-28.46
36.59
-8.58
-28.10
36.05
-8.82
-27.90
31.82
-7.97
-27.75
31.25
-7.98
-27.80
30.44
-7.97
-27.86
29.58
-7.95
-27.90
28.86
-7.93
-27.91
19.45
-8.24
-28.31
19.01
-8.48
-28.59
18.78
-8.18
-28.89
38.31
-8.46
-29.69
22.13
-8.97
-29.82
21.41
-8.84
-29.77
20.58
-8.70
-29.66
19.81
-8.54
-29.47
19.16
-8.30
-29.18
18.81
-8.13
-29.08
38.98
-7.90
-31.05
38.67
-8.40
-30.61
26.14
-8.94
-30.98
25.35
-8.60
-30.92
24.41
-8.57
-30.64
23.49
-8.53
-30.45
22.50
-8.54
-30.24
21.52
-8.32
-30.21
20.66
-8.16
-30.10
19.93
-8.01
-29.91
19.43
-7.96
-29.66
39.08
-7.96
-31.68
38.73
-8.66
-31.54
28.97
-9.13
-32.06
28.33
-8.92
-31.94
27.51
-8.74
-31.73
26.62
-8.60
-31.46
25.82
-8.16
-31.46
39.06
-8.01
-32.46
38.65
-8.70
-32.39
29.20
-8.76
-32.51
28.42
-8.33
-32.52
27.53
-8.17
-32.25
26.73
-7.98
-32.03
26.12
-7.83
-31.86
38.93
-7.93
-33.22
38.44
-8.57
-33.19
31.22
-8.45
-33.65
30.47
-8.41
-33.39
29.62
-8.35
-33.07
28.87
-8.02
-33.00
38.69
-7.82
-33.80
38.12
-8.25
-33.90
37.31
-8.32
-34.23
36.42
-8.33
-34.38
35.47
-8.35
-34.39
34.51
-8.35
-34.35
33.56
-8.31
-34.27
32.65
-8.27
-34.15
31.83
-8.28
-33.96
37.60
-7.04
-28.41
37.14
-7.18
-28.17
36.40
-7.45
-27.94
35.47
-7.47
-27.73
34.47
-7.46
-27.61
33.45
-7.42
-27.61
32.39
-7.37
-27.72
31.79
-7.04
-27.86
28.13
-7.88
-27.89
27.40
-7.83
-27.87
26.50
-7.75
-27.85
25.52
-7.60
-27.89
24.51
-7.67
-27.84
23.49
-7.65
-27.88
22.48
-7.85
-27.80
21.53
-7.94
-27.83
20.67
-7.99
-27.95
20.02
-8.07
-28.09
37.88
-7.47
-28.80
37.30
-7.79
-28.36
36.79
-7.94
-28.12
31.86
-7.59
-27.82
31.31
-7.34
-27.93
30.44
-7.27
-28.04
29.50
-7.27
-28.12
28.49
-7.38
-28.12
27.50
-7.23
-28.17
26.61
-7.16
-28.17
25.89
-7.13
-28.17
23.11
-7.22
-28.22
22.39
-7.29
-28.24
21.51
-7.37
-28.31
20.63
-7.49
-28.41
19.79
-7.74
-28.54
19.15
-7.84
-28.91
18.80
-7.97
-28.98
38.43
-7.49
-29.56
19.12
-7.76
-29.32
18.80
-7.94
-29.13
39.12
-7.27
-30.88
38.80
-7.51
-30.28
24.95
-8.05
-31.18
24.28
-7.99
-31.03
23.43
-7.92
-30.89
22.51
-7.86
-30.76
21.59
-7.73
-30.67
20.75
-7.57
-30.53
20.04
-7.38
-30.27
19.45
-7.55
-29.80
39.69
-6.75
-32.06
39.41
-7.16
-31.69
25.18
-7.60
-31.62
24.30
-7.44
-31.45
23.43
-7.34
-31.33
22.53
-7.25
-31.22
21.66
-7.14
-31.11
20.91
-7.01
-30.94
20.39
-6.97
-30.71
39.73
-6.79
-32.55
39.43
-7.32
-32.51
28.16
-7.77
-32.88
27.49
-7.60
-32.71
26.65
-7.30
-32.53
25.82
-7.34
-32.10
39.70
-6.77
-33.04
39.35
-7.16
-33.35
31.02
-7.96
-33.91
30.38
-7.84
-33.77
29.56
-7.67
-33.57
28.58
-7.37
-33.38
27.65
-7.11
-33.15
27.03
-6.94
-32.97
38.87
-7.18
-34.17
38.17
-7.54
-34.46
37.37
-7.66
-34.68
36.45
-7.60
-34.83
35.45
-7.68
-34.76
34.49
-7.67
-34.71
33.52
-7.62
-34.64
32.52
-7.54
-34.51
31.46
-7.56
-34.26
30.51
-7.28
-34.15
29.68
-7.12
-33.99
29.03
-6.99
-33.85
38.67
-6.83
-34.74
38.16
-6.97
-34.95
37.45
-7.09
-35.09
36.80
-7.14
-35.14
37.65
-6.48
-28.40
37.11
-6.44
-28.12
36.35
-6.48
-27.89
35.44
-6.50
-27.72
34.48
-6.49
-27.63
33.50
-6.47
-27.64
32.53
-6.44
-27.74
31.65
-6.37
-27.91
31.05
-6.09
-28.04
25.18
-7.11
-28.17
24.50
-7.10
-28.20
23.82
-7.16
-28.20
38.06
-6.53
-28.86
31.15
-6.72
-28.01
30.49
-6.41
-28.16
29.46
-6.41
-28.35
28.47
-6.51
-28.44
27.50
-6.53
-28.50
26.54
-6.55
-28.52
25.54
-6.66
-28.49
24.49
-6.54
-28.66
23.45
-6.77
-28.57
22.46
-6.78
-28.70
21.54
-6.85
-28.80
20.67
-6.98
-28.92
19.92
-7.19
-29.05
19.42
-7.39
-29.15
38.90
-6.15
-30.03
38.58
-6.51
-29.58
24.12
-6.14
-29.07
23.38
-6.22
-29.12
22.48
-6.27
-29.22
21.58
-6.36
-29.34
20.75
-6.52
-29.46
20.03
-6.78
-29.65
19.45
-7.24
-29.50
39.16
-6.42
-30.58
38.88
-6.82
-30.13
20.02
-6.80
-30.22
19.55
-7.17
-29.86
39.79
-6.20
-31.98
39.53
-6.33
-31.37
24.94
-7.02
-31.95
24.28
-6.87
-31.86
23.44
-6.76
-31.76
22.57
-6.66
-31.66
21.75
-6.53
-31.53
21.05
-6.31
-31.29
20.43
-6.53
-30.80
39.89
-6.19
-32.60
26.20
-6.58
-32.81
25.34
-6.62
-32.41
24.39
-6.30
-32.31
23.48
-6.17
-32.19
22.61
-6.08
-32.08
21.87
-5.99
-31.95
21.37
-5.89
-31.77
39.83
-6.23
-33.21
39.60
-6.42
-33.72
28.25
-6.60
-33.78
27.52
-6.49
-33.52
26.79
-6.40
-33.22
39.27
-6.37
-34.37
36.10
-7.13
-35.14
35.38
-7.11
-35.12
34.48
-7.05
-35.09
33.52
-6.94
-35.04
32.46
-6.72
-34.99
31.44
-6.74
-34.73
30.51
-6.62
-34.56
29.64
-6.51
-34.37
28.86
-6.46
-34.14
38.85
-6.26
-34.98
38.20
-6.29
-35.40
37.37
-6.53
-35.49
36.45
-6.69
-35.45
35.47
-6.58
-35.51
34.54
-6.49
-35.51
33.64
-6.38
-35.48
32.83
-6.19
-35.47
37.93
-5.89
-35.82
37.29
-5.97
-35.91
36.43
-6.04
-35.94
35.49
-6.01
-35.96
34.56
-5.96
-35.94
33.70
-5.89
-35.89
33.03
-5.82
-35.82
37.63
-5.92
-28.42
37.16
-5.64
-28.21
36.34
-5.56
-27.95
35.43
-5.55
-27.76
34.48
-5.54
-27.66
33.52
-5.53
-27.67
32.59
-5.51
-27.76
31.73
-5.48
-27.92
31.05
-5.47
-28.08
37.96
-5.65
-28.81
37.54
-5.32
-28.51
30.37
-5.46
-28.30
29.38
-5.40
-28.61
28.41
-5.69
-28.74
27.47
-5.79
-28.86
26.51
-5.87
-28.96
25.59
-6.01
-28.98
24.85
-6.08
-29.02
38.87
-5.50
-30.01
38.46
-5.54
-29.46
28.91
-4.91
-28.89
28.28
-5.00
-29.04
27.44
-5.06
-29.23
26.42
-5.10
-29.50
25.45
-5.45
-29.49
24.47
-5.70
-29.46
23.47
-5.72
-29.63
22.53
-5.78
-29.77
21.64
-5.88
-29.91
20.88
-6.10
-29.99
20.37
-6.33
-30.02
39.22
-5.47
-30.59
25.92
-4.76
-29.94
25.27
-4.96
-30.00
24.42
-5.12
-30.06
23.50
-5.20
-30.18
22.59
-5.28
-30.33
21.71
-5.38
-30.56
20.96
-5.79
-30.57
20.40
-6.22
-30.43
39.86
-5.41
-31.97
39.58
-5.44
-31.29
21.50
-5.14
-31.09
21.08
-5.55
-31.29
20.56
-6.08
-30.86
39.98
-5.41
-32.68
25.99
-6.00
-33.10
25.32
-5.86
-32.91
24.42
-5.57
-32.81
23.48
-5.54
-32.63
22.63
-5.48
-32.51
21.91
-5.40
-32.33
21.40
-5.34
-32.00
39.95
-5.44
-33.50
39.76
-5.82
-33.92
28.06
-6.06
-34.07
27.40
-5.84
-33.91
26.44
-5.58
-33.60
25.49
-5.29
-33.36
24.79
-5.15
-33.20
39.87
-5.14
-34.15
39.58
-5.54
-34.52
32.00
-6.21
-35.22
31.33
-6.12
-35.12
30.46
-5.97
-35.00
29.54
-5.87
-34.79
28.54
-5.75
-34.51
27.60
-5.21
-34.47
26.83
-5.08
-34.14
39.09
-5.45
-35.29
38.54
-5.71
-35.61
32.20
-5.83
-35.58
31.40
-5.58
-35.57
30.48
-5.30
-35.53
29.54
-5.25
-35.28
28.69
-5.11
-35.08
28.04
-4.89
-34.96
38.80
-5.10
-35.83
38.21
-5.33
-36.04
37.35
-5.37
-36.28
36.44
-5.42
-36.37
35.49
-5.42
-36.40
34.54
-5.40
-36.37
33.59
-5.36
-36.29
32.59
-5.35
-36.08
31.60
-5.07
-36.05
30.85
-4.92
-35.95
36.99
-4.97
-28.29
36.32
-4.61
-28.14
35.38
-4.62
-27.87
34.46
-4.62
-27.75
33.53
-4.61
-27.74
32.61
-4.59
-27.82
31.69
-4.56
-28.01
31.09
-4.85
-28.13
37.91
-4.95
-28.98
37.40
-4.70
-28.65
36.84
-4.17
-28.53
31.17
-4.19
-28.22
30.58
-4.52
-28.38
29.72
-4.47
-28.71
38.79
-4.84
-30.02
38.29
-4.51
-29.55
37.60
-4.11
-29.09
37.13
-3.86
-28.85
29.05
-4.30
-29.01
28.34
-4.28
-29.25
27.56
-4.29
-29.51
26.76
-4.27
-29.84
39.11
-4.50
-30.54
38.71
-4.14
-30.10
26.01
-4.15
-30.29
25.23
-4.42
-30.44
24.40
-4.57
-30.56
23.52
-4.67
-30.67
22.68
-4.77
-30.79
22.05
-4.88
-30.92
39.88
-4.55
-31.99
39.57
-4.52
-31.30
25.69
-3.79
-30.69
25.14
-3.89
-30.84
24.38
-3.99
-30.99
23.52
-4.10
-31.11
22.67
-4.24
-31.25
21.87
-4.52
-31.42
21.42
-4.65
-31.86
40.03
-4.54
-32.73
24.10
-5.04
-33.09
23.42
-4.96
-33.03
22.63
-4.87
-32.98
21.93
-4.76
-32.82
21.48
-4.51
-32.54
40.05
-4.51
-33.54
26.09
-4.88
-33.91
25.37
-4.61
-33.78
24.44
-4.64
-33.48
23.51
-4.43
-33.49
22.64
-4.24
-33.56
21.94
-4.20
-33.41
21.52
-3.96
-33.30
39.94
-4.43
-34.41
39.71
-4.85
-34.79
27.20
-4.49
-34.80
26.44
-4.47
-34.38
25.74
-4.24
-34.20
22.35
-3.83
-33.95
21.89
-3.78
-33.89
21.56
-3.67
-33.79
39.83
-4.14
-35.09
39.49
-4.57
-35.41
30.14
-4.80
-35.84
29.46
-4.70
-35.70
28.67
-4.54
-35.52
27.85
-4.31
-35.31
39.00
-4.48
-36.06
38.28
-4.50
-36.52
37.37
-4.70
-36.70
36.44
-4.79
-36.79
35.49
-4.82
-36.82
34.52
-4.80
-36.81
33.55
-4.75
-36.74
32.58
-4.65
-36.63
31.55
-4.39
-36.56
30.50
-4.38
-36.27
29.53
-4.15
-36.14
28.71
-3.99
-35.96
28.09
-3.88
-35.77
38.02
-4.02
-36.98
37.33
-4.09
-37.13
36.43
-4.18
-37.21
35.49
-4.21
-37.24
34.52
-4.19
-37.23
33.56
-4.12
-37.19
32.64
-4.07
-37.07
31.93
-3.99
-36.97
35.97
-3.77
-28.23
35.26
-3.79
-28.01
34.43
-3.77
-27.89
33.54
-3.76
-27.87
32.68
-3.75
-27.94
31.91
-3.71
-28.10
36.46
-3.52
-28.57
31.30
-3.51
-28.35
30.59
-3.63
-28.58
29.88
-3.65
-28.85
38.13
-3.49
-29.77
37.52
-3.37
-29.35
36.93
-3.30
-28.97
29.22
-3.50
-29.15
28.45
-3.48
-29.43
27.69
-3.50
-29.71
26.99
-3.49
-30.04
39.11
-3.51
-30.80
38.63
-3.42
-30.26
26.38
-3.40
-30.45
39.85
-3.72
-32.07
39.54
-3.58
-31.46
25.84
-3.25
-30.85
25.18
-3.27
-31.14
24.39
-3.32
-31.36
23.53
-3.45
-31.52
22.70
-3.58
-31.71
21.94
-3.70
-32.04
21.53
-4.05
-32.19
40.02
-3.70
-32.75
21.68
-3.31
-32.67
21.45
-3.81
-32.70
40.08
-3.61
-33.55
25.06
-4.08
-34.05
24.39
-4.02
-33.95
23.60
-3.92
-33.93
22.94
-3.86
-33.95
21.51
-3.08
-33.19
21.41
-3.38
-33.41
40.05
-3.47
-34.44
26.93
-3.96
-35.05
26.28
-3.69
-34.89
25.37
-3.69
-34.49
24.45
-3.50
-34.41
23.57
-3.42
-34.38
22.66
-3.39
-34.37
21.93
-3.34
-34.29
21.52
-3.19
-34.09
39.92
-3.40
-35.40
39.61
-3.90
-35.75
27.30
-3.71
-35.45
26.71
-3.26
-35.45
22.37
-2.94
-34.76
21.92
-2.90
-34.69
21.60
-2.88
-34.54
39.77
-3.05
-36.23
39.28
-3.70
-36.37
38.68
-3.89
-36.73
31.19
-3.84
-36.88
30.43
-3.62
-36.81
29.49
-3.51
-36.58
28.61
-3.36
-36.35
27.73
-3.30
-35.98
27.08
-3.01
-35.84
39.64
-2.80
-36.77
39.17
-3.10
-36.99
38.38
-3.45
-37.22
37.42
-3.41
-37.57
36.44
-3.57
-37.63
35.49
-3.62
-37.66
34.54
-3.58
-37.66
33.53
-3.44
-37.66
32.54
-3.49
-37.46
31.60
-3.50
-37.25
30.85
-3.29
-37.20
37.09
-2.99
-37.95
36.37
-3.03
-38.02
35.49
-3.05
-38.05
34.61
-3.04
-38.04
33.88
-3.02
-38.00
35.76
-3.22
-28.33
35.21
-3.08
-28.23
34.41
-3.01
-28.12
33.54
-3.00
-28.08
32.71
-3.03
-28.14
32.05
-3.09
-28.24
36.05
-2.88
-28.65
35.34
-2.38
-28.62
34.41
-2.30
-28.43
33.51
-2.30
-28.37
32.60
-2.37
-28.42
31.57
-2.58
-28.58
30.63
-2.85
-28.80
30.00
-3.02
-28.98
37.98
-2.66
-29.96
37.37
-2.58
-29.57
36.57
-2.47
-29.15
35.90
-2.09
-28.99
31.04
-2.06
-28.92
30.38
-2.21
-29.09
29.50
-2.57
-29.29
28.55
-2.64
-29.61
27.78
-2.72
-29.90
27.16
-2.76
-30.20
39.01
-2.58
-31.00
38.48
-2.57
-30.42
26.61
-2.64
-30.59
39.80
-3.08
-32.17
39.50
-2.60
-31.78
26.00
-2.48
-31.04
25.27
-2.53
-31.41
24.43
-2.53
-31.75
23.54
-2.78
-31.91
22.77
-2.96
-32.09
22.21
-3.10
-32.28
39.94
-2.94
-32.74
39.76
-2.26
-32.59
24.11
-2.07
-32.12
23.47
-2.18
-32.31
22.73
-2.41
-32.53
22.06
-2.69
-32.80
40.04
-2.76
-33.49
39.93
-2.09
-33.32
21.68
-2.55
-33.49
21.44
-2.84
-33.74
40.11
-2.41
-34.37
40.03
-1.97
-33.89
25.91
-3.11
-35.14
25.27
-3.04
-34.97
24.45
-2.94
-34.88
23.63
-2.91
-34.83
22.97
-2.93
-34.79
21.62
-2.26
-34.08
21.49
-2.58
-34.26
40.15
-2.38
-35.40
26.15
-2.68
-35.62
25.30
-2.50
-35.45
24.45
-2.41
-35.36
23.57
-2.40
-35.29
22.70
-2.49
-35.12
22.02
-2.38
-34.99
21.62
-2.48
-34.71
40.08
-2.24
-36.29
30.13
-3.08
-37.12
29.43
-2.88
-37.03
28.53
-2.60
-36.87
27.61
-2.54
-36.48
26.81
-2.49
-36.10
39.82
-2.19
-37.01
39.23
-2.39
-37.52
38.46
-2.77
-37.71
37.79
-2.91
-37.85
33.15
-2.98
-37.94
32.42
-2.93
-37.85
31.52
-2.87
-37.71
30.54
-2.75
-37.53
29.60
-2.36
-37.55
28.88
-2.23
-37.36
38.95
-2.07
-38.03
38.32
-2.27
-38.16
37.43
-2.50
-38.23
36.45
-2.48
-38.38
35.49
-2.48
-38.43
34.53
-2.50
-38.41
33.51
-2.56
-38.29
32.49
-2.41
-38.28
31.54
-2.31
-38.20
30.64
-2.20
-38.09
29.94
-2.05
-38.01
35.09
-1.63
-28.91
34.33
-1.62
-28.74
33.50
-1.62
-28.68
32.65
-1.65
-28.72
31.85
-1.67
-28.85
37.87
-2.04
-30.11
37.34
-1.84
-29.87
36.57
-1.51
-29.62
35.73
-1.48
-29.25
31.20
-1.42
-29.12
30.35
-1.41
-29.36
29.34
-1.47
-29.65
28.49
-1.81
-29.87
27.75
-2.00
-30.13
27.26
-2.21
-30.32
38.82
-1.68
-31.12
38.20
-1.64
-30.54
37.51
-1.28
-30.23
36.96
-1.10
-30.02
28.88
-1.09
-29.91
28.33
-1.15
-30.12
27.50
-1.31
-30.49
26.90
-1.91
-30.66
39.24
-1.56
-31.78
26.89
-1.10
-30.93
26.21
-1.49
-31.25
25.39
-1.80
-31.66
24.77
-1.95
-31.91
39.58
-1.42
-32.56
25.75
-1.14
-31.71
25.21
-1.22
-31.98
24.42
-1.50
-32.28
23.52
-1.50
-32.74
22.75
-1.84
-32.98
22.25
-2.13
-33.13
39.84
-1.34
-33.32
23.17
-1.11
-33.23
22.60
-1.35
-33.56
22.07
-1.91
-33.65
40.18
-1.43
-34.60
40.02
-1.39
-33.96
22.31
-1.16
-34.14
21.92
-1.66
-34.43
21.62
-2.10
-34.56
40.32
-1.41
-35.48
25.95
-2.12
-36.00
25.29
-1.98
-35.93
24.46
-1.88
-35.88
23.58
-1.82
-35.84
22.76
-1.79
-35.67
22.08
-1.61
-35.29
21.69
-2.07
-34.89
40.61
-0.82
-36.73
40.40
-1.26
-36.42
28.14
-2.04
-37.16
27.36
-1.79
-36.99
26.37
-1.79
-36.52
25.41
-1.50
-36.47
24.52
-1.36
-36.46
23.61
-1.24
-36.51
22.84
-1.22
-36.33
22.33
-0.96
-36.18
40.53
-0.81
-37.09
40.14
-1.24
-37.37
39.57
-1.73
-37.77
29.23
-1.90
-37.87
28.52
-1.75
-37.67
27.75
-1.39
-37.63
23.31
-0.87
-36.92
22.83
-0.80
-36.85
22.45
-0.65
-36.74
39.82
-0.94
-38.20
39.20
-1.49
-38.33
38.35
-1.69
-38.60
37.44
-1.84
-38.73
36.47
-1.88
-38.82
35.50
-1.90
-38.87
34.51
-1.91
-38.86
33.50
-1.91
-38.81
32.50
-1.85
-38.78
31.53
-1.78
-38.71
30.58
-1.70
-38.60
29.60
-1.59
-38.39
28.64
-1.22
-38.39
27.96
-1.08
-38.14
39.61
-0.69
-38.70
39.10
-0.89
-38.92
38.33
-1.11
-39.11
37.43
-1.24
-39.23
36.48
-1.30
-39.30
35.50
-1.33
-39.35
34.50
-1.36
-39.36
33.50
-1.36
-39.34
32.51
-1.34
-39.32
31.53
-1.30
-39.27
30.58
-1.21
-39.19
29.67
-1.09
-39.07
28.95
-0.91
-38.97
34.91
-1.12
-29.14
34.29
-1.04
-29.06
33.49
-1.00
-29.01
32.68
-1.02
-29.02
32.02
-1.08
-29.07
36.17
-0.73
-29.87
35.31
-0.75
-29.52
34.38
-0.50
-29.45
33.49
-0.41
-29.39
32.56
-0.42
-29.38
31.55
-0.61
-29.38
30.48
-0.55
-29.59
29.48
-0.51
-29.84
28.98
-0.17
-30.05
38.69
-0.98
-31.25
38.18
-0.70
-30.94
37.47
-0.60
-30.55
36.77
-0.55
-30.23
28.94
-0.66
-29.98
28.44
-0.39
-30.22
27.57
-0.44
-30.62
38.95
-0.60
-31.78
38.48
-0.30
-31.39
26.91
-0.50
-31.01
26.21
-0.53
-31.44
25.70
-0.16
-31.78
39.41
-0.53
-32.60
25.74
-0.70
-31.81
25.16
-0.45
-32.19
24.42
-0.78
-32.59
23.79
-0.92
-32.92
39.99
-0.17
-34.01
39.78
-0.48
-33.46
24.71
-0.17
-32.59
24.20
-0.27
-32.89
23.39
-0.49
-33.38
22.82
-0.77
-33.79
40.18
-0.49
-34.55
40.00
-0.79
-33.99
22.95
-0.27
-33.92
22.48
-0.49
-34.38
22.13
-0.97
-34.77
40.45
-0.50
-35.44
22.21
-0.21
-35.23
22.10
-0.77
-35.41
40.71
-0.33
-36.63
40.61
-0.51
-36.15
26.94
-1.29
-37.26
26.29
-1.15
-37.12
25.45
-0.96
-37.06
24.59
-0.88
-37.01
23.92
-0.88
-36.96
22.11
-0.00
-35.81
22.14
-0.27
-36.21
40.66
-0.29
-37.12
40.43
-0.33
-37.62
27.14
-0.98
-37.75
26.37
-0.67
-37.74
25.47
-0.39
-37.74
24.50
-0.34
-37.61
23.61
-0.50
-37.34
22.88
-0.35
-37.29
22.36
-0.10
-37.05
40.12
-0.23
-38.29
28.23
-0.75
-38.75
27.50
-0.63
-38.44
26.56
-0.19
-38.44
25.82
-0.05
-38.25
24.15
0.03
-37.95
23.54
0.04
-37.86
22.90
0.12
-37.76
22.49
0.23
-37.59
39.75
-0.14
-38.90
39.12
-0.17
-39.45
38.30
-0.52
-39.62
37.42
-0.69
-39.73
36.48
-0.76
-39.82
35.49
-0.79
-39.89
34.49
-0.85
-39.90
33.49
-0.88
-39.90
32.51
-0.88
-39.89
31.53
-0.84
-39.86
30.57
-0.75
-39.80
29.60
-0.59
-39.68
28.56
-0.38
-39.42
27.61
-0.15
-39.13
26.91
0.09
-38.98
38.79
0.16
-40.00
38.21
-0.04
-40.12
37.40
-0.18
-40.23
36.50
-0.24
-40.34
35.50
-0.23
-40.50
34.46
-0.36
-40.47
33.48
-0.43
-40.48
32.51
-0.45
-40.48
31.54
-0.41
-40.46
30.60
-0.30
-40.42
29.66
-0.06
-40.39
28.89
0.03
-40.10
35.14
0.12
-40.94
34.38
0.09
-41.01
33.46
0.02
-41.04
32.50
-0.01
-41.05
31.57
0.01
-41.04
30.69
0.11
-40.99
29.99
0.25
-40.92
35.97
-0.18
-30.13
35.29
-0.04
-30.01
34.41
0.11
-29.89
33.49
0.21
-29.82
32.55
0.27
-29.79
31.53
0.36
-29.83
30.53
0.27
-29.85
29.68
0.28
-29.97
29.02
0.37
-30.13
37.93
-0.08
-31.08
37.32
0.07
-30.85
36.42
0.18
-30.55
35.43
0.62
-30.53
34.44
0.71
-30.35
33.52
0.81
-30.25
32.61
0.89
-30.19
31.87
0.90
-30.13
28.36
0.43
-30.39
27.39
0.43
-30.76
26.55
0.74
-31.08
25.91
0.90
-31.32
38.79
0.26
-32.03
38.18
0.35
-31.53
37.38
0.70
-31.30
36.54
0.88
-31.07
35.82
1.05
-30.94
26.90
0.04
-31.02
26.34
0.19
-31.30
25.63
0.46
-31.66
39.21
0.36
-32.69
24.97
0.32
-32.22
24.48
0.55
-32.49
39.93
0.46
-34.05
39.62
0.42
-33.43
24.65
0.18
-32.60
24.15
0.32
-32.86
23.34
0.32
-33.42
22.81
0.64
-33.77
40.20
0.46
-34.71
22.96
0.15
-33.92
22.53
0.37
-34.36
40.71
0.60
-36.04
40.54
0.41
-35.59
22.19
0.42
-35.20
40.77
0.34
-36.47
40.69
0.08
-36.07
22.03
0.49
-35.85
21.95
0.56
-36.43
40.74
0.37
-37.06
40.58
0.50
-37.62
25.21
0.03
-38.11
24.72
0.04
-38.01
22.09
0.67
-37.19
40.32
0.60
-38.34
26.19
0.28
-38.80
25.42
0.41
-38.60
24.45
0.42
-38.35
23.59
0.57
-38.29
22.89
0.69
-38.13
22.37
0.78
-37.81
39.97
0.65
-39.04
39.48
0.67
-39.69
28.17
0.18
-39.85
27.48
0.38
-39.64
26.58
0.63
-39.37
25.80
0.82
-39.16
38.93
0.78
-40.36
38.20
0.48
-40.58
37.41
0.32
-40.71
36.58
0.22
-40.80
35.87
0.17
-40.87
29.26
0.43
-40.74
28.48
0.61
-40.46
27.58
0.89
-40.17
26.90
1.04
-39.90
38.68
1.13
-40.91
38.14
0.96
-41.06
37.38
0.81
-41.19
36.50
0.68
-41.27
35.52
0.53
-41.29
34.47
0.63
-41.56
33.45
0.50
-41.57
32.50
0.46
-41.59
31.57
0.48
-41.58
30.66
0.58
-41.51
29.68
0.81
-41.33
28.88
0.99
-41.03
34.12
1.01
-41.97
33.39
0.98
-42.03
32.50
0.97
-42.09
31.59
1.00
-42.12
30.75
1.05
-42.04
30.10
1.18
-41.93
31.15
0.92
-30.10
30.46
0.92
-30.11
29.69
0.91
-30.16
29.10
0.87
-30.24
35.11
1.18
-30.83
34.39
1.29
-30.74
33.51
1.41
-30.66
32.52
1.57
-30.62
31.48
1.41
-30.41
30.49
1.51
-30.43
29.57
1.48
-30.45
28.61
1.26
-30.51
27.50
1.32
-30.77
26.52
1.43
-31.02
25.51
1.48
-31.30
24.48
1.80
-31.43
23.57
2.04
-31.49
22.73
2.26
-31.50
22.09
2.40
-31.53
38.66
0.87
-32.24
38.16
1.08
-31.99
37.38
1.45
-31.83
36.47
1.55
-31.51
35.48
1.64
-31.24
34.49
1.88
-31.13
33.60
1.99
-31.03
32.87
2.05
-30.95
25.08
1.03
-31.69
24.32
1.36
-31.81
23.48
1.62
-31.88
22.64
1.88
-31.93
21.83
2.20
-31.92
21.29
2.40
-32.09
38.90
1.20
-32.79
38.29
1.57
-32.47
37.73
1.84
-32.30
24.78
0.79
-32.08
24.20
0.96
-32.32
23.40
1.26
-32.45
22.57
1.55
-32.61
21.77
1.93
-32.65
21.15
2.28
-32.62
39.83
1.08
-34.10
39.43
1.32
-33.60
23.92
0.74
-32.76
23.31
0.89
-33.04
22.50
1.19
-33.48
21.60
1.79
-33.54
21.09
2.16
-33.23
40.03
1.43
-34.71
39.62
1.78
-34.18
22.16
1.06
-34.41
21.59
1.62
-34.49
40.69
1.00
-36.09
40.47
1.39
-35.72
21.96
1.01
-35.23
21.56
1.54
-35.40
40.76
0.97
-36.52
40.63
1.58
-36.55
21.89
0.97
-35.83
21.65
1.39
-36.32
40.76
0.92
-37.00
40.65
1.41
-37.39
21.81
1.52
-37.31
40.47
1.54
-38.33
25.07
0.97
-38.99
24.38
1.06
-38.85
23.59
1.20
-38.73
22.86
1.36
-38.52
22.21
1.65
-38.14
40.18
1.55
-39.14
39.78
1.51
-39.85
26.18
1.22
-39.68
25.40
1.43
-39.50
24.45
1.65
-39.32
23.61
1.85
-39.17
22.88
1.98
-38.94
22.40
2.09
-38.68
39.34
1.58
-40.54
28.15
1.26
-40.79
27.46
1.60
-40.63
26.55
1.62
-40.16
25.81
1.85
-39.98
38.86
1.73
-41.24
38.16
1.48
-41.51
37.37
1.32
-41.67
36.50
1.20
-41.75
35.60
1.10
-41.81
34.86
1.05
-41.89
29.26
1.59
-41.76
28.51
1.60
-41.27
27.90
1.89
-41.08
38.67
2.09
-41.78
38.14
1.99
-42.01
37.36
1.84
-42.15
36.47
1.73
-42.24
35.52
1.61
-42.28
34.50
1.45
-42.29
33.49
1.50
-42.46
32.55
1.52
-42.57
31.60
1.60
-42.68
30.72
1.58
-42.53
29.92
1.75
-42.35
31.27
1.99
-43.05
30.69
2.03
-42.99
30.16
2.12
-42.87
32.14
2.10
-30.89
31.39
2.13
-30.83
30.47
2.17
-30.81
29.51
2.18
-30.81
28.52
2.12
-30.82
27.49
2.12
-30.91
26.51
2.16
-31.03
25.52
2.23
-31.18
24.53
2.38
-31.30
23.63
2.56
-31.32
22.71
2.88
-31.28
21.80
2.89
-31.36
21.23
3.11
-31.47
37.09
2.05
-32.13
36.42
2.23
-31.94
35.49
2.57
-31.79
34.46
2.63
-31.52
33.51
2.67
-31.36
32.50
2.62
-31.21
31.46
2.81
-31.25
30.48
2.86
-31.23
29.49
2.91
-31.20
28.47
2.90
-31.12
27.44
2.88
-31.08
26.49
2.86
-31.11
25.54
2.92
-31.22
24.51
3.00
-31.36
23.79
3.08
-31.37
23.15
3.19
-31.28
21.50
2.60
-31.66
20.99
2.86
-31.88
38.75
1.80
-33.07
38.25
2.10
-32.89
37.44
2.47
-32.65
36.58
2.75
-32.38
35.95
2.98
-32.22
24.22
3.13
-31.49
23.97
3.15
-31.49
20.59
2.80
-32.64
20.07
3.19
-32.95
39.01
2.06
-33.58
38.44
2.52
-33.43
37.83
2.93
-33.32
21.06
2.11
-33.90
20.58
2.51
-33.59
19.83
3.14
-33.70
19.36
3.41
-34.10
39.87
2.40
-34.94
39.31
2.55
-34.28
38.62
2.98
-33.94
38.12
3.21
-33.74
21.02
2.09
-34.60
20.43
2.51
-34.52
19.79
2.95
-34.55
19.27
3.36
-34.66
40.26
2.45
-35.72
21.01
2.13
-35.48
20.38
2.58
-35.38
19.75
2.96
-35.32
19.20
3.36
-35.34
40.53
2.50
-36.57
21.03
2.34
-36.49
20.34
2.79
-36.17
19.71
3.12
-35.99
19.24
3.38
-35.87
40.64
2.48
-37.44
21.38
2.42
-37.44
40.71
3.12
-38.75
40.62
2.62
-38.40
21.79
2.54
-38.24
40.62
3.10
-39.16
40.39
2.55
-39.31
40.02
2.30
-40.00
25.10
2.07
-39.84
24.43
2.27
-39.74
23.59
2.58
-39.63
22.81
2.67
-39.30
22.21
2.69
-38.86
39.68
2.33
-40.65
27.13
2.34
-40.94
26.37
2.38
-40.59
25.47
2.48
-40.28
24.58
2.78
-40.15
23.93
2.95
-40.03
39.30
2.45
-41.36
28.95
2.25
-42.07
28.35
2.31
-41.68
27.69
2.46
-41.36
38.90
2.61
-42.02
38.23
2.60
-42.51
37.36
2.38
-42.65
36.45
2.26
-42.74
35.50
2.17
-42.79
34.52
2.08
-42.85
33.55
2.06
-42.95
32.63
2.04
-43.04
31.92
2.00
-43.06
29.43
2.38
-42.59
37.97
2.96
-43.01
37.31
2.86
-43.14
36.44
2.77
-43.24
35.49
2.70
-43.32
34.52
2.63
-43.38
33.56
2.59
-43.46
32.56
2.60
-43.59
31.57
2.39
-43.43
30.70
2.51
-43.41
29.91
2.65
-43.21
32.18
2.96
-44.00
31.49
2.95
-43.98
30.70
3.03
-43.92
30.07
3.09
-43.75
26.91
3.90
-31.21
26.49
3.87
-31.19
26.07
3.90
-31.21
22.36
3.65
-31.17
21.63
3.66
-31.20
21.00
3.70
-31.37
35.12
3.39
-32.08
34.34
3.40
-31.83
33.46
3.47
-31.70
32.52
3.50
-31.65
31.48
3.66
-31.74
30.49
3.57
-31.68
29.48
3.74
-31.66
28.39
3.68
-31.43
27.31
3.67
-31.26
26.49
3.51
-31.19
25.65
3.66
-31.28
24.54
3.60
-31.42
23.78
3.63
-31.41
23.01
3.72
-31.26
20.53
3.60
-31.78
20.11
3.97
-32.03
37.09
3.12
-32.94
36.51
3.33
-32.75
35.77
3.62
-32.51
31.08
4.11
-32.07
30.50
4.09
-32.06
29.91
4.16
-32.03
24.23
3.33
-31.51
23.97
3.34
-31.51
20.30
3.35
-32.30
19.89
3.75
-32.60
37.31
3.57
-33.43
36.60
3.87
-33.17
36.06
4.03
-32.93
19.49
3.81
-33.35
19.11
3.90
-33.99
39.77
3.13
-35.13
39.29
3.50
-34.78
38.56
3.66
-34.31
37.90
3.74
-33.93
18.86
3.91
-34.67
40.06
3.46
-35.72
39.65
3.82
-35.29
18.67
3.95
-35.48
18.31
4.30
-35.87
40.47
3.45
-36.59
20.74
2.94
-36.98
20.23
3.20
-36.77
19.59
3.48
-36.55
18.92
3.81
-36.25
18.38
4.29
-36.33
40.68
3.38
-37.39
20.91
3.27
-37.66
20.24
3.64
-37.35
19.56
3.91
-37.12
18.91
4.18
-36.91
18.47
4.39
-36.76
40.78
3.65
-38.67
40.76
3.41
-38.12
21.41
3.41
-38.43
40.66
3.66
-39.38
40.40
3.19
-39.83
40.15
2.83
-40.17
23.28
3.17
-39.88
22.64
3.44
-39.69
21.96
3.49
-39.13
40.57
3.89
-39.91
40.29
3.70
-40.45
39.97
3.01
-40.69
26.94
2.90
-41.23
26.31
3.05
-41.02
25.45
3.31
-40.84
24.52
3.39
-40.57
23.64
3.49
-40.29
22.95
3.79
-40.17
39.98
3.86
-41.39
39.66
3.16
-41.46
28.71
2.70
-42.28
28.21
2.91
-42.09
27.34
3.25
-41.78
26.45
3.54
-41.48
25.79
3.70
-41.29
39.71
4.01
-42.20
39.23
3.36
-42.34
38.62
3.13
-42.75
28.95
2.90
-42.71
28.37
3.31
-42.66
27.71
3.74
-42.57
39.54
4.21
-42.76
39.05
3.97
-43.12
38.27
3.48
-43.30
37.38
3.36
-43.60
36.46
3.28
-43.77
35.50
3.22
-43.88
34.53
3.12
-43.92
33.62
3.05
-43.96
32.90
3.00
-43.99
29.27
3.21
-43.33
28.60
3.66
-43.29
27.99
4.10
-43.22
38.72
4.23
-43.67
38.15
4.06
-43.89
37.36
3.90
-44.12
36.48
3.80
-44.32
35.49
3.77
-44.54
34.48
3.59
-44.50
33.53
3.48
-44.49
32.54
3.36
-44.41
31.55
3.49
-44.48
30.59
3.68
-44.45
29.64
3.66
-44.02
28.80
4.08
-43.88
28.26
4.31
-43.70
35.11
4.10
-45.03
34.38
4.01
-45.05
33.49
3.95
-45.06
32.56
3.95
-45.03
31.65
4.05
-45.01
30.92
4.10
-44.91
26.90
4.18
-31.28
26.49
4.20
-31.26
26.07
4.18
-31.26
22.17
4.43
-31.13
21.49
4.50
-31.12
20.76
4.56
-31.28
20.29
4.93
-31.45
34.87
3.97
-32.26
34.28
4.10
-32.12
33.47
4.31
-32.06
32.62
4.26
-32.00
31.86
4.34
-32.10
29.10
4.46
-31.98
28.25
4.44
-31.73
27.26
4.42
-31.48
26.47
4.58
-31.45
25.66
4.43
-31.41
24.60
4.45
-31.48
23.68
4.49
-31.43
22.84
4.51
-31.26
20.40
4.25
-31.57
20.01
4.64
-31.83
35.18
4.39
-32.64
34.41
4.67
-32.46
33.80
4.78
-32.34
31.27
4.65
-32.39
30.51
4.62
-32.41
29.75
4.71
-32.34
19.61
4.60
-32.49
37.15
4.23
-33.74
36.54
4.59
-33.58
35.80
4.60
-33.13
31.06
5.11
-32.75
30.51
5.12
-32.77
29.97
5.16
-32.72
19.23
4.61
-33.19
18.85
4.63
-33.87
39.05
4.34
-34.97
38.40
4.42
-34.60
37.60
4.54
-34.19
36.97
4.89
-34.01
18.52
4.62
-34.57
40.02
4.39
-35.98
39.52
4.46
-35.44
18.28
4.61
-35.23
18.02
4.81
-35.76
40.70
4.79
-37.17
40.49
4.41
-36.75
18.01
4.85
-36.39
40.82
4.65
-37.67
40.74
4.13
-37.44
20.71
3.93
-38.05
20.20
4.17
-37.84
19.54
4.42
-37.63
18.82
4.76
-37.44
18.26
4.84
-36.96
40.83
4.39
-38.39
40.82
3.99
-37.99
20.96
4.31
-38.66
20.25
4.66
-38.32
19.61
4.88
-38.08
19.09
5.03
-37.91
40.71
4.48
-39.26
40.50
4.84
-39.67
22.28
4.09
-39.91
21.62
4.37
-39.51
40.60
4.31
-39.86
40.36
4.55
-40.36
25.11
3.84
-41.13
24.43
3.96
-40.99
23.57
4.13
-40.80
22.60
4.43
-40.53
21.87
4.69
-40.18
40.09
4.61
-41.35
26.93
3.89
-42.08
26.30
4.10
-41.90
25.43
4.20
-41.59
24.51
4.45
-41.49
23.65
4.64
-41.36
22.87
4.89
-41.26
39.88
4.64
-42.18
27.11
4.27
-42.61
26.35
4.74
-42.52
25.41
4.85
-42.18
24.52
5.00
-42.00
23.69
5.12
-41.86
23.03
5.23
-41.73
39.64
4.68
-42.82
39.25
4.66
-43.34
27.43
4.72
-43.30
26.80
5.00
-43.05
38.78
4.72
-43.85
38.09
4.72
-44.34
37.32
4.44
-44.60
36.53
4.28
-44.80
35.83
4.19
-44.94
30.23
4.21
-44.77
29.57
4.36
-44.58
28.77
4.77
-44.40
28.04
4.82
-43.91
37.71
5.03
-44.79
37.15
4.93
-45.04
36.39
4.75
-45.28
35.44
4.56
-45.47
34.43
4.45
-45.58
33.51
4.44
-45.61
32.59
4.52
-45.59
31.60
4.74
-45.53
30.57
4.66
-45.18
29.73
4.90
-45.02
29.14
5.10
-44.86
35.06
4.91
-46.03
34.38
4.88
-46.12
33.55
4.92
-46.15
32.71
5.05
-46.10
32.04
5.14
-45.96
22.05
5.09
-31.14
21.48
5.39
-31.10
20.78
5.50
-31.18
20.20
5.61
-31.41
33.20
4.84
-32.29
32.62
4.84
-32.30
32.10
4.78
-32.31
28.86
4.97
-32.19
28.20
5.20
-32.10
27.30
5.18
-31.85
26.44
5.23
-31.76
25.54
5.23
-31.71
24.55
5.29
-31.69
23.56
5.40
-31.58
22.55
5.44
-31.32
21.89
5.76
-31.18
19.78
5.52
-31.83
34.99
5.06
-32.94
34.36
5.34
-32.86
33.49
5.28
-32.62
32.59
5.42
-32.71
31.84
5.12
-32.60
29.23
5.25
-32.52
28.62
5.62
-32.54
19.40
5.47
-32.43
36.19
5.39
-33.81
35.42
5.39
-33.38
34.75
5.72
-33.26
32.16
5.83
-33.07
31.40
5.61
-33.02
30.52
5.69
-33.10
29.64
5.71
-32.97
28.93
5.97
-32.91
19.02
5.46
-33.09
18.60
5.48
-33.77
38.90
4.92
-35.15
38.35
5.13
-34.93
37.57
5.47
-34.65
36.79
5.55
-34.25
18.18
5.45
-34.51
17.78
5.87
-34.89
39.87
5.13
-36.12
39.23
5.24
-35.61
38.49
5.69
-35.36
37.89
5.92
-35.10
18.01
5.21
-35.09
17.63
5.63
-35.54
17.21
6.11
-35.81
40.63
5.21
-37.18
40.32
5.15
-36.71
17.55
5.62
-36.45
17.15
6.11
-36.26
40.77
5.18
-37.71
39.98
5.95
-38.12
39.61
6.14
-38.10
39.26
6.38
-38.12
18.40
5.39
-37.70
17.90
5.49
-37.19
40.80
5.10
-38.33
40.10
5.81
-38.62
39.65
6.06
-38.70
39.25
6.36
-38.64
20.69
5.08
-39.05
20.17
5.21
-38.72
19.52
5.36
-38.47
18.87
5.46
-38.18
40.68
5.15
-38.91
40.29
5.46
-39.32
39.64
5.98
-39.50
39.26
6.32
-39.22
20.99
5.19
-39.68
20.57
5.60
-39.93
40.11
5.31
-40.38
39.71
5.84
-40.39
22.06
4.99
-40.80
21.37
5.25
-40.49
20.47
5.75
-40.51
19.77
6.08
-40.73
19.30
6.32
-40.86
39.92
5.36
-41.38
39.69
5.80
-41.09
22.23
5.29
-41.35
21.42
5.60
-41.27
20.59
5.91
-41.24
19.87
6.16
-41.27
19.35
6.40
-41.27
39.82
5.25
-42.22
26.05
5.43
-42.91
25.31
5.48
-42.64
24.46
5.58
-42.45
23.56
5.67
-42.28
22.57
5.73
-42.00
21.53
6.03
-41.91
20.64
6.26
-41.82
19.90
6.42
-41.73
19.44
6.53
-41.62
39.62
5.23
-42.85
39.25
5.27
-43.36
27.18
5.47
-43.68
26.59
5.56
-43.32
38.81
5.29
-43.89
38.25
5.38
-44.36
28.39
5.58
-44.65
27.74
5.55
-44.17
37.72
5.46
-44.86
37.02
5.53
-45.37
36.33
5.26
-45.74
35.72
5.04
-45.90
31.22
5.46
-45.85
30.46
5.44
-45.57
29.69
5.56
-45.35
28.99
5.68
-45.08
36.61
5.80
-45.86
36.02
5.76
-46.30
35.31
5.35
-46.43
34.45
5.32
-46.64
33.61
5.42
-46.68
32.74
5.72
-46.61
31.85
5.69
-46.21
35.60
6.04
-47.05
35.15
5.79
-47.10
34.47
5.73
-47.19
33.77
5.81
-47.21
33.21
6.04
-47.18
35.42
6.19
-47.45
35.06
6.11
-47.53
34.48
6.08
-47.58
33.87
6.12
-47.56
33.45
6.20
-47.50
21.29
6.10
-31.11
20.79
6.45
-31.15
20.07
6.50
-31.38
27.86
5.70
-32.30
27.24
5.78
-32.20
26.42
5.85
-32.14
25.51
5.92
-32.10
24.54
6.05
-32.05
23.47
6.35
-31.94
22.46
6.42
-31.54
21.67
6.43
-31.22
21.18
6.67
-31.14
19.58
6.39
-31.82
34.10
5.90
-33.14
33.49
5.92
-33.06
32.85
5.95
-33.06
28.09
6.06
-32.66
27.32
6.28
-32.64
26.44
6.39
-32.60
25.54
6.46
-32.57
24.65
6.59
-32.53
23.84
6.83
-32.50
19.20
6.30
-32.38
35.99
6.00
-34.04
35.35
6.14
-33.79
34.44
6.36
-33.58
33.48
6.46
-33.48
32.48
6.44
-33.47
31.46
6.36
-33.50
30.53
6.39
-33.54
29.56
6.57
-33.51
28.50
6.56
-33.22
27.44
6.81
-33.18
26.48
6.90
-33.12
25.55
6.95
-33.07
24.70
7.02
-33.01
24.04
7.12
-32.92
18.83
6.28
-32.98
18.34
6.43
-33.63
17.88
6.85
-34.00
37.20
6.17
-34.82
36.43
6.46
-34.53
35.49
6.75
-34.21
34.80
6.88
-34.01
32.13
7.00
-33.86
31.42
7.01
-33.92
30.60
7.02
-33.93
29.92
7.06
-33.90
18.03
6.15
-34.25
17.55
6.59
-34.62
17.06
6.95
-35.04
39.77
5.61
-36.35
39.24
5.88
-36.13
38.43
6.41
-35.91
37.58
6.57
-35.31
36.92
6.86
-35.02
17.36
6.27
-35.26
16.96
6.65
-35.64
40.49
5.55
-37.24
40.08
5.70
-36.93
39.43
6.15
-36.80
38.75
6.69
-36.75
17.25
6.14
-36.86
16.79
6.68
-36.54
16.39
7.18
-36.77
40.58
5.57
-37.71
40.16
5.86
-37.71
39.55
6.22
-37.55
38.96
6.70
-37.71
18.12
5.87
-37.98
17.52
6.17
-37.60
16.79
6.89
-37.51
16.39
7.25
-37.24
40.68
5.51
-38.27
40.41
5.73
-38.35
38.88
6.78
-38.60
20.50
5.46
-39.18
20.09
5.61
-39.10
19.39
5.80
-38.93
18.50
6.05
-38.62
17.66
6.54
-38.44
17.01
7.05
-38.36
40.69
5.46
-38.68
40.51
5.58
-38.80
39.29
6.30
-39.86
38.94
6.70
-39.53
20.59
5.52
-39.48
20.17
5.78
-39.63
19.40
6.09
-39.59
18.50
6.52
-39.57
17.71
6.89
-39.19
17.19
7.19
-38.97
39.31
6.27
-40.56
38.86
6.78
-40.50
20.06
5.91
-40.12
19.52
6.17
-40.24
18.87
6.58
-40.50
39.67
5.77
-41.74
39.36
6.17
-41.46
38.78
6.79
-41.46
18.93
6.79
-41.21
39.60
5.73
-42.32
39.18
6.16
-42.38
38.54
6.79
-42.47
38.07
7.10
-42.93
25.88
5.94
-43.19
25.26
6.06
-43.03
24.44
6.18
-42.88
23.53
6.31
-42.75
22.53
6.53
-42.65
21.53
6.64
-42.44
20.62
6.84
-42.28
19.81
6.93
-42.05
19.21
6.94
-41.72
39.50
5.64
-42.82
39.07
5.87
-43.18
38.44
6.43
-43.37
37.86
6.94
-43.55
26.95
6.05
-43.91
26.26
6.32
-43.67
25.35
6.60
-43.46
24.47
6.79
-43.31
23.60
6.88
-43.15
22.89
6.96
-43.04
38.74
5.76
-43.79
38.15
6.06
-44.17
37.39
6.73
-44.39
36.73
7.03
-44.84
28.11
6.36
-44.88
27.36
6.36
-44.40
26.70
6.72
-44.20
37.69
5.92
-44.78
37.05
6.22
-45.19
36.31
6.81
-45.47
35.54
7.13
-45.83
34.95
7.32
-46.05
31.02
6.02
-46.03
30.40
6.13
-45.86
29.65
6.28
-45.65
28.81
6.54
-45.38
36.62
6.13
-45.80
36.03
6.39
-46.26
35.39
6.84
-46.43
34.70
7.15
-46.51
34.18
7.25
-46.71
32.44
6.52
-46.76
31.46
6.50
-46.35
30.53
6.80
-46.13
29.73
6.95
-45.94
29.13
7.04
-45.75
35.59
6.45
-47.13
35.21
6.75
-47.05
34.67
6.96
-47.02
34.23
7.08
-47.00
33.02
6.48
-47.22
35.41
6.42
-47.56
35.04
6.40
-47.71
34.48
6.41
-47.74
33.89
6.44
-47.68
33.41
6.46
-47.54
21.70
7.74
-31.45
21.30
7.66
-31.27
20.70
7.45
-31.19
19.80
7.54
-31.37
19.27
8.00
-31.50
22.95
7.03
-32.09
22.15
7.42
-31.77
21.57
7.16
-31.32
21.14
7.10
-31.17
19.33
7.21
-31.81
18.97
7.86
-31.85
23.21
7.31
-32.60
22.43
7.88
-32.58
22.13
8.31
-32.94
18.98
7.03
-32.34
18.65
7.67
-32.41
34.13
6.97
-33.89
33.48
7.03
-33.85
32.82
7.02
-33.83
29.20
7.19
-33.84
28.44
7.38
-33.81
27.43
7.50
-33.74
26.45
7.44
-33.62
25.51
7.44
-33.56
24.59
7.48
-33.46
23.63
7.57
-33.24
22.75
8.00
-33.26
22.19
8.40
-33.39
18.72
6.91
-32.82
18.29
7.36
-33.12
17.72
7.52
-33.76
36.12
7.38
-34.85
35.35
7.49
-34.56
34.44
7.47
-34.27
33.48
7.63
-34.22
32.48
7.56
-34.17
31.47
7.69
-34.29
30.54
7.67
-34.29
29.60
7.62
-34.17
28.84
7.77
-34.14
27.08
7.93
-34.05
26.37
7.95
-34.03
25.47
7.97
-34.01
24.54
8.00
-33.95
23.62
8.09
-33.85
22.81
8.29
-33.80
22.28
8.50
-33.77
17.27
7.46
-34.34
16.73
7.65
-34.90
16.31
8.07
-35.19
38.02
7.12
-36.10
37.43
7.45
-35.76
36.72
7.51
-35.27
16.54
7.34
-35.61
16.16
7.92
-35.75
38.13
7.45
-36.71
37.69
7.74
-36.28
16.44
7.21
-36.22
16.12
7.70
-36.54
38.34
7.45
-37.64
16.44
7.40
-37.82
16.12
7.74
-37.44
38.39
7.41
-38.57
16.52
7.63
-38.50
16.13
7.96
-38.13
38.41
7.36
-39.51
18.07
7.00
-39.97
17.54
7.33
-39.75
16.91
7.68
-39.34
38.38
7.36
-40.45
18.21
7.17
-40.56
17.55
7.77
-40.47
17.02
8.00
-40.01
38.30
7.36
-41.34
18.44
7.38
-41.23
17.92
7.93
-41.19
38.12
7.38
-42.14
37.75
7.52
-42.72
22.18
7.09
-42.94
21.49
7.28
-42.84
20.60
7.67
-42.71
19.65
7.70
-42.31
18.82
7.72
-41.84
18.23
8.10
-41.64
37.43
7.47
-43.41
26.03
7.00
-44.02
25.35
7.22
-43.89
24.45
7.49
-43.77
23.51
7.49
-43.53
22.57
7.51
-43.29
21.71
7.80
-43.21
21.09
8.06
-43.11
37.02
7.40
-44.07
36.39
7.54
-44.58
35.79
7.87
-44.77
27.87
6.95
-45.06
27.28
7.11
-44.82
26.42
7.44
-44.55
25.50
7.75
-44.34
24.81
7.89
-44.17
36.07
7.32
-45.14
35.44
7.64
-45.31
34.62
7.75
-45.79
33.95
7.95
-46.05
28.20
7.37
-45.47
27.43
7.66
-45.24
26.80
7.88
-45.06
34.32
7.46
-46.29
33.68
7.55
-46.56
32.64
7.41
-46.75
31.54
7.53
-46.55
30.56
7.64
-46.35
29.67
7.69
-46.13
28.87
7.65
-45.87
35.41
6.62
-47.48
35.09
6.74
-47.46
34.54
6.87
-47.38
33.89
7.04
-47.18
33.21
6.92
-47.21
35.35
6.58
-47.65
35.04
6.63
-47.69
34.50
6.68
-47.67
33.91
6.74
-47.57
33.46
6.72
-47.51
21.57
8.11
-31.47
21.19
8.24
-31.33
20.53
8.47
-31.24
19.73
8.48
-31.27
19.11
8.60
-31.46
21.72
8.30
-31.79
21.26
8.67
-31.56
20.83
8.85
-31.39
18.69
8.51
-31.85
21.93
8.44
-32.36
21.80
8.74
-32.86
18.33
8.38
-32.39
28.21
7.87
-34.09
27.70
7.91
-34.06
21.73
8.95
-33.53
21.43
9.27
-33.89
17.96
8.24
-32.97
17.41
8.37
-33.56
16.91
8.81
-33.85
35.94
8.01
-35.09
35.30
8.29
-34.97
34.40
8.30
-34.72
33.48
8.38
-34.63
32.51
8.45
-34.65
31.46
8.56
-34.74
30.48
8.40
-34.68
29.50
8.44
-34.64
28.48
8.29
-34.42
27.43
8.34
-34.35
26.44
8.49
-34.42
25.48
8.54
-34.42
24.52
8.57
-34.38
23.58
8.63
-34.31
22.71
8.76
-34.21
21.96
8.96
-34.05
21.46
9.30
-34.14
17.09
8.11
-34.09
16.63
8.49
-34.40
16.14
8.68
-34.99
37.03
8.20
-35.95
36.34
8.29
-35.52
35.69
8.65
-35.38
31.02
8.98
-35.01
30.43
8.95
-35.01
29.80
8.94
-34.98
15.83
8.65
-35.72
37.75
8.15
-36.92
37.42
8.25
-36.44
15.72
8.53
-36.57
37.80
8.21
-37.66
37.34
8.70
-37.93
36.91
9.05
-38.09
15.72
8.52
-37.48
37.90
8.05
-38.59
37.41
8.56
-38.69
36.91
8.99
-38.74
16.24
8.15
-38.80
15.86
8.57
-38.44
37.92
7.95
-39.52
37.42
8.46
-39.56
36.88
8.91
-39.58
16.42
8.30
-39.42
15.99
8.83
-39.31
37.91
7.90
-40.44
37.39
8.38
-40.48
36.84
8.84
-40.50
17.16
8.46
-40.75
16.64
8.59
-40.18
16.17
9.00
-39.93
37.86
7.85
-41.29
37.35
8.28
-41.40
36.77
8.75
-41.43
17.56
8.57
-41.31
37.79
7.78
-41.94
37.32
8.05
-42.35
36.64
8.62
-42.36
20.27
8.63
-42.92
19.47
8.60
-42.52
18.70
8.63
-42.14
18.03
8.71
-41.78
36.99
7.98
-43.23
36.34
8.49
-43.28
35.76
8.74
-43.68
24.11
8.01
-44.02
23.43
8.10
-43.89
22.59
8.23
-43.73
21.78
8.44
-43.57
21.02
8.76
-43.36
36.78
7.84
-43.80
36.27
8.09
-44.03
35.49
8.45
-44.37
34.80
8.78
-44.65
26.13
8.13
-44.90
25.40
8.40
-44.78
24.45
8.43
-44.43
23.52
8.69
-44.29
22.67
8.91
-44.12
21.89
9.05
-43.91
21.35
9.16
-43.72
35.13
8.18
-44.98
34.46
8.47
-45.24
33.60
8.58
-45.79
32.92
8.87
-46.07
28.04
8.06
-45.72
27.40
8.27
-45.59
26.54
8.53
-45.37
25.80
8.75
-45.21
33.22
8.22
-46.32
32.42
8.54
-46.58
31.56
8.58
-46.70
30.55
8.57
-46.49
29.56
8.57
-46.30
28.51
8.53
-46.05
27.59
8.85
-45.93
26.90
9.00
-45.79
32.07
8.86
-47.05
31.85
8.88
-47.09
32.00
8.95
-47.30
31.93
8.95
-47.31
20.16
9.23
-31.32
19.53
9.26
-31.31
18.83
9.36
-31.48
18.43
9.74
-31.60
21.56
8.81
-31.97
21.17
9.22
-31.94
20.63
9.35
-31.57
18.40
9.18
-31.87
18.14
9.75
-31.94
21.67
8.87
-32.30
21.42
9.32
-32.65
18.03
9.02
-32.39
17.64
9.67
-32.58
17.13
9.94
-33.04
21.42
9.56
-33.48
21.26
9.67
-33.98
17.79
8.81
-32.83
17.39
9.12
-33.14
16.75
9.58
-33.64
16.21
9.89
-34.12
35.02
8.87
-35.24
34.35
8.96
-35.10
33.51
9.07
-35.03
32.61
9.24
-35.08
31.78
9.23
-35.10
29.11
8.95
-34.93
28.38
8.98
-34.87
27.45
9.04
-34.83
26.47
9.12
-34.84
25.48
9.16
-34.81
24.49
9.18
-34.76
23.52
9.23
-34.68
22.62
9.31
-34.58
21.83
9.47
-34.49
21.19
9.79
-34.44
20.84
10.00
-34.67
16.40
9.21
-34.23
15.92
9.56
-34.73
36.81
8.68
-36.19
36.22
8.93
-36.01
35.34
9.27
-35.74
34.41
9.49
-35.52
33.59
9.60
-35.42
32.92
9.65
-35.38
31.18
9.42
-35.29
30.39
9.46
-35.36
29.45
9.41
-35.29
28.45
9.57
-35.32
27.48
9.68
-35.30
26.48
9.77
-35.28
25.47
9.79
-35.20
24.46
9.81
-35.11
23.44
9.84
-34.97
22.53
9.86
-34.83
21.73
9.96
-34.76
21.12
10.06
-34.74
20.82
10.08
-34.77
15.46
9.55
-35.65
15.10
10.04
-36.00
37.49
8.55
-36.95
37.06
8.79
-36.71
36.26
9.35
-36.71
35.62
9.62
-36.37
15.34
9.32
-36.57
14.99
9.96
-36.65
37.52
8.60
-37.30
37.12
8.91
-37.38
36.43
9.43
-37.68
35.88
9.86
-37.99
15.32
9.29
-37.49
14.96
9.92
-37.44
36.39
9.41
-38.65
35.85
9.84
-38.69
15.35
9.45
-38.46
14.99
9.94
-38.13
36.34
9.35
-39.56
35.79
9.80
-39.56
15.60
9.50
-39.39
36.28
9.30
-40.49
35.72
9.75
-40.49
16.94
8.97
-40.97
16.52
9.24
-40.68
15.94
9.62
-40.24
36.19
9.22
-41.43
35.61
9.69
-41.43
17.19
9.24
-41.38
16.64
9.84
-41.24
16.07
10.06
-40.83
36.06
9.12
-42.31
35.40
9.62
-42.40
34.87
9.92
-42.78
20.07
9.55
-43.03
19.34
9.54
-42.66
18.55
9.56
-42.30
17.70
9.61
-41.89
17.10
10.04
-41.69
35.96
8.96
-43.00
35.41
9.22
-43.33
34.75
9.69
-43.46
20.72
9.62
-43.43
35.13
9.03
-44.02
34.45
9.39
-44.30
33.78
9.71
-44.64
25.09
8.95
-45.04
24.42
9.13
-44.89
23.59
9.36
-44.70
22.76
9.72
-44.51
21.90
9.75
-44.13
21.26
9.74
-43.81
34.13
9.09
-44.94
33.47
9.38
-45.25
32.73
9.48
-45.81
26.19
9.15
-45.62
25.46
9.31
-45.44
24.57
9.82
-45.36
23.70
9.96
-45.05
23.16
10.01
-44.85
32.12
9.31
-46.46
31.47
9.38
-46.64
30.51
9.49
-46.52
29.52
9.51
-46.42
28.51
9.53
-46.32
27.54
9.61
-46.21
26.57
9.63
-46.01
25.68
9.92
-45.89
25.04
10.14
-45.77
32.01
9.08
-47.02
31.82
9.09
-47.07
31.98
9.02
-47.29
31.92
9.03
-47.30
19.96
9.74
-31.47
19.44
9.88
-31.46
18.84
9.96
-31.51
18.45
10.03
-31.61
20.83
9.83
-32.15
20.26
10.00
-31.85
19.47
10.43
-31.87
18.77
10.44
-31.81
18.21
10.32
-31.95
20.96
10.15
-32.83
20.33
10.50
-32.46
19.75
10.76
-32.33
17.66
10.43
-32.51
17.09
10.52
-33.02
21.72
10.62
-34.25
21.32
10.32
-33.83
21.16
10.12
-34.11
16.60
10.47
-33.56
16.08
10.53
-34.10
32.35
9.66
-35.37
31.88
9.64
-35.37
22.71
10.70
-35.00
22.08
10.65
-34.69
21.47
10.56
-34.51
21.01
10.36
-34.54
20.79
10.19
-34.70
15.58
10.49
-34.78
15.17
10.85
-35.21
34.96
9.83
-36.12
34.31
9.97
-35.98
33.49
10.05
-35.87
32.55
10.00
-35.75
31.52
9.94
-35.72
30.48
10.02
-35.85
29.48
10.09
-35.88
28.49
10.18
-35.83
27.51
10.28
-35.78
26.48
10.44
-35.79
25.43
10.40
-35.62
24.39
10.42
-35.46
23.24
10.48
-35.20
22.37
10.38
-34.91
21.60
10.49
-34.89
21.01
10.47
-34.87
20.78
10.23
-34.81
15.29
10.22
-35.37
14.94
10.64
-35.79
35.80
9.82
-36.92
35.16
10.10
-36.75
34.32
10.35
-36.54
33.46
10.48
-36.47
32.50
10.57
-36.54
31.49
10.51
-36.44
30.51
10.56
-36.48
29.49
10.73
-36.56
28.49
10.73
-36.37
27.59
10.78
-36.26
26.86
10.83
-36.19
14.68
10.60
-36.65
35.88
9.86
-37.40
35.33
10.24
-37.69
34.81
10.60
-38.02
32.14
10.87
-37.07
31.43
10.90
-37.08
30.59
10.98
-37.09
29.85
11.09
-37.08
14.61
10.52
-37.52
35.30
10.26
-38.64
34.74
10.64
-38.69
15.07
10.01
-38.81
14.70
10.46
-38.47
35.25
10.24
-39.55
34.68
10.64
-39.55
15.19
10.13
-39.47
14.75
10.70
-39.39
35.18
10.20
-40.47
34.61
10.61
-40.47
15.42
10.35
-40.22
14.92
10.93
-40.15
35.09
10.14
-41.35
34.54
10.54
-41.41
16.39
10.71
-41.44
15.70
10.76
-40.91
15.15
11.11
-40.66
34.99
10.07
-42.07
34.41
10.40
-42.43
33.82
10.72
-42.80
19.99
10.48
-43.09
19.28
10.50
-42.74
18.51
10.53
-42.43
17.72
10.59
-42.13
17.03
10.72
-41.84
34.23
10.18
-43.36
33.66
10.57
-43.48
20.63
10.51
-43.48
34.03
9.98
-44.02
33.40
10.30
-44.33
32.75
10.59
-44.71
23.04
10.97
-45.00
22.61
10.63
-44.67
21.81
10.58
-44.22
21.19
10.48
-43.86
33.10
10.02
-45.01
32.40
10.30
-45.41
31.71
10.68
-45.70
24.29
10.60
-45.61
23.55
10.69
-45.24
23.09
10.43
-44.93
31.95
10.02
-46.07
31.29
10.39
-46.26
30.51
10.47
-46.41
29.50
10.46
-46.45
28.49
10.49
-46.51
27.52
10.46
-46.50
26.57
10.50
-46.41
25.68
10.65
-46.26
24.91
10.72
-45.99
31.02
10.70
-46.43
30.77
10.74
-46.47
19.17
10.89
-32.22
18.65
10.90
-32.16
18.19
10.82
-32.21
20.82
10.66
-33.22
20.27
10.90
-33.03
19.40
11.20
-32.82
18.55
11.27
-32.66
17.83
11.10
-32.70
17.15
11.13
-33.13
21.67
10.81
-34.31
21.15
10.79
-33.92
20.46
11.09
-33.77
19.69
11.46
-33.71
16.62
11.17
-33.63
16.09
11.19
-34.10
22.70
10.89
-35.15
22.06
10.90
-34.84
21.38
10.89
-34.62
20.68
11.04
-34.54
19.85
11.57
-34.55
15.61
11.28
-34.67
15.12
11.40
-35.19
26.11
10.87
-36.12
25.35
10.91
-36.04
24.37
10.95
-35.90
23.23
11.00
-35.63
22.34
11.14
-35.52
21.53
11.07
-35.31
20.76
11.20
-35.26
19.94
11.72
-35.37
14.65
11.52
-35.89
14.19
11.98
-36.26
34.77
10.50
-37.07
34.25
10.66
-37.08
33.50
10.79
-37.06
32.83
10.85
-37.05
29.12
11.17
-37.01
28.38
11.23
-36.88
27.48
11.27
-36.74
26.48
11.23
-36.56
25.44
11.36
-36.56
24.44
11.42
-36.49
23.42
11.47
-36.37
22.46
11.53
-36.28
21.58
11.57
-36.19
20.76
11.69
-36.15
20.03
11.96
-36.17
14.30
11.30
-36.71
13.84
11.97
-36.87
13.47
12.29
-37.24
34.83
10.56
-37.47
34.30
10.79
-37.76
33.42
11.00
-37.74
32.47
11.08
-37.62
31.50
11.22
-37.75
30.56
11.36
-37.73
29.48
11.57
-37.63
28.42
11.73
-37.45
27.45
11.80
-37.33
26.47
11.81
-37.22
25.47
11.84
-37.17
24.48
11.88
-37.12
23.48
11.92
-37.05
22.51
11.95
-36.98
21.59
11.99
-36.91
20.76
12.06
-36.84
20.13
12.17
-36.75
14.17
11.17
-37.57
13.72
11.75
-37.65
13.36
12.23
-37.76
34.12
10.93
-38.63
33.33
11.17
-38.60
32.45
11.35
-38.57
31.53
11.52
-38.57
30.67
11.70
-38.49
29.87
11.95
-38.46
14.17
11.15
-38.47
13.69
11.74
-38.47
13.32
12.23
-38.45
34.04
10.99
-39.54
33.28
11.29
-39.53
32.43
11.55
-39.52
31.52
11.81
-39.49
30.71
11.98
-39.21
30.11
12.15
-39.05
14.23
11.32
-39.36
13.70
11.91
-39.32
13.35
12.27
-39.06
33.99
11.00
-40.47
33.27
11.34
-40.49
32.41
11.70
-40.52
31.77
11.89
-40.21
14.41
11.61
-40.18
13.91
11.97
-39.95
33.96
10.94
-41.36
33.30
11.29
-41.45
32.55
11.67
-41.50
16.25
11.60
-41.62
15.55
11.64
-41.21
14.90
11.71
-40.79
33.93
10.84
-42.09
33.35
11.12
-42.44
32.47
11.63
-42.49
31.93
11.89
-42.86
19.98
11.38
-43.12
19.30
11.46
-42.80
18.51
11.50
-42.50
17.71
11.53
-42.24
16.96
11.58
-41.96
33.13
11.00
-43.36
32.48
11.39
-43.45
31.84
11.78
-43.56
21.15
11.85
-43.82
20.67
11.47
-43.53
32.99
10.82
-44.03
32.41
11.08
-44.35
31.69
11.56
-44.41
23.01
11.62
-45.08
22.41
11.55
-44.65
21.65
11.52
-44.16
21.15
11.15
-43.86
32.08
10.91
-45.06
31.38
11.27
-45.34
30.74
11.54
-45.63
24.20
11.23
-45.81
23.65
11.57
-45.55
31.03
10.97
-46.08
30.44
11.20
-46.16
29.47
11.33
-46.36
28.44
11.52
-46.69
27.48
11.28
-46.82
26.56
11.28
-46.80
25.62
11.52
-46.69
24.68
11.56
-46.25
24.09
11.89
-46.00
30.95
10.91
-46.36
30.74
10.98
-46.39
28.05
12.03
-47.16
27.40
11.89
-47.23
26.62
11.88
-47.22
25.95
11.98
-47.14
18.94
11.61
-33.23
18.38
11.67
-33.19
17.72
11.63
-33.23
17.19
11.56
-33.36
19.01
11.79
-33.81
18.32
11.96
-33.83
17.57
11.97
-33.86
16.82
11.76
-33.89
16.21
11.67
-34.21
19.09
11.95
-34.59
18.31
12.20
-34.62
17.48
12.31
-34.65
16.64
12.21
-34.63
15.84
11.95
-34.77
15.24
11.90
-35.17
19.18
12.11
-35.45
18.36
12.43
-35.51
17.41
12.72
-35.59
16.50
12.67
-35.36
15.67
12.52
-35.39
14.88
12.29
-35.69
14.24
12.45
-36.18
19.35
12.31
-36.30
18.56
12.65
-36.36
17.79
13.00
-36.44
13.81
12.60
-36.70
13.41
12.73
-37.20
29.02
12.10
-38.10
28.33
12.30
-38.05
27.42
12.39
-37.97
26.45
12.34
-37.86
25.48
12.33
-37.80
24.49
12.38
-37.76
23.49
12.39
-37.67
22.51
12.41
-37.59
21.55
12.45
-37.51
20.63
12.50
-37.38
19.69
12.57
-37.10
18.79
12.89
-37.10
18.12
13.21
-37.13
13.20
12.77
-37.81
29.24
12.39
-38.70
28.64
12.54
-38.49
27.11
12.75
-38.39
26.41
12.84
-38.49
25.49
12.82
-38.40
24.51
12.97
-38.42
23.46
12.93
-38.22
22.48
12.94
-38.11
21.52
12.98
-38.03
20.57
13.03
-37.93
19.67
13.11
-37.77
18.88
13.25
-37.67
18.35
13.38
-37.57
13.14
12.79
-38.55
31.15
12.08
-39.98
30.55
12.28
-39.82
29.77
12.55
-39.53
26.15
13.20
-38.93
25.54
13.21
-38.88
24.95
13.27
-38.82
13.49
12.35
-39.67
13.22
12.76
-39.37
31.93
11.96
-40.89
31.36
12.15
-40.64
30.59
12.51
-40.61
29.88
12.87
-40.47
14.20
12.19
-40.50
13.72
12.47
-40.22
13.34
12.98
-40.09
31.96
11.98
-41.53
31.34
12.28
-41.55
30.55
12.74
-41.54
30.01
13.03
-41.18
16.19
12.51
-41.70
15.41
12.52
-41.36
14.57
12.55
-40.94
13.88
12.93
-40.69
13.49
13.17
-40.51
31.97
11.96
-42.18
31.43
12.22
-42.52
30.66
12.72
-42.51
19.95
12.11
-43.09
19.42
12.45
-42.82
18.53
12.46
-42.51
17.71
12.47
-42.26
16.94
12.49
-42.00
31.22
12.20
-43.48
30.49
12.73
-43.49
29.99
13.08
-43.83
21.16
12.56
-43.77
20.46
12.47
-43.34
19.95
12.78
-43.05
31.09
12.03
-44.35
30.45
12.46
-44.42
29.83
12.96
-44.53
22.94
12.41
-45.13
22.40
12.47
-44.68
21.76
12.48
-44.20
30.96
11.81
-45.01
30.37
12.08
-45.28
29.55
12.68
-45.39
28.93
12.95
-45.86
23.45
12.49
-45.63
30.10
11.81
-45.86
29.46
12.09
-46.06
28.69
12.53
-46.55
25.29
12.18
-46.97
24.64
12.46
-46.71
23.98
12.58
-46.19
28.75
13.10
-47.99
28.28
12.74
-47.54
27.45
12.46
-47.70
26.59
12.45
-47.68
25.66
12.60
-47.49
24.97
12.87
-47.23
30.20
13.44
-48.88
29.84
13.41
-48.76
29.10
13.29
-48.46
28.35
13.02
-48.28
27.52
12.90
-48.27
26.66
12.97
-48.26
25.98
12.99
-48.04
30.21
13.45
-48.94
29.87
13.44
-48.90
29.20
13.42
-48.80
28.42
13.35
-48.74
27.61
13.30
-48.70
26.96
13.31
-48.64
16.94
13.12
-36.04
16.32
13.13
-35.92
15.56
13.07
-35.91
14.83
12.96
-36.05
14.30
12.90
-36.27
17.09
13.46
-36.66
16.28
13.57
-36.47
15.49
13.57
-36.42
14.71
13.47
-36.51
13.99
13.24
-36.73
13.46
13.28
-37.24
28.12
12.65
-38.36
27.69
12.70
-38.33
17.60
13.66
-37.31
13.21
13.37
-37.84
28.87
12.78
-39.03
28.29
12.87
-38.81
27.48
12.99
-38.75
26.80
13.14
-38.88
24.16
13.51
-38.85
23.35
13.49
-38.67
22.45
13.51
-38.56
21.50
13.57
-38.48
20.54
13.64
-38.40
19.62
13.68
-38.26
18.80
13.74
-38.07
18.13
13.76
-37.80
13.10
13.46
-38.59
29.03
13.01
-39.65
28.29
13.26
-39.53
27.46
13.43
-39.44
26.50
13.57
-39.41
25.56
13.64
-39.32
24.78
13.67
-39.16
13.09
13.49
-39.38
29.13
13.38
-40.59
28.31
13.65
-40.27
27.53
13.83
-40.10
26.85
13.94
-40.01
13.21
13.57
-40.08
30.09
13.13
-41.86
29.57
13.45
-41.56
16.20
13.40
-41.69
15.40
13.41
-41.40
14.60
13.43
-41.12
13.92
13.55
-40.87
13.45
13.62
-40.57
30.13
13.16
-42.51
29.60
13.61
-42.52
19.35
13.39
-42.66
18.52
13.41
-42.39
17.71
13.38
-42.19
16.95
13.38
-41.96
30.10
13.15
-43.16
29.62
13.53
-43.47
21.29
13.39
-43.70
20.60
13.38
-43.26
19.98
13.40
-42.95
29.27
13.58
-44.44
28.79
13.85
-44.90
22.89
13.08
-45.18
22.50
13.41
-44.77
21.87
13.33
-44.20
29.13
13.30
-45.15
28.54
13.64
-45.62
27.92
14.05
-45.99
23.23
13.39
-45.67
22.88
13.76
-45.29
28.30
13.40
-46.57
27.70
14.03
-46.61
27.28
14.33
-46.83
24.35
13.17
-46.87
23.81
13.48
-46.42
28.75
13.39
-47.95
28.30
13.48
-47.47
27.70
14.04
-47.30
27.29
14.29
-47.15
25.32
13.21
-47.76
24.69
13.59
-47.45
24.11
13.86
-46.98
30.22
13.57
-48.88
29.83
13.62
-48.71
29.08
13.69
-48.34
28.42
13.95
-47.93
27.91
14.17
-47.69
26.30
13.38
-48.50
25.69
13.48
-48.26
25.13
13.95
-48.15
30.23
13.58
-48.96
29.87
13.65
-48.98
29.19
13.78
-48.97
28.39
13.82
-48.98
27.54
13.83
-48.95
26.64
13.78
-48.81
25.87
14.00
-48.67
25.39
14.19
-48.54
16.81
13.92
-37.07
16.21
14.02
-36.97
15.45
14.06
-36.93
14.67
14.00
-37.00
13.97
13.86
-37.18
13.54
13.72
-37.38
17.10
14.21
-37.62
16.27
14.42
-37.52
15.46
14.49
-37.49
14.66
14.46
-37.56
13.90
14.33
-37.79
13.41
13.93
-37.87
23.96
13.94
-39.18
23.30
13.99
-39.08
22.44
14.06
-38.99
21.51
14.15
-38.93
20.51
14.31
-38.91
19.54
14.28
-38.70
18.65
14.30
-38.48
17.83
14.30
-38.15
13.63
14.49
-38.35
13.28
14.16
-38.62
26.14
14.04
-39.91
25.42
14.13
-39.80
24.41
14.27
-39.66
23.39
14.43
-39.55
22.48
14.53
-39.46
21.59
14.60
-39.39
20.86
14.66
-39.33
13.18
14.14
-39.41
28.78
13.85
-41.05
28.22
14.07
-40.91
27.44
14.25
-40.71
26.49
14.39
-40.52
25.53
14.53
-40.36
24.81
14.61
-40.22
13.25
14.15
-40.08
28.92
14.02
-41.69
28.24
14.43
-41.64
27.47
14.60
-41.35
26.82
14.69
-41.16
20.03
14.88
-41.97
19.41
14.83
-41.91
18.80
14.81
-41.88
16.34
14.23
-41.53
15.47
14.20
-41.27
14.64
14.16
-41.04
13.95
14.16
-40.83
13.48
14.15
-40.55
28.98
14.22
-42.54
28.49
14.54
-42.27
20.27
14.58
-42.42
19.52
14.24
-42.40
18.54
14.32
-42.13
17.71
14.19
-42.01
17.01
14.17
-41.82
29.07
14.17
-43.39
22.20
14.58
-43.87
21.56
14.22
-43.55
20.70
14.19
-42.98
20.06
13.97
-42.80
28.89
14.19
-44.10
28.50
14.30
-44.63
22.51
14.35
-44.55
21.96
13.99
-44.11
28.13
14.31
-45.22
27.55
14.53
-45.74
27.02
14.90
-46.02
23.20
14.08
-45.83
22.96
14.44
-45.43
27.38
14.42
-46.35
26.99
14.75
-46.72
26.71
14.91
-47.04
23.49
14.37
-46.37
23.21
14.71
-46.01
27.41
14.39
-47.47
27.03
14.59
-47.27
26.71
14.85
-47.31
24.44
14.48
-47.57
23.92
14.49
-46.99
30.19
13.73
-48.90
29.81
13.89
-48.81
29.03
14.31
-48.58
28.31
14.55
-48.12
27.62
14.59
-47.75
27.04
14.77
-47.56
26.73
14.87
-47.51
24.90
14.58
-48.17
30.20
13.73
-48.96
29.82
13.89
-48.95
29.05
14.30
-48.92
28.30
14.44
-49.04
27.48
14.49
-49.06
26.64
14.52
-48.98
25.90
14.59
-48.84
25.33
14.64
-48.60
16.95
14.66
-38.11
16.30
14.79
-38.09
15.49
14.85
-38.08
14.71
14.81
-38.11
14.13
14.71
-38.17
20.12
14.72
-39.25
19.39
14.77
-39.15
18.48
14.83
-38.97
17.45
14.86
-38.69
16.46
15.06
-38.75
15.54
15.09
-38.75
14.68
15.01
-38.75
13.92
14.80
-38.72
13.47
14.58
-38.94
24.08
14.71
-40.13
23.35
14.82
-40.09
22.46
14.90
-40.03
21.51
14.95
-39.94
20.47
14.97
-39.76
19.40
15.13
-39.75
18.46
15.23
-39.61
17.51
15.27
-39.51
16.56
15.28
-39.54
15.58
15.22
-39.51
14.69
15.11
-39.48
13.94
14.91
-39.47
13.44
14.61
-39.49
26.12
14.78
-41.02
25.40
14.88
-40.92
24.45
14.94
-40.71
23.45
15.08
-40.76
22.48
15.14
-40.74
21.48
15.16
-40.69
20.42
15.20
-40.62
19.28
15.38
-40.55
18.41
15.49
-40.28
17.58
15.49
-40.23
16.72
15.36
-40.41
15.63
15.17
-40.27
14.70
15.02
-40.18
13.97
14.85
-40.12
13.48
14.59
-40.09
27.93
14.76
-42.06
27.32
14.89
-41.92
26.44
14.98
-41.66
25.45
15.14
-41.67
24.48
15.22
-41.61
23.49
15.27
-41.59
22.51
15.25
-41.57
21.52
15.19
-41.53
20.42
15.12
-41.55
19.28
15.24
-41.33
18.44
15.16
-41.54
17.62
15.17
-41.43
16.75
15.01
-41.19
15.61
14.83
-40.90
14.69
14.71
-40.73
13.98
14.61
-40.60
13.57
14.51
-40.48
28.63
14.60
-42.87
28.13
14.82
-42.66
27.33
15.07
-42.65
26.44
15.23
-42.58
25.48
15.35
-42.55
24.50
15.40
-42.51
23.53
15.36
-42.49
22.56
15.22
-42.47
21.65
15.06
-42.34
20.85
14.89
-42.29
18.20
14.80
-41.84
17.65
14.76
-41.76
17.11
14.70
-41.63
28.64
14.60
-43.42
28.09
14.88
-43.46
27.33
15.15
-43.49
26.44
15.36
-43.51
25.49
15.51
-43.49
24.52
15.53
-43.43
23.58
15.41
-43.43
22.60
15.07
-43.48
21.70
14.79
-43.05
21.07
14.66
-42.79
28.59
14.56
-43.93
28.11
14.75
-44.25
27.34
15.10
-44.34
26.47
15.41
-44.49
25.49
15.67
-44.51
24.55
15.69
-44.31
23.73
15.56
-44.32
23.04
15.18
-44.57
27.88
14.70
-44.88
27.35
14.96
-45.14
26.60
15.40
-45.61
25.84
15.71
-45.27
23.14
15.16
-45.45
27.54
16.01
-47.38
27.22
15.83
-47.18
26.78
15.44
-46.78
26.65
15.14
-47.05
23.48
14.96
-46.52
23.31
15.22
-46.18
27.71
15.80
-47.66
27.34
15.53
-47.48
26.90
15.28
-47.30
26.67
15.07
-47.32
24.42
15.20
-47.52
23.80
15.19
-46.92
23.50
15.41
-46.60
28.57
15.10
-48.56
28.04
15.33
-48.09
27.49
15.14
-47.75
26.99
15.05
-47.57
26.72
15.00
-47.51
24.90
15.20
-48.13
28.60
15.03
-48.85
28.12
15.11
-48.96
27.41
15.17
-48.99
26.63
15.20
-48.93
25.90
15.20
-48.80
25.34
15.18
-48.57
18.82
15.56
-40.79
18.32
15.61
-40.73
17.69
15.60
-40.71
17.18
15.54
-40.73
18.82
15.50
-41.09
18.32
15.51
-41.13
17.70
15.50
-41.09
17.19
15.42
-41.03
25.14
15.87
-45.07
24.51
15.87
-45.01
23.85
15.77
-45.00
23.39
15.58
-45.05
26.17
15.87
-46.05
25.44
15.95
-45.73
24.60
15.98
-45.71
23.91
15.87
-45.65
23.43
15.62
-45.59
27.55
16.29
-47.39
27.16
16.24
-47.15
26.49
16.12
-46.87
25.52
16.10
-46.61
24.66
15.99
-46.48
23.96
15.86
-46.30
23.51
15.65
-46.18
27.76
16.19
-47.73
26.39
16.33
-47.49
25.58
16.12
-47.39
24.71
15.79
-47.28
23.96
15.68
-46.80
23.59
15.64
-46.56
28.36
15.56
-48.57
27.91
15.94
-48.25
27.34
16.18
-48.30
26.62
16.23
-48.11
25.78
16.00
-48.08
25.16
15.69
-48.04
28.39
15.47
-48.77
28.00
15.62
-48.73
27.36
15.75
-48.72
26.61
15.77
-48.65
25.89
15.69
-48.57
25.41
15.57
-48.47
27.54
16.51
-47.42
27.26
16.53
-47.32
26.90
16.48
-47.22
27.63
16.50
-47.66
27.33
16.61
-47.61
26.91
16.56
-47.54
27.69
16.40
-47.96
27.36
16.51
-47.95
26.98
16.52
-47.89